0	1	<epsilon>	d
1	2	<epsilon>	o
2	3	<epsilon>	m
3	4	<epsilon>	a
4	5	<epsilon>	i
5	6	<epsilon>	n
6	7	<epsilon>	:
7	8	<epsilon>	<space>
8	9	<epsilon>	"
9	10	0	0
9	11	1	1
9	12	2	2
9	10	3	3
9	10	4	4
9	10	5	5
9	10	6	6
9	10	7	7
9	10	8	8
9	10	9	9
9	14	:	:
9	13	A	A
9	13	B	B
9	13	C	C
9	13	D	D
9	13	E	E
9	13	F	F
9	13	a	a
9	13	b	b
9	13	c	c
9	13	d	d
9	13	e	e
9	13	f	f
10	16	.	.
10	15	0	0
10	15	1	1
10	15	2	2
10	15	3	3
10	15	4	4
10	15	5	5
10	15	6	6
10	15	7	7
10	15	8	8
10	15	9	9
10	18	:	:
10	17	A	A
10	17	B	B
10	17	C	C
10	17	D	D
10	17	E	E
10	17	F	F
10	17	a	a
10	17	b	b
10	17	c	c
10	17	d	d
10	17	e	e
10	17	f	f
11	16	.	.
11	19	0	0
11	19	1	1
11	19	2	2
11	19	3	3
11	19	4	4
11	19	5	5
11	19	6	6
11	19	7	7
11	19	8	8
11	19	9	9
11	18	:	:
11	17	A	A
11	17	B	B
11	17	C	C
11	17	D	D
11	17	E	E
11	17	F	F
11	17	a	a
11	17	b	b
11	17	c	c
11	17	d	d
11	17	e	e
11	17	f	f
12	16	.	.
12	19	0	0
12	19	1	1
12	19	2	2
12	19	3	3
12	19	4	4
12	20	5	5
12	15	6	6
12	15	7	7
12	15	8	8
12	15	9	9
12	18	:	:
12	17	A	A
12	17	B	B
12	17	C	C
12	17	D	D
12	17	E	E
12	17	F	F
12	17	a	a
12	17	b	b
12	17	c	c
12	17	d	d
12	17	e	e
12	17	f	f
13	17	0	0
13	17	1	1
13	17	2	2
13	17	3	3
13	17	4	4
13	17	5	5
13	17	6	6
13	17	7	7
13	17	8	8
13	17	9	9
13	18	:	:
13	17	A	A
13	17	B	B
13	17	C	C
13	17	D	D
13	17	E	E
13	17	F	F
13	17	a	a
13	17	b	b
13	17	c	c
13	17	d	d
13	17	e	e
13	17	f	f
14	21	:	:
15	24	-	-
15	16	.	.
15	22	0	0
15	22	1	1
15	22	2	2
15	22	3	3
15	22	4	4
15	22	5	5
15	22	6	6
15	22	7	7
15	22	8	8
15	22	9	9
15	23	:	:
15	22	A	A
15	22	B	B
15	22	C	C
15	22	D	D
15	22	E	E
15	22	F	F
15	22	a	a
15	22	b	b
15	22	c	c
15	22	d	d
15	22	e	e
15	22	f	f
16	25	0	0
16	26	1	1
16	27	2	2
16	25	3	3
16	25	4	4
16	25	5	5
16	25	6	6
16	25	7	7
16	25	8	8
16	25	9	9
17	24	-	-
17	22	0	0
17	22	1	1
17	22	2	2
17	22	3	3
17	22	4	4
17	22	5	5
17	22	6	6
17	22	7	7
17	22	8	8
17	22	9	9
17	23	:	:
17	22	A	A
17	22	B	B
17	22	C	C
17	22	D	D
17	22	E	E
17	22	F	F
17	22	a	a
17	22	b	b
17	22	c	c
17	22	d	d
17	22	e	e
17	22	f	f
18	28	0	0
18	28	1	1
18	28	2	2
18	28	3	3
18	28	4	4
18	28	5	5
18	28	6	6
18	28	7	7
18	28	8	8
18	28	9	9
18	21	:	:
18	28	A	A
18	28	B	B
18	28	C	C
18	28	D	D
18	28	E	E
18	28	F	F
18	28	a	a
18	28	b	b
18	28	c	c
18	28	d	d
18	28	e	e
18	28	f	f
19	24	-	-
19	16	.	.
19	29	0	0
19	29	1	1
19	29	2	2
19	29	3	3
19	29	4	4
19	29	5	5
19	29	6	6
19	29	7	7
19	29	8	8
19	29	9	9
19	23	:	:
19	22	A	A
19	22	B	B
19	22	C	C
19	22	D	D
19	22	E	E
19	22	F	F
19	22	a	a
19	22	b	b
19	22	c	c
19	22	d	d
19	22	e	e
19	22	f	f
20	24	-	-
20	16	.	.
20	29	0	0
20	29	1	1
20	29	2	2
20	29	3	3
20	29	4	4
20	29	5	5
20	22	6	6
20	22	7	7
20	22	8	8
20	22	9	9
20	23	:	:
20	22	A	A
20	22	B	B
20	22	C	C
20	22	D	D
20	22	E	E
20	22	F	F
20	22	a	a
20	22	b	b
20	22	c	c
20	22	d	d
20	22	e	e
20	22	f	f
21	30	<epsilon>	"
21	32	/	/
21	31	0	0
21	31	1	1
21	31	2	2
21	31	3	3
21	31	4	4
21	31	5	5
21	31	6	6
21	31	7	7
21	31	8	8
21	31	9	9
21	31	A	A
21	31	B	B
21	31	C	C
21	31	D	D
21	31	E	E
21	31	F	F
21	31	a	a
21	31	b	b
21	31	c	c
21	31	d	d
21	31	e	e
21	31	f	f
22	33	0	0
22	33	1	1
22	33	2	2
22	33	3	3
22	33	4	4
22	33	5	5
22	33	6	6
22	33	7	7
22	33	8	8
22	33	9	9
22	18	:	:
22	33	A	A
22	33	B	B
22	33	C	C
22	33	D	D
22	33	E	E
22	33	F	F
22	33	a	a
22	33	b	b
22	33	c	c
22	33	d	d
22	33	e	e
22	33	f	f
23	34	0	0
23	34	1	1
23	34	2	2
23	34	3	3
23	34	4	4
23	34	5	5
23	34	6	6
23	34	7	7
23	34	8	8
23	34	9	9
23	21	:	:
23	34	A	A
23	34	B	B
23	34	C	C
23	34	D	D
23	34	E	E
23	34	F	F
23	34	a	a
23	34	b	b
23	34	c	c
23	34	d	d
23	34	e	e
23	34	f	f
24	35	0	0
24	35	1	1
24	35	2	2
24	35	3	3
24	35	4	4
24	35	5	5
24	35	6	6
24	35	7	7
24	35	8	8
24	35	9	9
24	35	A	A
24	35	B	B
24	35	C	C
24	35	D	D
24	35	E	E
24	35	F	F
24	35	a	a
24	35	b	b
24	35	c	c
24	35	d	d
24	35	e	e
24	35	f	f
25	37	.	.
25	36	0	0
25	36	1	1
25	36	2	2
25	36	3	3
25	36	4	4
25	36	5	5
25	36	6	6
25	36	7	7
25	36	8	8
25	36	9	9
26	37	.	.
26	25	0	0
26	25	1	1
26	25	2	2
26	25	3	3
26	25	4	4
26	25	5	5
26	25	6	6
26	25	7	7
26	25	8	8
26	25	9	9
27	37	.	.
27	25	0	0
27	25	1	1
27	25	2	2
27	25	3	3
27	25	4	4
27	38	5	5
27	36	6	6
27	36	7	7
27	36	8	8
27	36	9	9
28	39	0	0
28	39	1	1
28	39	2	2
28	39	3	3
28	39	4	4
28	39	5	5
28	39	6	6
28	39	7	7
28	39	8	8
28	39	9	9
28	40	:	:
28	39	A	A
28	39	B	B
28	39	C	C
28	39	D	D
28	39	E	E
28	39	F	F
28	39	a	a
28	39	b	b
28	39	c	c
28	39	d	d
28	39	e	e
28	39	f	f
29	16	.	.
29	33	0	0
29	33	1	1
29	33	2	2
29	33	3	3
29	33	4	4
29	33	5	5
29	33	6	6
29	33	7	7
29	33	8	8
29	33	9	9
29	18	:	:
29	33	A	A
29	33	B	B
29	33	C	C
29	33	D	D
29	33	E	E
29	33	F	F
29	33	a	a
29	33	b	b
29	33	c	c
29	33	d	d
29	33	e	e
29	33	f	f
30	41	<epsilon>	<space>
31	30	<epsilon>	"
31	32	/	/
31	42	0	0
31	42	1	1
31	42	2	2
31	42	3	3
31	42	4	4
31	42	5	5
31	42	6	6
31	42	7	7
31	42	8	8
31	42	9	9
31	43	:	:
31	42	A	A
31	42	B	B
31	42	C	C
31	42	D	D
31	42	E	E
31	42	F	F
31	42	a	a
31	42	b	b
31	42	c	c
31	42	d	d
31	42	e	e
31	42	f	f
32	44	0	0
32	44	1	1
32	44	2	2
32	44	3	3
32	44	4	4
32	44	5	5
32	44	6	6
32	44	7	7
32	44	8	8
32	44	9	9
33	18	:	:
34	45	0	0
34	45	1	1
34	45	2	2
34	45	3	3
34	45	4	4
34	45	5	5
34	45	6	6
34	45	7	7
34	45	8	8
34	45	9	9
34	40	:	:
34	45	A	A
34	45	B	B
34	45	C	C
34	45	D	D
34	45	E	E
34	45	F	F
34	45	a	a
34	45	b	b
34	45	c	c
34	45	d	d
34	45	e	e
34	45	f	f
35	46	0	0
35	46	1	1
35	46	2	2
35	46	3	3
35	46	4	4
35	46	5	5
35	46	6	6
35	46	7	7
35	46	8	8
35	46	9	9
35	46	A	A
35	46	B	B
35	46	C	C
35	46	D	D
35	46	E	E
35	46	F	F
35	46	a	a
35	46	b	b
35	46	c	c
35	46	d	d
35	46	e	e
35	46	f	f
36	37	.	.
37	47	0	0
37	48	1	1
37	49	2	2
37	47	3	3
37	47	4	4
37	47	5	5
37	47	6	6
37	47	7	7
37	47	8	8
37	47	9	9
38	37	.	.
38	36	0	0
38	36	1	1
38	36	2	2
38	36	3	3
38	36	4	4
38	36	5	5
39	50	0	0
39	50	1	1
39	50	2	2
39	50	3	3
39	50	4	4
39	50	5	5
39	50	6	6
39	50	7	7
39	50	8	8
39	50	9	9
39	40	:	:
39	50	A	A
39	50	B	B
39	50	C	C
39	50	D	D
39	50	E	E
39	50	F	F
39	50	a	a
39	50	b	b
39	50	c	c
39	50	d	d
39	50	e	e
39	50	f	f
40	51	0	0
40	51	1	1
40	51	2	2
40	51	3	3
40	51	4	4
40	51	5	5
40	51	6	6
40	51	7	7
40	51	8	8
40	51	9	9
40	21	:	:
40	51	A	A
40	51	B	B
40	51	C	C
40	51	D	D
40	51	E	E
40	51	F	F
40	51	a	a
40	51	b	b
40	51	c	c
40	51	d	d
40	51	e	e
40	51	f	f
41
42	30	<epsilon>	"
42	32	/	/
42	52	0	0
42	52	1	1
42	52	2	2
42	52	3	3
42	52	4	4
42	52	5	5
42	52	6	6
42	52	7	7
42	52	8	8
42	52	9	9
42	43	:	:
42	52	A	A
42	52	B	B
42	52	C	C
42	52	D	D
42	52	E	E
42	52	F	F
42	52	a	a
42	52	b	b
42	52	c	c
42	52	d	d
42	52	e	e
42	52	f	f
43	31	0	0
43	31	1	1
43	31	2	2
43	31	3	3
43	31	4	4
43	31	5	5
43	31	6	6
43	31	7	7
43	31	8	8
43	31	9	9
43	31	A	A
43	31	B	B
43	31	C	C
43	31	D	D
43	31	E	E
43	31	F	F
43	31	a	a
43	31	b	b
43	31	c	c
43	31	d	d
43	31	e	e
43	31	f	f
44	30	<epsilon>	"
44	44	0	0
44	44	1	1
44	44	2	2
44	44	3	3
44	44	4	4
44	44	5	5
44	44	6	6
44	44	7	7
44	44	8	8
44	44	9	9
45	54	-	-
45	50	0	0
45	50	1	1
45	50	2	2
45	50	3	3
45	50	4	4
45	50	5	5
45	50	6	6
45	50	7	7
45	50	8	8
45	50	9	9
45	53	:	:
45	50	A	A
45	50	B	B
45	50	C	C
45	50	D	D
45	50	E	E
45	50	F	F
45	50	a	a
45	50	b	b
45	50	c	c
45	50	d	d
45	50	e	e
45	50	f	f
46	54	-	-
46	54	:	:
47	56	.	.
47	55	0	0
47	55	1	1
47	55	2	2
47	55	3	3
47	55	4	4
47	55	5	5
47	55	6	6
47	55	7	7
47	55	8	8
47	55	9	9
48	56	.	.
48	47	0	0
48	47	1	1
48	47	2	2
48	47	3	3
48	47	4	4
48	47	5	5
48	47	6	6
48	47	7	7
48	47	8	8
48	47	9	9
49	56	.	.
49	47	0	0
49	47	1	1
49	47	2	2
49	47	3	3
49	47	4	4
49	57	5	5
49	55	6	6
49	55	7	7
49	55	8	8
49	55	9	9
50	58	0	0
50	58	1	1
50	58	2	2
50	58	3	3
50	58	4	4
50	58	5	5
50	58	6	6
50	58	7	7
50	58	8	8
50	58	9	9
50	40	:	:
50	58	A	A
50	58	B	B
50	58	C	C
50	58	D	D
50	58	E	E
50	58	F	F
50	58	a	a
50	58	b	b
50	58	c	c
50	58	d	d
50	58	e	e
50	58	f	f
51	59	0	0
51	59	1	1
51	59	2	2
51	59	3	3
51	59	4	4
51	59	5	5
51	59	6	6
51	59	7	7
51	59	8	8
51	59	9	9
51	60	:	:
51	59	A	A
51	59	B	B
51	59	C	C
51	59	D	D
51	59	E	E
51	59	F	F
51	59	a	a
51	59	b	b
51	59	c	c
51	59	d	d
51	59	e	e
51	59	f	f
52	30	<epsilon>	"
52	32	/	/
52	61	0	0
52	61	1	1
52	61	2	2
52	61	3	3
52	61	4	4
52	61	5	5
52	61	6	6
52	61	7	7
52	61	8	8
52	61	9	9
52	43	:	:
52	61	A	A
52	61	B	B
52	61	C	C
52	61	D	D
52	61	E	E
52	61	F	F
52	61	a	a
52	61	b	b
52	61	c	c
52	61	d	d
52	61	e	e
52	61	f	f
53	62	0	0
53	62	1	1
53	62	2	2
53	62	3	3
53	62	4	4
53	62	5	5
53	62	6	6
53	62	7	7
53	62	8	8
53	62	9	9
53	21	:	:
53	62	A	A
53	62	B	B
53	62	C	C
53	62	D	D
53	62	E	E
53	62	F	F
53	62	a	a
53	62	b	b
53	62	c	c
53	62	d	d
53	62	e	e
53	62	f	f
54	63	0	0
54	63	1	1
54	63	2	2
54	63	3	3
54	63	4	4
54	63	5	5
54	63	6	6
54	63	7	7
54	63	8	8
54	63	9	9
54	63	A	A
54	63	B	B
54	63	C	C
54	63	D	D
54	63	E	E
54	63	F	F
54	63	a	a
54	63	b	b
54	63	c	c
54	63	d	d
54	63	e	e
54	63	f	f
55	56	.	.
56	64	0	0
56	65	1	1
56	66	2	2
56	64	3	3
56	64	4	4
56	64	5	5
56	64	6	6
56	64	7	7
56	64	8	8
56	64	9	9
57	56	.	.
57	55	0	0
57	55	1	1
57	55	2	2
57	55	3	3
57	55	4	4
57	55	5	5
58	40	:	:
59	67	0	0
59	67	1	1
59	67	2	2
59	67	3	3
59	67	4	4
59	67	5	5
59	67	6	6
59	67	7	7
59	67	8	8
59	67	9	9
59	60	:	:
59	67	A	A
59	67	B	B
59	67	C	C
59	67	D	D
59	67	E	E
59	67	F	F
59	67	a	a
59	67	b	b
59	67	c	c
59	67	d	d
59	67	e	e
59	67	f	f
60	68	0	0
60	68	1	1
60	68	2	2
60	68	3	3
60	68	4	4
60	68	5	5
60	68	6	6
60	68	7	7
60	68	8	8
60	68	9	9
60	21	:	:
60	68	A	A
60	68	B	B
60	68	C	C
60	68	D	D
60	68	E	E
60	68	F	F
60	68	a	a
60	68	b	b
60	68	c	c
60	68	d	d
60	68	e	e
60	68	f	f
61	30	<epsilon>	"
61	32	/	/
61	43	:	:
62	69	0	0
62	69	1	1
62	69	2	2
62	69	3	3
62	69	4	4
62	69	5	5
62	69	6	6
62	69	7	7
62	69	8	8
62	69	9	9
62	60	:	:
62	69	A	A
62	69	B	B
62	69	C	C
62	69	D	D
62	69	E	E
62	69	F	F
62	69	a	a
62	69	b	b
62	69	c	c
62	69	d	d
62	69	e	e
62	69	f	f
63	70	0	0
63	70	1	1
63	70	2	2
63	70	3	3
63	70	4	4
63	70	5	5
63	70	6	6
63	70	7	7
63	70	8	8
63	70	9	9
63	70	A	A
63	70	B	B
63	70	C	C
63	70	D	D
63	70	E	E
63	70	F	F
63	70	a	a
63	70	b	b
63	70	c	c
63	70	d	d
63	70	e	e
63	70	f	f
64	30	<epsilon>	"
64	32	/	/
64	71	0	0
64	71	1	1
64	71	2	2
64	71	3	3
64	71	4	4
64	71	5	5
64	71	6	6
64	71	7	7
64	71	8	8
64	71	9	9
65	30	<epsilon>	"
65	32	/	/
65	64	0	0
65	64	1	1
65	64	2	2
65	64	3	3
65	64	4	4
65	64	5	5
65	64	6	6
65	64	7	7
65	64	8	8
65	64	9	9
66	30	<epsilon>	"
66	32	/	/
66	64	0	0
66	64	1	1
66	64	2	2
66	64	3	3
66	64	4	4
66	72	5	5
66	71	6	6
66	71	7	7
66	71	8	8
66	71	9	9
67	73	0	0
67	73	1	1
67	73	2	2
67	73	3	3
67	73	4	4
67	73	5	5
67	73	6	6
67	73	7	7
67	73	8	8
67	73	9	9
67	60	:	:
67	73	A	A
67	73	B	B
67	73	C	C
67	73	D	D
67	73	E	E
67	73	F	F
67	73	a	a
67	73	b	b
67	73	c	c
67	73	d	d
67	73	e	e
67	73	f	f
68	74	0	0
68	74	1	1
68	74	2	2
68	74	3	3
68	74	4	4
68	74	5	5
68	74	6	6
68	74	7	7
68	74	8	8
68	74	9	9
68	75	:	:
68	74	A	A
68	74	B	B
68	74	C	C
68	74	D	D
68	74	E	E
68	74	F	F
68	74	a	a
68	74	b	b
68	74	c	c
68	74	d	d
68	74	e	e
68	74	f	f
69	77	-	-
69	67	0	0
69	67	1	1
69	67	2	2
69	67	3	3
69	67	4	4
69	67	5	5
69	67	6	6
69	67	7	7
69	67	8	8
69	67	9	9
69	76	:	:
69	67	A	A
69	67	B	B
69	67	C	C
69	67	D	D
69	67	E	E
69	67	F	F
69	67	a	a
69	67	b	b
69	67	c	c
69	67	d	d
69	67	e	e
69	67	f	f
70	77	-	-
70	77	:	:
71	30	<epsilon>	"
71	32	/	/
72	30	<epsilon>	"
72	32	/	/
72	71	0	0
72	71	1	1
72	71	2	2
72	71	3	3
72	71	4	4
72	71	5	5
73	60	:	:
74	78	0	0
74	78	1	1
74	78	2	2
74	78	3	3
74	78	4	4
74	78	5	5
74	78	6	6
74	78	7	7
74	78	8	8
74	78	9	9
74	75	:	:
74	78	A	A
74	78	B	B
74	78	C	C
74	78	D	D
74	78	E	E
74	78	F	F
74	78	a	a
74	78	b	b
74	78	c	c
74	78	d	d
74	78	e	e
74	78	f	f
75	79	0	0
75	79	1	1
75	79	2	2
75	79	3	3
75	79	4	4
75	79	5	5
75	79	6	6
75	79	7	7
75	79	8	8
75	79	9	9
75	21	:	:
75	79	A	A
75	79	B	B
75	79	C	C
75	79	D	D
75	79	E	E
75	79	F	F
75	79	a	a
75	79	b	b
75	79	c	c
75	79	d	d
75	79	e	e
75	79	f	f
76	80	0	0
76	80	1	1
76	80	2	2
76	80	3	3
76	80	4	4
76	80	5	5
76	80	6	6
76	80	7	7
76	80	8	8
76	80	9	9
76	21	:	:
76	80	A	A
76	80	B	B
76	80	C	C
76	80	D	D
76	80	E	E
76	80	F	F
76	80	a	a
76	80	b	b
76	80	c	c
76	80	d	d
76	80	e	e
76	80	f	f
77	81	0	0
77	81	1	1
77	81	2	2
77	81	3	3
77	81	4	4
77	81	5	5
77	81	6	6
77	81	7	7
77	81	8	8
77	81	9	9
77	81	A	A
77	81	B	B
77	81	C	C
77	81	D	D
77	81	E	E
77	81	F	F
77	81	a	a
77	81	b	b
77	81	c	c
77	81	d	d
77	81	e	e
77	81	f	f
78	82	0	0
78	82	1	1
78	82	2	2
78	82	3	3
78	82	4	4
78	82	5	5
78	82	6	6
78	82	7	7
78	82	8	8
78	82	9	9
78	75	:	:
78	82	A	A
78	82	B	B
78	82	C	C
78	82	D	D
78	82	E	E
78	82	F	F
78	82	a	a
78	82	b	b
78	82	c	c
78	82	d	d
78	82	e	e
78	82	f	f
79	83	0	0
79	83	1	1
79	83	2	2
79	83	3	3
79	83	4	4
79	83	5	5
79	83	6	6
79	83	7	7
79	83	8	8
79	83	9	9
79	84	:	:
79	83	A	A
79	83	B	B
79	83	C	C
79	83	D	D
79	83	E	E
79	83	F	F
79	83	a	a
79	83	b	b
79	83	c	c
79	83	d	d
79	83	e	e
79	83	f	f
80	85	0	0
80	85	1	1
80	85	2	2
80	85	3	3
80	85	4	4
80	85	5	5
80	85	6	6
80	85	7	7
80	85	8	8
80	85	9	9
80	75	:	:
80	85	A	A
80	85	B	B
80	85	C	C
80	85	D	D
80	85	E	E
80	85	F	F
80	85	a	a
80	85	b	b
80	85	c	c
80	85	d	d
80	85	e	e
80	85	f	f
81	86	0	0
81	86	1	1
81	86	2	2
81	86	3	3
81	86	4	4
81	86	5	5
81	86	6	6
81	86	7	7
81	86	8	8
81	86	9	9
81	86	A	A
81	86	B	B
81	86	C	C
81	86	D	D
81	86	E	E
81	86	F	F
81	86	a	a
81	86	b	b
81	86	c	c
81	86	d	d
81	86	e	e
81	86	f	f
82	75	:	:
83	87	0	0
83	87	1	1
83	87	2	2
83	87	3	3
83	87	4	4
83	87	5	5
83	87	6	6
83	87	7	7
83	87	8	8
83	87	9	9
83	84	:	:
83	87	A	A
83	87	B	B
83	87	C	C
83	87	D	D
83	87	E	E
83	87	F	F
83	87	a	a
83	87	b	b
83	87	c	c
83	87	d	d
83	87	e	e
83	87	f	f
84	88	0	0
84	88	1	1
84	88	2	2
84	88	3	3
84	88	4	4
84	88	5	5
84	88	6	6
84	88	7	7
84	88	8	8
84	88	9	9
84	21	:	:
84	88	A	A
84	88	B	B
84	88	C	C
84	88	D	D
84	88	E	E
84	88	F	F
84	88	a	a
84	88	b	b
84	88	c	c
84	88	d	d
84	88	e	e
84	88	f	f
85	90	-	-
85	78	0	0
85	78	1	1
85	78	2	2
85	78	3	3
85	78	4	4
85	78	5	5
85	78	6	6
85	78	7	7
85	78	8	8
85	78	9	9
85	89	:	:
85	78	A	A
85	78	B	B
85	78	C	C
85	78	D	D
85	78	E	E
85	78	F	F
85	78	a	a
85	78	b	b
85	78	c	c
85	78	d	d
85	78	e	e
85	78	f	f
86	90	-	-
86	90	:	:
87	91	0	0
87	91	1	1
87	91	2	2
87	91	3	3
87	91	4	4
87	91	5	5
87	91	6	6
87	91	7	7
87	91	8	8
87	91	9	9
87	84	:	:
87	91	A	A
87	91	B	B
87	91	C	C
87	91	D	D
87	91	E	E
87	91	F	F
87	91	a	a
87	91	b	b
87	91	c	c
87	91	d	d
87	91	e	e
87	91	f	f
88	92	0	0
88	92	1	1
88	92	2	2
88	92	3	3
88	92	4	4
88	92	5	5
88	92	6	6
88	92	7	7
88	92	8	8
88	92	9	9
88	93	:	:
88	92	A	A
88	92	B	B
88	92	C	C
88	92	D	D
88	92	E	E
88	92	F	F
88	92	a	a
88	92	b	b
88	92	c	c
88	92	d	d
88	92	e	e
88	92	f	f
89	94	0	0
89	94	1	1
89	94	2	2
89	94	3	3
89	94	4	4
89	94	5	5
89	94	6	6
89	94	7	7
89	94	8	8
89	94	9	9
89	21	:	:
89	94	A	A
89	94	B	B
89	94	C	C
89	94	D	D
89	94	E	E
89	94	F	F
89	94	a	a
89	94	b	b
89	94	c	c
89	94	d	d
89	94	e	e
89	94	f	f
90	95	0	0
90	95	1	1
90	95	2	2
90	95	3	3
90	95	4	4
90	95	5	5
90	95	6	6
90	95	7	7
90	95	8	8
90	95	9	9
90	95	A	A
90	95	B	B
90	95	C	C
90	95	D	D
90	95	E	E
90	95	F	F
90	95	a	a
90	95	b	b
90	95	c	c
90	95	d	d
90	95	e	e
90	95	f	f
91	84	:	:
92	96	0	0
92	96	1	1
92	96	2	2
92	96	3	3
92	96	4	4
92	96	5	5
92	96	6	6
92	96	7	7
92	96	8	8
92	96	9	9
92	93	:	:
92	96	A	A
92	96	B	B
92	96	C	C
92	96	D	D
92	96	E	E
92	96	F	F
92	96	a	a
92	96	b	b
92	96	c	c
92	96	d	d
92	96	e	e
92	96	f	f
93	97	0	0
93	97	1	1
93	97	2	2
93	97	3	3
93	97	4	4
93	97	5	5
93	97	6	6
93	97	7	7
93	97	8	8
93	97	9	9
93	21	:	:
93	97	A	A
93	97	B	B
93	97	C	C
93	97	D	D
93	97	E	E
93	97	F	F
93	97	a	a
93	97	b	b
93	97	c	c
93	97	d	d
93	97	e	e
93	97	f	f
94	98	0	0
94	98	1	1
94	98	2	2
94	98	3	3
94	98	4	4
94	98	5	5
94	98	6	6
94	98	7	7
94	98	8	8
94	98	9	9
94	84	:	:
94	98	A	A
94	98	B	B
94	98	C	C
94	98	D	D
94	98	E	E
94	98	F	F
94	98	a	a
94	98	b	b
94	98	c	c
94	98	d	d
94	98	e	e
94	98	f	f
95	99	0	0
95	99	1	1
95	99	2	2
95	99	3	3
95	99	4	4
95	99	5	5
95	99	6	6
95	99	7	7
95	99	8	8
95	99	9	9
95	99	A	A
95	99	B	B
95	99	C	C
95	99	D	D
95	99	E	E
95	99	F	F
95	99	a	a
95	99	b	b
95	99	c	c
95	99	d	d
95	99	e	e
95	99	f	f
96	100	0	0
96	100	1	1
96	100	2	2
96	100	3	3
96	100	4	4
96	100	5	5
96	100	6	6
96	100	7	7
96	100	8	8
96	100	9	9
96	93	:	:
96	100	A	A
96	100	B	B
96	100	C	C
96	100	D	D
96	100	E	E
96	100	F	F
96	100	a	a
96	100	b	b
96	100	c	c
96	100	d	d
96	100	e	e
96	100	f	f
97	101	0	0
97	101	1	1
97	101	2	2
97	101	3	3
97	101	4	4
97	101	5	5
97	101	6	6
97	101	7	7
97	101	8	8
97	101	9	9
97	102	:	:
97	101	A	A
97	101	B	B
97	101	C	C
97	101	D	D
97	101	E	E
97	101	F	F
97	101	a	a
97	101	b	b
97	101	c	c
97	101	d	d
97	101	e	e
97	101	f	f
98	104	-	-
98	87	0	0
98	87	1	1
98	87	2	2
98	87	3	3
98	87	4	4
98	87	5	5
98	87	6	6
98	87	7	7
98	87	8	8
98	87	9	9
98	103	:	:
98	87	A	A
98	87	B	B
98	87	C	C
98	87	D	D
98	87	E	E
98	87	F	F
98	87	a	a
98	87	b	b
98	87	c	c
98	87	d	d
98	87	e	e
98	87	f	f
99	104	-	-
99	104	:	:
100	93	:	:
101	105	0	0
101	105	1	1
101	105	2	2
101	105	3	3
101	105	4	4
101	105	5	5
101	105	6	6
101	105	7	7
101	105	8	8
101	105	9	9
101	102	:	:
101	105	A	A
101	105	B	B
101	105	C	C
101	105	D	D
101	105	E	E
101	105	F	F
101	105	a	a
101	105	b	b
101	105	c	c
101	105	d	d
101	105	e	e
101	105	f	f
102	106	0	0
102	106	1	1
102	106	2	2
102	106	3	3
102	106	4	4
102	106	5	5
102	106	6	6
102	106	7	7
102	106	8	8
102	106	9	9
102	21	:	:
102	106	A	A
102	106	B	B
102	106	C	C
102	106	D	D
102	106	E	E
102	106	F	F
102	106	a	a
102	106	b	b
102	106	c	c
102	106	d	d
102	106	e	e
102	106	f	f
103	107	0	0
103	107	1	1
103	107	2	2
103	107	3	3
103	107	4	4
103	107	5	5
103	107	6	6
103	107	7	7
103	107	8	8
103	107	9	9
103	21	:	:
103	107	A	A
103	107	B	B
103	107	C	C
103	107	D	D
103	107	E	E
103	107	F	F
103	107	a	a
103	107	b	b
103	107	c	c
103	107	d	d
103	107	e	e
103	107	f	f
104	108	0	0
104	108	1	1
104	108	2	2
104	108	3	3
104	108	4	4
104	108	5	5
104	108	6	6
104	108	7	7
104	108	8	8
104	108	9	9
104	108	A	A
104	108	B	B
104	108	C	C
104	108	D	D
104	108	E	E
104	108	F	F
104	108	a	a
104	108	b	b
104	108	c	c
104	108	d	d
104	108	e	e
104	108	f	f
105	109	0	0
105	109	1	1
105	109	2	2
105	109	3	3
105	109	4	4
105	109	5	5
105	109	6	6
105	109	7	7
105	109	8	8
105	109	9	9
105	102	:	:
105	109	A	A
105	109	B	B
105	109	C	C
105	109	D	D
105	109	E	E
105	109	F	F
105	109	a	a
105	109	b	b
105	109	c	c
105	109	d	d
105	109	e	e
105	109	f	f
106	30	<epsilon>	"
106	32	/	/
106	110	0	0
106	110	1	1
106	110	2	2
106	110	3	3
106	110	4	4
106	110	5	5
106	110	6	6
106	110	7	7
106	110	8	8
106	110	9	9
106	111	:	:
106	110	A	A
106	110	B	B
106	110	C	C
106	110	D	D
106	110	E	E
106	110	F	F
106	110	a	a
106	110	b	b
106	110	c	c
106	110	d	d
106	110	e	e
106	110	f	f
107	112	0	0
107	112	1	1
107	112	2	2
107	112	3	3
107	112	4	4
107	112	5	5
107	112	6	6
107	112	7	7
107	112	8	8
107	112	9	9
107	93	:	:
107	112	A	A
107	112	B	B
107	112	C	C
107	112	D	D
107	112	E	E
107	112	F	F
107	112	a	a
107	112	b	b
107	112	c	c
107	112	d	d
107	112	e	e
107	112	f	f
108	113	0	0
108	113	1	1
108	113	2	2
108	113	3	3
108	113	4	4
108	113	5	5
108	113	6	6
108	113	7	7
108	113	8	8
108	113	9	9
108	113	A	A
108	113	B	B
108	113	C	C
108	113	D	D
108	113	E	E
108	113	F	F
108	113	a	a
108	113	b	b
108	113	c	c
108	113	d	d
108	113	e	e
108	113	f	f
109	102	:	:
110	30	<epsilon>	"
110	32	/	/
110	114	0	0
110	114	1	1
110	114	2	2
110	114	3	3
110	114	4	4
110	114	5	5
110	114	6	6
110	114	7	7
110	114	8	8
110	114	9	9
110	111	:	:
110	114	A	A
110	114	B	B
110	114	C	C
110	114	D	D
110	114	E	E
110	114	F	F
110	114	a	a
110	114	b	b
110	114	c	c
110	114	d	d
110	114	e	e
110	114	f	f
111	115	0	0
111	115	1	1
111	115	2	2
111	115	3	3
111	115	4	4
111	115	5	5
111	115	6	6
111	115	7	7
111	115	8	8
111	115	9	9
111	21	:	:
111	115	A	A
111	115	B	B
111	115	C	C
111	115	D	D
111	115	E	E
111	115	F	F
111	115	a	a
111	115	b	b
111	115	c	c
111	115	d	d
111	115	e	e
111	115	f	f
112	30	<epsilon>	"
112	96	0	0
112	96	1	1
112	96	2	2
112	96	3	3
112	96	4	4
112	96	5	5
112	96	6	6
112	96	7	7
112	96	8	8
112	96	9	9
112	93	:	:
112	96	A	A
112	96	B	B
112	96	C	C
112	96	D	D
112	96	E	E
112	96	F	F
112	96	a	a
112	96	b	b
112	96	c	c
112	96	d	d
112	96	e	e
112	96	f	f
113	30	<epsilon>	"
114	30	<epsilon>	"
114	32	/	/
114	116	0	0
114	116	1	1
114	116	2	2
114	116	3	3
114	116	4	4
114	116	5	5
114	116	6	6
114	116	7	7
114	116	8	8
114	116	9	9
114	111	:	:
114	116	A	A
114	116	B	B
114	116	C	C
114	116	D	D
114	116	E	E
114	116	F	F
114	116	a	a
114	116	b	b
114	116	c	c
114	116	d	d
114	116	e	e
114	116	f	f
115	117	0	0
115	117	1	1
115	117	2	2
115	117	3	3
115	117	4	4
115	117	5	5
115	117	6	6
115	117	7	7
115	117	8	8
115	117	9	9
115	111	:	:
115	117	A	A
115	117	B	B
115	117	C	C
115	117	D	D
115	117	E	E
115	117	F	F
115	117	a	a
115	117	b	b
115	117	c	c
115	117	d	d
115	117	e	e
115	117	f	f
116	30	<epsilon>	"
116	32	/	/
116	111	:	:
117	118	0	0
117	118	1	1
117	118	2	2
117	118	3	3
117	118	4	4
117	118	5	5
117	118	6	6
117	118	7	7
117	118	8	8
117	118	9	9
117	111	:	:
117	118	A	A
117	118	B	B
117	118	C	C
117	118	D	D
117	118	E	E
117	118	F	F
117	118	a	a
117	118	b	b
117	118	c	c
117	118	d	d
117	118	e	e
117	118	f	f
118	119	0	0
118	119	1	1
118	119	2	2
118	119	3	3
118	119	4	4
118	119	5	5
118	119	6	6
118	119	7	7
118	119	8	8
118	119	9	9
118	111	:	:
118	119	A	A
118	119	B	B
118	119	C	C
118	119	D	D
118	119	E	E
118	119	F	F
118	119	a	a
118	119	b	b
118	119	c	c
118	119	d	d
118	119	e	e
118	119	f	f
119	111	:	:
