1	0	<epsilon>	a
1	1	<9>	<epsilon>
1	1	<10>	<epsilon>
1	1	<13>	<epsilon>
1	1	<space>	<epsilon>
0	2	<epsilon>	m
2	3	<epsilon>	o
3	4	<epsilon>	u
4	5	<epsilon>	n
5	6	<epsilon>	t
6	7	<epsilon>	<space>
7	8	<epsilon>	{
8	9	<epsilon>	<space>
9	10	<epsilon>	i
9	12	-	n
9	11	.	<epsilon>
10	13	<epsilon>	n
11	14	<epsilon>	f
12	15	<epsilon>	e
13	16	<epsilon>	t
14	17	<epsilon>	r
15	18	<epsilon>	g
16	19	<epsilon>	e
17	20	<epsilon>	a
18	21	<epsilon>	a
19	22	<epsilon>	g
20	23	<epsilon>	c
21	24	<epsilon>	t
22	25	<epsilon>	e
23	26	<epsilon>	t
24	27	<epsilon>	i
25	28	<epsilon>	r
26	29	<epsilon>	i
27	30	<epsilon>	v
28	31	<epsilon>	_
29	32	<epsilon>	o
30	33	<epsilon>	e
31	34	<epsilon>	p
32	35	<epsilon>	n
33	36	<epsilon>	:
34	37	<epsilon>	a
35	38	<epsilon>	a
36	39	<epsilon>	<space>
37	40	<epsilon>	r
38	41	<epsilon>	l
39	42	<epsilon>	t
40	43	<epsilon>	t
41	44	<epsilon>	_
42	45	<epsilon>	r
43	46	<epsilon>	:
44	47	<epsilon>	p
45	48	<epsilon>	u
46	49	<epsilon>	<space>
47	50	<epsilon>	a
48	51	<epsilon>	e
49	52	<epsilon>	"
50	53	<epsilon>	r
51	54	<epsilon>	<space>
52	55	0	0
52	56	1	1
52	56	2	2
52	56	3	3
52	56	4	4
52	56	5	5
52	56	6	6
52	56	7	7
52	56	8	8
52	56	9	9
53	57	<epsilon>	t
54	10	<epsilon>	i
54	11	.	<epsilon>
55	58	<epsilon>	"
56	58	<epsilon>	"
56	61	<space>	<epsilon>
56	62	,	<epsilon>
56	59	0	0
56	60	1	1
56	60	2	2
56	60	3	3
56	60	4	4
56	60	5	5
56	60	6	6
56	60	7	7
56	60	8	8
56	60	9	9
57	63	<epsilon>	:
58	64	<epsilon>	<space>
59	58	<epsilon>	"
59	61	<space>	<epsilon>
59	62	,	<epsilon>
59	65	0	0
59	66	1	1
59	66	2	2
59	66	3	3
59	66	4	4
59	66	5	5
59	66	6	6
59	66	7	7
59	66	8	8
59	66	9	9
60	58	<epsilon>	"
60	61	<space>	<epsilon>
60	62	,	<epsilon>
60	65	0	0
60	67	1	1
60	67	2	2
60	67	3	3
60	67	4	4
60	67	5	5
60	67	6	6
60	67	7	7
60	67	8	8
60	67	9	9
61	69	,	<epsilon>
61	68	0	0
61	68	1	1
61	68	2	2
61	68	3	3
61	68	4	4
61	68	5	5
61	68	6	6
61	68	7	7
61	68	8	8
61	68	9	9
62	71	<space>	<epsilon>
62	70	0	0
62	70	1	1
62	70	2	2
62	70	3	3
62	70	4	4
62	70	5	5
62	70	6	6
62	70	7	7
62	70	8	8
62	70	9	9
63	72	<epsilon>	<space>
64	73	<epsilon>	}
64	74	<space>	<space>
64	75	*	<space>
64	79	.	<epsilon>
64	76	E	<space>
64	76	e	<space>
64	75	x	<space>
64	77	<194>	<space>
64	78	<195>	<space>
65	58	<epsilon>	"
65	61	<space>	<epsilon>
65	62	,	<epsilon>
65	80	0	0
65	81	1	1
65	81	2	2
65	81	3	3
65	81	4	4
65	81	5	5
65	81	6	6
65	81	7	7
65	81	8	8
65	81	9	9
66	58	<epsilon>	"
66	61	<space>	<epsilon>
66	82	,	<epsilon>
66	81	0	0
66	81	1	1
66	81	2	2
66	81	3	3
66	81	4	4
66	81	5	5
66	81	6	6
66	81	7	7
66	81	8	8
66	81	9	9
67	58	<epsilon>	"
67	61	<space>	<epsilon>
67	62	,	<epsilon>
67	80	0	0
67	80	1	1
67	80	2	2
67	80	3	3
67	80	4	4
67	80	5	5
67	80	6	6
67	80	7	7
67	80	8	8
67	80	9	9
68	83	0	0
68	83	1	1
68	83	2	2
68	83	3	3
68	83	4	4
68	83	5	5
68	83	6	6
68	83	7	7
68	83	8	8
68	83	9	9
69	85	<space>	<epsilon>
69	84	0	0
69	84	1	1
69	84	2	2
69	84	3	3
69	84	4	4
69	84	5	5
69	84	6	6
69	84	7	7
69	84	8	8
69	84	9	9
70	86	0	0
70	86	1	1
70	86	2	2
70	86	3	3
70	86	4	4
70	86	5	5
70	86	6	6
70	86	7	7
70	86	8	8
70	86	9	9
71	87	0	0
72	88	<epsilon>	"
73	89	<epsilon>	<space>
74	90	<space>	e
74	91	*	e
74	91	x	e
74	92	<194>	e
74	93	<195>	e
75	91	<space>	e
75	94	1	e
76	95	<epsilon>	e
77	91	<183>	e
78	91	<151>	e
79	96	<epsilon>	f
80	58	<epsilon>	"
80	98	<space>	<epsilon>
80	62	,	<epsilon>
80	97	0	0
80	97	1	1
80	97	2	2
80	97	3	3
80	97	4	4
80	97	5	5
80	97	6	6
80	97	7	7
80	97	8	8
80	97	9	9
81	58	<epsilon>	"
81	98	<space>	<epsilon>
81	82	,	<epsilon>
81	97	0	0
81	97	1	1
81	97	2	2
81	97	3	3
81	97	4	4
81	97	5	5
81	97	6	6
81	97	7	7
81	97	8	8
81	97	9	9
82	70	0	0
82	70	1	1
82	70	2	2
82	70	3	3
82	70	4	4
82	70	5	5
82	70	6	6
82	70	7	7
82	70	8	8
82	70	9	9
83	99	0	0
83	99	1	1
83	99	2	2
83	99	3	3
83	99	4	4
83	99	5	5
83	99	6	6
83	99	7	7
83	99	8	8
83	99	9	9
84	100	0	0
84	100	1	1
84	100	2	2
84	100	3	3
84	100	4	4
84	100	5	5
84	100	6	6
84	100	7	7
84	100	8	8
84	100	9	9
85	101	0	0
85	101	1	1
85	101	2	2
85	101	3	3
85	101	4	4
85	101	5	5
85	101	6	6
85	101	7	7
85	101	8	8
85	101	9	9
86	102	0	0
86	102	1	1
86	102	2	2
86	102	3	3
86	102	4	4
86	102	5	5
86	102	6	6
86	102	7	7
86	102	8	8
86	102	9	9
87	103	0	0
88	104	0	0
88	104	1	1
88	104	2	2
88	104	3	3
88	104	4	4
88	104	5	5
88	104	6	6
88	104	7	7
88	104	8	8
88	104	9	9
89
90	105	<space>	x
90	106	*	x
90	106	x	x
90	107	<194>	x
90	108	<195>	x
91	106	<space>	x
91	109	1	x
92	106	<183>	x
93	106	<151>	x
94	110	0	x
95	111	<epsilon>	x
96	112	<epsilon>	r
97	58	<epsilon>	"
97	97	0	0
97	97	1	1
97	97	2	2
97	97	3	3
97	97	4	4
97	97	5	5
97	97	6	6
97	97	7	7
97	97	8	8
97	97	9	9
98	69	,	<epsilon>
99	58	<epsilon>	"
99	113	<space>	<epsilon>
100	114	0	0
100	114	1	1
100	114	2	2
100	114	3	3
100	114	4	4
100	114	5	5
100	114	6	6
100	114	7	7
100	114	8	8
100	114	9	9
101	115	0	0
101	115	1	1
101	115	2	2
101	115	3	3
101	115	4	4
101	115	5	5
101	115	6	6
101	115	7	7
101	115	8	8
101	115	9	9
102	58	<epsilon>	"
102	82	,	<epsilon>
103	116	0	0
104	130	<epsilon>	"
104	117	0	0
104	117	1	1
104	117	2	2
104	117	3	3
104	117	4	4
104	117	5	5
104	117	6	6
104	117	7	7
104	117	8	8
104	117	9	9
105	118	<space>	p
105	119	*	p
105	119	x	p
105	120	<194>	p
105	121	<195>	p
106	119	<space>	p
106	122	1	p
107	119	<183>	p
108	119	<151>	p
109	123	0	p
110	123	<space>	p
110	124	^	p
111	125	<epsilon>	p
112	126	<epsilon>	a
113	68	0	0
113	68	1	1
113	68	2	2
113	68	3	3
113	68	4	4
113	68	5	5
113	68	6	6
113	68	7	7
113	68	8	8
113	68	9	9
114	58	<epsilon>	"
114	127	<space>	<epsilon>
115	128	0	0
115	128	1	1
115	128	2	2
115	128	3	3
115	128	4	4
115	128	5	5
115	128	6	6
115	128	7	7
115	128	8	8
115	128	9	9
116	58	<epsilon>	"
116	129	,	<epsilon>
117	130	<epsilon>	"
118	131	<space>	o
118	132	*	o
118	132	x	o
118	133	<194>	o
118	134	<195>	o
119	132	<space>	o
119	135	1	o
120	132	<183>	o
121	132	<151>	o
122	136	0	o
123	136	<space>	o
123	137	^	o
124	138	<epsilon>	o
124	137	<space>	o
125	138	<epsilon>	o
126	139	<epsilon>	c
127	140	,	<epsilon>
128	58	<epsilon>	"
128	141	<space>	<epsilon>
129	71	<space>	<epsilon>
130	73	<epsilon>	}	20
131	142	<space>	n
131	143	*	n
131	143	x	n
131	144	<194>	n
131	145	<195>	n
132	143	<space>	n
132	146	1	n
133	143	<183>	n
134	143	<151>	n
135	147	0	n
136	147	<space>	n
136	148	^	n
137	149	<epsilon>	n
137	148	<space>	n
138	149	<epsilon>	n
139	150	<epsilon>	t
140	84	0	0
140	84	1	1
140	84	2	2
140	84	3	3
140	84	4	4
140	84	5	5
140	84	6	6
140	84	7	7
140	84	8	8
140	84	9	9
141	151	,	<epsilon>
142	152	<space>	e
142	153	*	e
142	153	x	e
142	154	<194>	e
142	155	<195>	e
143	153	<space>	e
143	156	1	e
144	153	<183>	e
145	153	<151>	e
146	157	0	e
147	157	<space>	e
147	158	^	e
148	159	<epsilon>	e
148	158	<space>	e
149	159	<epsilon>	e
150	160	<epsilon>	i
151	85	<space>	<epsilon>
152	161	<space>	n
152	162	*	n
152	162	x	n
152	163	<194>	n
152	164	<195>	n
153	162	<space>	n
153	165	1	n
154	162	<183>	n
155	162	<151>	n
156	166	0	n
157	166	<space>	n
157	167	^	n
158	168	<epsilon>	n
158	167	<space>	n
159	168	<epsilon>	n
160	169	<epsilon>	o
161	170	<space>	t
161	171	*	t
161	171	x	t
161	172	<194>	t
161	173	<195>	t
162	171	<space>	t
162	174	1	t
163	171	<183>	t
164	171	<151>	t
165	175	0	t
166	175	<space>	t
166	176	^	t
167	177	<epsilon>	t
167	176	<space>	t
168	177	<epsilon>	t
169	178	<epsilon>	n
170	179	<space>	:
170	180	*	:
170	180	x	:
170	181	<194>	:
170	182	<195>	:
171	180	<space>	:
171	183	1	:
172	180	<183>	:
173	180	<151>	:
174	184	0	:
175	184	<space>	:
175	185	^	:
176	186	<epsilon>	:
176	185	<space>	:
177	186	<epsilon>	:
178	187	<epsilon>	a
179	188	<space>	<space>
179	189	*	<space>
179	189	x	<space>
179	190	<194>	<space>
179	191	<195>	<space>
180	189	<space>	<space>
180	192	1	<space>
181	189	<183>	<space>
182	189	<151>	<space>
183	193	0	<space>
184	193	<space>	<space>
184	194	^	<space>
185	195	<epsilon>	<space>
185	194	<space>	<space>
186	195	<epsilon>	<space>
187	196	<epsilon>	l
188	188	<space>	<epsilon>
188	189	*	<epsilon>
188	189	x	<epsilon>
188	190	<194>	<epsilon>
188	191	<195>	<epsilon>
189	189	<space>	<epsilon>
189	192	1	<epsilon>
190	189	<183>	<epsilon>
191	189	<151>	<epsilon>
192	193	0	<epsilon>
193	193	<space>	<epsilon>
193	194	^	<epsilon>
194	197	<epsilon>	"
194	194	<space>	<epsilon>
195	197	<epsilon>	"
196	198	<epsilon>	_
197	200	-	-
197	245	0	0
197	199	1	1
197	199	2	2
197	199	3	3
197	199	4	4
197	199	5	5
197	199	6	6
197	199	7	7
197	199	8	8
197	199	9	9
198	201	<epsilon>	p
199	246	<epsilon>	"
199	204	<space>	<epsilon>
199	205	,	<epsilon>
199	202	0	0
199	203	1	1
199	203	2	2
199	203	3	3
199	203	4	4
199	203	5	5
199	203	6	6
199	203	7	7
199	203	8	8
199	203	9	9
200	245	0	0
200	199	1	1
200	199	2	2
200	199	3	3
200	199	4	4
200	199	5	5
200	199	6	6
200	199	7	7
200	199	8	8
200	199	9	9
201	206	<epsilon>	a
202	246	<epsilon>	"
202	204	<space>	<epsilon>
202	205	,	<epsilon>
202	207	0	0
202	208	1	1
202	208	2	2
202	208	3	3
202	208	4	4
202	208	5	5
202	208	6	6
202	208	7	7
202	208	8	8
202	208	9	9
203	246	<epsilon>	"
203	204	<space>	<epsilon>
203	205	,	<epsilon>
203	207	0	0
203	209	1	1
203	209	2	2
203	209	3	3
203	209	4	4
203	209	5	5
203	209	6	6
203	209	7	7
203	209	8	8
203	209	9	9
204	211	,	<epsilon>
204	210	0	0
204	210	1	1
204	210	2	2
204	210	3	3
204	210	4	4
204	210	5	5
204	210	6	6
204	210	7	7
204	210	8	8
204	210	9	9
205	213	<space>	<epsilon>
205	212	0	0
205	212	1	1
205	212	2	2
205	212	3	3
205	212	4	4
205	212	5	5
205	212	6	6
205	212	7	7
205	212	8	8
205	212	9	9
206	214	<epsilon>	r
207	246	<epsilon>	"
207	204	<space>	<epsilon>
207	205	,	<epsilon>
207	215	0	0
207	216	1	1
207	216	2	2
207	216	3	3
207	216	4	4
207	216	5	5
207	216	6	6
207	216	7	7
207	216	8	8
207	216	9	9
208	246	<epsilon>	"
208	204	<space>	<epsilon>
208	217	,	<epsilon>
208	216	0	0
208	216	1	1
208	216	2	2
208	216	3	3
208	216	4	4
208	216	5	5
208	216	6	6
208	216	7	7
208	216	8	8
208	216	9	9
209	246	<epsilon>	"
209	204	<space>	<epsilon>
209	205	,	<epsilon>
209	215	0	0
209	215	1	1
209	215	2	2
209	215	3	3
209	215	4	4
209	215	5	5
209	215	6	6
209	215	7	7
209	215	8	8
209	215	9	9
210	218	0	0
210	218	1	1
210	218	2	2
210	218	3	3
210	218	4	4
210	218	5	5
210	218	6	6
210	218	7	7
210	218	8	8
210	218	9	9
211	220	<space>	<epsilon>
211	219	0	0
211	219	1	1
211	219	2	2
211	219	3	3
211	219	4	4
211	219	5	5
211	219	6	6
211	219	7	7
211	219	8	8
211	219	9	9
212	221	0	0
212	221	1	1
212	221	2	2
212	221	3	3
212	221	4	4
212	221	5	5
212	221	6	6
212	221	7	7
212	221	8	8
212	221	9	9
213	222	0	0
214	223	<epsilon>	t
215	246	<epsilon>	"
215	225	<space>	<epsilon>
215	205	,	<epsilon>
215	224	0	0
215	224	1	1
215	224	2	2
215	224	3	3
215	224	4	4
215	224	5	5
215	224	6	6
215	224	7	7
215	224	8	8
215	224	9	9
216	246	<epsilon>	"
216	225	<space>	<epsilon>
216	217	,	<epsilon>
216	224	0	0
216	224	1	1
216	224	2	2
216	224	3	3
216	224	4	4
216	224	5	5
216	224	6	6
216	224	7	7
216	224	8	8
216	224	9	9
217	212	0	0
217	212	1	1
217	212	2	2
217	212	3	3
217	212	4	4
217	212	5	5
217	212	6	6
217	212	7	7
217	212	8	8
217	212	9	9
218	226	0	0
218	226	1	1
218	226	2	2
218	226	3	3
218	226	4	4
218	226	5	5
218	226	6	6
218	226	7	7
218	226	8	8
218	226	9	9
219	227	0	0
219	227	1	1
219	227	2	2
219	227	3	3
219	227	4	4
219	227	5	5
219	227	6	6
219	227	7	7
219	227	8	8
219	227	9	9
220	228	0	0
220	228	1	1
220	228	2	2
220	228	3	3
220	228	4	4
220	228	5	5
220	228	6	6
220	228	7	7
220	228	8	8
220	228	9	9
221	229	0	0
221	229	1	1
221	229	2	2
221	229	3	3
221	229	4	4
221	229	5	5
221	229	6	6
221	229	7	7
221	229	8	8
221	229	9	9
222	230	0	0
223	231	<epsilon>	:
224	246	<epsilon>	"
224	224	0	0
224	224	1	1
224	224	2	2
224	224	3	3
224	224	4	4
224	224	5	5
224	224	6	6
224	224	7	7
224	224	8	8
224	224	9	9
225	211	,	<epsilon>
226	246	<epsilon>	"
226	232	<space>	<epsilon>
227	233	0	0
227	233	1	1
227	233	2	2
227	233	3	3
227	233	4	4
227	233	5	5
227	233	6	6
227	233	7	7
227	233	8	8
227	233	9	9
228	234	0	0
228	234	1	1
228	234	2	2
228	234	3	3
228	234	4	4
228	234	5	5
228	234	6	6
228	234	7	7
228	234	8	8
228	234	9	9
229	246	<epsilon>	"
229	217	,	<epsilon>
230	235	0	0
231	236	<epsilon>	<space>
232	210	0	0
232	210	1	1
232	210	2	2
232	210	3	3
232	210	4	4
232	210	5	5
232	210	6	6
232	210	7	7
232	210	8	8
232	210	9	9
233	246	<epsilon>	"
233	237	<space>	<epsilon>
234	238	0	0
234	238	1	1
234	238	2	2
234	238	3	3
234	238	4	4
234	238	5	5
234	238	6	6
234	238	7	7
234	238	8	8
234	238	9	9
235	246	<epsilon>	"
235	239	,	<epsilon>
236	240	<epsilon>	"
237	241	,	<epsilon>
238	246	<epsilon>	"
238	242	<space>	<epsilon>
239	213	<space>	<epsilon>
240	243	0	0
240	243	1	1
240	243	2	2
240	243	3	3
240	243	4	4
240	243	5	5
240	243	6	6
240	243	7	7
240	243	8	8
240	243	9	9
241	219	0	0
241	219	1	1
241	219	2	2
241	219	3	3
241	219	4	4
241	219	5	5
241	219	6	6
241	219	7	7
241	219	8	8
241	219	9	9
242	244	,	<epsilon>
243	246	<epsilon>	"
243	245	0	0
243	245	1	1
243	245	2	2
243	245	3	3
243	245	4	4
243	245	5	5
243	245	6	6
243	245	7	7
243	245	8	8
243	245	9	9
244	220	<space>	<epsilon>
245	246	<epsilon>	"
246	73	<epsilon>	}
