0	1	<epsilon>	c
1	2	<epsilon>	a
2	3	<epsilon>	r
3	4	<epsilon>	d
4	5	<epsilon>	i
5	6	<epsilon>	n
6	7	<epsilon>	a
7	8	<epsilon>	l
8	9	<epsilon>	<space>
9	10	<epsilon>	{
10	11	<epsilon>	<space>
11	12	<epsilon>	i
12	13	<epsilon>	n
13	14	<epsilon>	t
14	15	<epsilon>	e
15	16	<epsilon>	g
16	17	<epsilon>	e
17	18	<epsilon>	r
18	19	<epsilon>	:
19	20	<epsilon>	<space>
20	21	<epsilon>	"
21	22	-	-
21	23	0	0
21	24	1	1
21	24	2	2
21	24	3	3
21	24	4	4
21	24	5	5
21	24	6	6
21	24	7	7
21	24	8	8
21	24	9	9
22	23	0	0
22	24	1	1
22	24	2	2
22	24	3	3
22	24	4	4
22	24	5	5
22	24	6	6
22	24	7	7
22	24	8	8
22	24	9	9
23	25	<epsilon>	"
24	25	<epsilon>	"
24	28	<space>	<epsilon>
24	29	.	<epsilon>
24	26	0	0
24	27	1	1
24	27	2	2
24	27	3	3
24	27	4	4
24	27	5	5
24	27	6	6
24	27	7	7
24	27	8	8
24	27	9	9
25	30	<epsilon>	<space>
26	25	<epsilon>	"
26	28	<space>	<epsilon>
26	29	.	<epsilon>
26	31	0	0
26	32	1	1
26	32	2	2
26	32	3	3
26	32	4	4
26	32	5	5
26	32	6	6
26	32	7	7
26	32	8	8
26	32	9	9
27	25	<epsilon>	"
27	28	<space>	<epsilon>
27	29	.	<epsilon>
27	31	0	0
27	33	1	1
27	33	2	2
27	33	3	3
27	33	4	4
27	33	5	5
27	33	6	6
27	33	7	7
27	33	8	8
27	33	9	9
28	35	.	<epsilon>
28	34	0	0
28	34	1	1
28	34	2	2
28	34	3	3
28	34	4	4
28	34	5	5
28	34	6	6
28	34	7	7
28	34	8	8
28	34	9	9
29	37	<space>	<epsilon>
29	36	0	0
29	36	1	1
29	36	2	2
29	36	3	3
29	36	4	4
29	36	5	5
29	36	6	6
29	36	7	7
29	36	8	8
29	36	9	9
30	47	<epsilon>	}
31	25	<epsilon>	"
31	28	<space>	<epsilon>
31	29	.	<epsilon>
31	38	0	0
31	39	1	1
31	39	2	2
31	39	3	3
31	39	4	4
31	39	5	5
31	39	6	6
31	39	7	7
31	39	8	8
31	39	9	9
32	25	<epsilon>	"
32	28	<space>	<epsilon>
32	40	.	<epsilon>
32	39	0	0
32	39	1	1
32	39	2	2
32	39	3	3
32	39	4	4
32	39	5	5
32	39	6	6
32	39	7	7
32	39	8	8
32	39	9	9
33	25	<epsilon>	"
33	28	<space>	<epsilon>
33	29	.	<epsilon>
33	38	0	0
33	38	1	1
33	38	2	2
33	38	3	3
33	38	4	4
33	38	5	5
33	38	6	6
33	38	7	7
33	38	8	8
33	38	9	9
34	41	0	0
34	41	1	1
34	41	2	2
34	41	3	3
34	41	4	4
34	41	5	5
34	41	6	6
34	41	7	7
34	41	8	8
34	41	9	9
35	43	<space>	<epsilon>
35	42	0	0
35	42	1	1
35	42	2	2
35	42	3	3
35	42	4	4
35	42	5	5
35	42	6	6
35	42	7	7
35	42	8	8
35	42	9	9
36	44	0	0
36	44	1	1
36	44	2	2
36	44	3	3
36	44	4	4
36	44	5	5
36	44	6	6
36	44	7	7
36	44	8	8
36	44	9	9
37	45	0	0
38	25	<epsilon>	"
38	49	<space>	<epsilon>
38	29	.	<epsilon>
38	48	0	0
38	48	1	1
38	48	2	2
38	48	3	3
38	48	4	4
38	48	5	5
38	48	6	6
38	48	7	7
38	48	8	8
38	48	9	9
39	25	<epsilon>	"
39	49	<space>	<epsilon>
39	40	.	<epsilon>
39	48	0	0
39	48	1	1
39	48	2	2
39	48	3	3
39	48	4	4
39	48	5	5
39	48	6	6
39	48	7	7
39	48	8	8
39	48	9	9
40	36	0	0
40	36	1	1
40	36	2	2
40	36	3	3
40	36	4	4
40	36	5	5
40	36	6	6
40	36	7	7
40	36	8	8
40	36	9	9
41	50	0	0
41	50	1	1
41	50	2	2
41	50	3	3
41	50	4	4
41	50	5	5
41	50	6	6
41	50	7	7
41	50	8	8
41	50	9	9
42	51	0	0
42	51	1	1
42	51	2	2
42	51	3	3
42	51	4	4
42	51	5	5
42	51	6	6
42	51	7	7
42	51	8	8
42	51	9	9
43	52	0	0
43	52	1	1
43	52	2	2
43	52	3	3
43	52	4	4
43	52	5	5
43	52	6	6
43	52	7	7
43	52	8	8
43	52	9	9
44	53	0	0
44	53	1	1
44	53	2	2
44	53	3	3
44	53	4	4
44	53	5	5
44	53	6	6
44	53	7	7
44	53	8	8
44	53	9	9
45	54	0	0
46	55	<epsilon>	}
47	46	<epsilon>	<space>
47	47	<space>	<epsilon>
48	25	<epsilon>	"
48	48	0	0
48	48	1	1
48	48	2	2
48	48	3	3
48	48	4	4
48	48	5	5
48	48	6	6
48	48	7	7
48	48	8	8
48	48	9	9
49	35	.	<epsilon>
50	25	<epsilon>	"
50	56	<space>	<epsilon>
51	57	0	0
51	57	1	1
51	57	2	2
51	57	3	3
51	57	4	4
51	57	5	5
51	57	6	6
51	57	7	7
51	57	8	8
51	57	9	9
52	58	0	0
52	58	1	1
52	58	2	2
52	58	3	3
52	58	4	4
52	58	5	5
52	58	6	6
52	58	7	7
52	58	8	8
52	58	9	9
53	25	<epsilon>	"
53	40	.	<epsilon>
54	59	0	0
55	60	<epsilon>	<space>
56	34	0	0
56	34	1	1
56	34	2	2
56	34	3	3
56	34	4	4
56	34	5	5
56	34	6	6
56	34	7	7
56	34	8	8
56	34	9	9
57	25	<epsilon>	"
57	61	<space>	<epsilon>
58	62	0	0
58	62	1	1
58	62	2	2
58	62	3	3
58	62	4	4
58	62	5	5
58	62	6	6
58	62	7	7
58	62	8	8
58	62	9	9
59	25	<epsilon>	"
59	63	.	<epsilon>
60	64	<epsilon>	t
61	65	.	<epsilon>
62	25	<epsilon>	"
62	66	<space>	<epsilon>
63	37	<space>	<epsilon>
64	67	<epsilon>	o
65	42	0	0
65	42	1	1
65	42	2	2
65	42	3	3
65	42	4	4
65	42	5	5
65	42	6	6
65	42	7	7
65	42	8	8
65	42	9	9
66	68	.	<epsilon>
67	69	<epsilon>	k
68	43	<space>	<epsilon>
69	70	<epsilon>	e
70	71	<epsilon>	n
71	72	<epsilon>	s
72	73	<epsilon>	<space>
73	74	<epsilon>	{
74	75	<epsilon>	<space>
75	76	<epsilon>	c
76	77	<epsilon>	o
77	78	<epsilon>	n
78	79	<epsilon>	n
79	80	<epsilon>	e
80	81	<epsilon>	c
81	82	<epsilon>	t
82	83	<epsilon>	o
83	84	<epsilon>	r
84	85	<epsilon>	<space>
85	86	<epsilon>	{
86	87	<epsilon>	<space>
87	88	<epsilon>	t
88	89	<epsilon>	y
89	90	<epsilon>	p
90	91	<epsilon>	e
91	92	<epsilon>	:
92	93	<epsilon>	<space>
93	94	<epsilon>	"
94	94	<space>	<epsilon>
94	95	x	b
95	97	<epsilon>	y
96	98	<epsilon>	<space>
97	96	<epsilon>	"
97	97	<space>	<epsilon>
98	99	<epsilon>	}
99	100	<epsilon>	<space>
100	101	<epsilon>	<space>
101	102	<epsilon>	}
102	103	<epsilon>	<space>
103	104	<epsilon>	t
104	105	<epsilon>	o
105	106	<epsilon>	k
106	107	<epsilon>	e
107	108	<epsilon>	n
108	109	<epsilon>	s
109	110	<epsilon>	<space>
110	111	<epsilon>	{
111	112	<epsilon>	<space>
112	113	<epsilon>	c
112	112	<space>	<epsilon>
113	114	<epsilon>	a
114	115	<epsilon>	r
115	116	<epsilon>	d
116	117	<epsilon>	i
117	118	<epsilon>	n
118	119	<epsilon>	a
119	120	<epsilon>	l
120	121	<epsilon>	<space>
121	122	<epsilon>	{
122	123	<epsilon>	<space>
123	124	<epsilon>	i
124	125	<epsilon>	n
125	126	<epsilon>	t
126	127	<epsilon>	e
127	128	<epsilon>	g
128	129	<epsilon>	e
129	130	<epsilon>	r
130	131	<epsilon>	:
131	132	<epsilon>	<space>
132	133	<epsilon>	"
133	134	-	-
133	135	0	0
133	136	1	1
133	136	2	2
133	136	3	3
133	136	4	4
133	136	5	5
133	136	6	6
133	136	7	7
133	136	8	8
133	136	9	9
134	135	0	0
134	136	1	1
134	136	2	2
134	136	3	3
134	136	4	4
134	136	5	5
134	136	6	6
134	136	7	7
134	136	8	8
134	136	9	9
135	137	<epsilon>	"
136	137	<epsilon>	"
136	140	<space>	<epsilon>
136	141	.	<epsilon>
136	138	0	0
136	139	1	1
136	139	2	2
136	139	3	3
136	139	4	4
136	139	5	5
136	139	6	6
136	139	7	7
136	139	8	8
136	139	9	9
137	142	<epsilon>	<space>
138	137	<epsilon>	"
138	140	<space>	<epsilon>
138	141	.	<epsilon>
138	143	0	0
138	144	1	1
138	144	2	2
138	144	3	3
138	144	4	4
138	144	5	5
138	144	6	6
138	144	7	7
138	144	8	8
138	144	9	9
139	137	<epsilon>	"
139	140	<space>	<epsilon>
139	141	.	<epsilon>
139	143	0	0
139	145	1	1
139	145	2	2
139	145	3	3
139	145	4	4
139	145	5	5
139	145	6	6
139	145	7	7
139	145	8	8
139	145	9	9
140	147	.	<epsilon>
140	146	0	0
140	146	1	1
140	146	2	2
140	146	3	3
140	146	4	4
140	146	5	5
140	146	6	6
140	146	7	7
140	146	8	8
140	146	9	9
141	149	<space>	<epsilon>
141	148	0	0
141	148	1	1
141	148	2	2
141	148	3	3
141	148	4	4
141	148	5	5
141	148	6	6
141	148	7	7
141	148	8	8
141	148	9	9
142	150	<epsilon>	}
143	137	<epsilon>	"
143	140	<space>	<epsilon>
143	141	.	<epsilon>
143	151	0	0
143	152	1	1
143	152	2	2
143	152	3	3
143	152	4	4
143	152	5	5
143	152	6	6
143	152	7	7
143	152	8	8
143	152	9	9
144	137	<epsilon>	"
144	140	<space>	<epsilon>
144	153	.	<epsilon>
144	152	0	0
144	152	1	1
144	152	2	2
144	152	3	3
144	152	4	4
144	152	5	5
144	152	6	6
144	152	7	7
144	152	8	8
144	152	9	9
145	137	<epsilon>	"
145	140	<space>	<epsilon>
145	141	.	<epsilon>
145	151	0	0
145	151	1	1
145	151	2	2
145	151	3	3
145	151	4	4
145	151	5	5
145	151	6	6
145	151	7	7
145	151	8	8
145	151	9	9
146	154	0	0
146	154	1	1
146	154	2	2
146	154	3	3
146	154	4	4
146	154	5	5
146	154	6	6
146	154	7	7
146	154	8	8
146	154	9	9
147	156	<space>	<epsilon>
147	155	0	0
147	155	1	1
147	155	2	2
147	155	3	3
147	155	4	4
147	155	5	5
147	155	6	6
147	155	7	7
147	155	8	8
147	155	9	9
148	157	0	0
148	157	1	1
148	157	2	2
148	157	3	3
148	157	4	4
148	157	5	5
148	157	6	6
148	157	7	7
148	157	8	8
148	157	9	9
149	158	0	0
150
151	137	<epsilon>	"
151	160	<space>	<epsilon>
151	141	.	<epsilon>
151	159	0	0
151	159	1	1
151	159	2	2
151	159	3	3
151	159	4	4
151	159	5	5
151	159	6	6
151	159	7	7
151	159	8	8
151	159	9	9
152	137	<epsilon>	"
152	160	<space>	<epsilon>
152	153	.	<epsilon>
152	159	0	0
152	159	1	1
152	159	2	2
152	159	3	3
152	159	4	4
152	159	5	5
152	159	6	6
152	159	7	7
152	159	8	8
152	159	9	9
153	148	0	0
153	148	1	1
153	148	2	2
153	148	3	3
153	148	4	4
153	148	5	5
153	148	6	6
153	148	7	7
153	148	8	8
153	148	9	9
154	161	0	0
154	161	1	1
154	161	2	2
154	161	3	3
154	161	4	4
154	161	5	5
154	161	6	6
154	161	7	7
154	161	8	8
154	161	9	9
155	162	0	0
155	162	1	1
155	162	2	2
155	162	3	3
155	162	4	4
155	162	5	5
155	162	6	6
155	162	7	7
155	162	8	8
155	162	9	9
156	163	0	0
156	163	1	1
156	163	2	2
156	163	3	3
156	163	4	4
156	163	5	5
156	163	6	6
156	163	7	7
156	163	8	8
156	163	9	9
157	164	0	0
157	164	1	1
157	164	2	2
157	164	3	3
157	164	4	4
157	164	5	5
157	164	6	6
157	164	7	7
157	164	8	8
157	164	9	9
158	165	0	0
159	137	<epsilon>	"
159	159	0	0
159	159	1	1
159	159	2	2
159	159	3	3
159	159	4	4
159	159	5	5
159	159	6	6
159	159	7	7
159	159	8	8
159	159	9	9
160	147	.	<epsilon>
161	137	<epsilon>	"
161	166	<space>	<epsilon>
162	167	0	0
162	167	1	1
162	167	2	2
162	167	3	3
162	167	4	4
162	167	5	5
162	167	6	6
162	167	7	7
162	167	8	8
162	167	9	9
163	168	0	0
163	168	1	1
163	168	2	2
163	168	3	3
163	168	4	4
163	168	5	5
163	168	6	6
163	168	7	7
163	168	8	8
163	168	9	9
164	137	<epsilon>	"
164	153	.	<epsilon>
165	169	0	0
166	146	0	0
166	146	1	1
166	146	2	2
166	146	3	3
166	146	4	4
166	146	5	5
166	146	6	6
166	146	7	7
166	146	8	8
166	146	9	9
167	137	<epsilon>	"
167	170	<space>	<epsilon>
168	171	0	0
168	171	1	1
168	171	2	2
168	171	3	3
168	171	4	4
168	171	5	5
168	171	6	6
168	171	7	7
168	171	8	8
168	171	9	9
169	137	<epsilon>	"
169	172	.	<epsilon>
170	173	.	<epsilon>
171	137	<epsilon>	"
171	174	<space>	<epsilon>
172	149	<space>	<epsilon>
173	155	0	0
173	155	1	1
173	155	2	2
173	155	3	3
173	155	4	4
173	155	5	5
173	155	6	6
173	155	7	7
173	155	8	8
173	155	9	9
174	175	.	<epsilon>
175	156	<space>	<epsilon>
