0	1	<epsilon>	c
1	2	<epsilon>	a
2	3	<epsilon>	r
3	4	<epsilon>	d
4	5	<epsilon>	i
5	6	<epsilon>	n
6	7	<epsilon>	a
7	8	<epsilon>	l
8	9	<epsilon>	<space>
9	10	<epsilon>	{
10	11	<epsilon>	<space>
11	12	<epsilon>	i
12	13	<epsilon>	n
13	14	<epsilon>	t
14	15	<epsilon>	e
15	16	<epsilon>	g
16	17	<epsilon>	e
17	18	<epsilon>	r
18	19	<epsilon>	:
19	20	<epsilon>	<space>
20	21	<epsilon>	"
21	24	-	-
21	22	0	0
21	23	1	1
21	23	2	2
21	23	3	3
21	23	4	4
21	23	5	5
21	23	6	6
21	23	7	7
21	23	8	8
21	23	9	9
22	25	<epsilon>	"
23	25	<epsilon>	"
23	26	,	<epsilon>
23	27	0	0
23	27	1	1
23	27	2	2
23	27	3	3
23	27	4	4
23	27	5	5
23	27	6	6
23	27	7	7
23	27	8	8
23	27	9	9
24	22	0	0
24	23	1	1
24	23	2	2
24	23	3	3
24	23	4	4
24	23	5	5
24	23	6	6
24	23	7	7
24	23	8	8
24	23	9	9
25	28	<epsilon>	<space>
26	29	0	0
26	29	1	1
26	29	2	2
26	29	3	3
26	29	4	4
26	29	5	5
26	29	6	6
26	29	7	7
26	29	8	8
26	29	9	9
27	25	<epsilon>	"
27	26	,	<epsilon>
27	30	0	0
27	30	1	1
27	30	2	2
27	30	3	3
27	30	4	4
27	30	5	5
27	30	6	6
27	30	7	7
27	30	8	8
27	30	9	9
28	31	<epsilon>	}
29	32	0	0
29	32	1	1
29	32	2	2
29	32	3	3
29	32	4	4
29	32	5	5
29	32	6	6
29	32	7	7
29	32	8	8
29	32	9	9
30	25	<epsilon>	"
30	26	,	<epsilon>
30	33	0	0
30	33	1	1
30	33	2	2
30	33	3	3
30	33	4	4
30	33	5	5
30	33	6	6
30	33	7	7
30	33	8	8
30	33	9	9
31
32	34	0	0
32	34	1	1
32	34	2	2
32	34	3	3
32	34	4	4
32	34	5	5
32	34	6	6
32	34	7	7
32	34	8	8
32	34	9	9
33	25	<epsilon>	"
33	26	,	<epsilon>
33	35	0	0
33	35	1	1
33	35	2	2
33	35	3	3
33	35	4	4
33	35	5	5
33	35	6	6
33	35	7	7
33	35	8	8
33	35	9	9
34	25	<epsilon>	"
34	26	,	<epsilon>
35	25	<epsilon>	"
35	35	0	0
35	35	1	1
35	35	2	2
35	35	3	3
35	35	4	4
35	35	5	5
35	35	6	6
35	35	7	7
35	35	8	8
35	35	9	9
