0	1	0	0
0	2	1	1
0	2	2	2
0	2	3	3
0	2	4	4
0	2	5	5
0	2	6	6
0	2	7	7
0	2	8	8
0	2	9	9
1
2	5	<space>	<epsilon>
2	6	,	<epsilon>
2	3	0	0
2	4	1	1
2	4	2	2
2	4	3	3
2	4	4	4
2	4	5	5
2	4	6	6
2	4	7	7
2	4	8	8
2	4	9	9
2
3	5	<space>	<epsilon>
3	6	,	<epsilon>
3	7	0	0
3	8	1	1
3	8	2	2
3	8	3	3
3	8	4	4
3	8	5	5
3	8	6	6
3	8	7	7
3	8	8	8
3	8	9	9
3
4	5	<space>	<epsilon>
4	6	,	<epsilon>
4	7	0	0
4	9	1	1
4	9	2	2
4	9	3	3
4	9	4	4
4	9	5	5
4	9	6	6
4	9	7	7
4	9	8	8
4	9	9	9
4
5	11	,	<epsilon>
5	10	0	0
5	10	1	1
5	10	2	2
5	10	3	3
5	10	4	4
5	10	5	5
5	10	6	6
5	10	7	7
5	10	8	8
5	10	9	9
6	13	<space>	<epsilon>
6	12	0	0
6	12	1	1
6	12	2	2
6	12	3	3
6	12	4	4
6	12	5	5
6	12	6	6
6	12	7	7
6	12	8	8
6	12	9	9
7	5	<space>	<epsilon>
7	6	,	<epsilon>
7	16	0	0
7	14	1	1
7	14	2	2
7	14	3	3
7	14	4	4
7	14	5	5
7	14	6	6
7	14	7	7
7	14	8	8
7	14	9	9
7
8	5	<space>	<epsilon>
8	15	,	<epsilon>
8	14	0	0
8	14	1	1
8	14	2	2
8	14	3	3
8	14	4	4
8	14	5	5
8	14	6	6
8	14	7	7
8	14	8	8
8	14	9	9
8
9	5	<space>	<epsilon>
9	6	,	<epsilon>
9	16	0	0
9	16	1	1
9	16	2	2
9	16	3	3
9	16	4	4
9	16	5	5
9	16	6	6
9	16	7	7
9	16	8	8
9	16	9	9
9
10	17	0	0
10	17	1	1
10	17	2	2
10	17	3	3
10	17	4	4
10	17	5	5
10	17	6	6
10	17	7	7
10	17	8	8
10	17	9	9
11	19	<space>	<epsilon>
11	18	0	0
11	18	1	1
11	18	2	2
11	18	3	3
11	18	4	4
11	18	5	5
11	18	6	6
11	18	7	7
11	18	8	8
11	18	9	9
12	20	0	0
12	20	1	1
12	20	2	2
12	20	3	3
12	20	4	4
12	20	5	5
12	20	6	6
12	20	7	7
12	20	8	8
12	20	9	9
13	21	0	0
14	23	<space>	<epsilon>
14	15	,	<epsilon>
14	22	0	0
14	22	1	1
14	22	2	2
14	22	3	3
14	22	4	4
14	22	5	5
14	22	6	6
14	22	7	7
14	22	8	8
14	22	9	9
14
15	12	0	0
15	12	1	1
15	12	2	2
15	12	3	3
15	12	4	4
15	12	5	5
15	12	6	6
15	12	7	7
15	12	8	8
15	12	9	9
16	23	<space>	<epsilon>
16	6	,	<epsilon>
16	22	0	0
16	22	1	1
16	22	2	2
16	22	3	3
16	22	4	4
16	22	5	5
16	22	6	6
16	22	7	7
16	22	8	8
16	22	9	9
16
17	24	0	0
17	24	1	1
17	24	2	2
17	24	3	3
17	24	4	4
17	24	5	5
17	24	6	6
17	24	7	7
17	24	8	8
17	24	9	9
18	25	0	0
18	25	1	1
18	25	2	2
18	25	3	3
18	25	4	4
18	25	5	5
18	25	6	6
18	25	7	7
18	25	8	8
18	25	9	9
19	26	0	0
19	26	1	1
19	26	2	2
19	26	3	3
19	26	4	4
19	26	5	5
19	26	6	6
19	26	7	7
19	26	8	8
19	26	9	9
20	27	0	0
20	27	1	1
20	27	2	2
20	27	3	3
20	27	4	4
20	27	5	5
20	27	6	6
20	27	7	7
20	27	8	8
20	27	9	9
21	28	0	0
22	22	0	0
22	22	1	1
22	22	2	2
22	22	3	3
22	22	4	4
22	22	5	5
22	22	6	6
22	22	7	7
22	22	8	8
22	22	9	9
22
23	11	,	<epsilon>
24	29	<space>	<epsilon>
24
25	30	0	0
25	30	1	1
25	30	2	2
25	30	3	3
25	30	4	4
25	30	5	5
25	30	6	6
25	30	7	7
25	30	8	8
25	30	9	9
26	31	0	0
26	31	1	1
26	31	2	2
26	31	3	3
26	31	4	4
26	31	5	5
26	31	6	6
26	31	7	7
26	31	8	8
26	31	9	9
27	15	,	<epsilon>
27
28	32	0	0
29	10	0	0
29	10	1	1
29	10	2	2
29	10	3	3
29	10	4	4
29	10	5	5
29	10	6	6
29	10	7	7
29	10	8	8
29	10	9	9
30	33	<space>	<epsilon>
30
31	34	0	0
31	34	1	1
31	34	2	2
31	34	3	3
31	34	4	4
31	34	5	5
31	34	6	6
31	34	7	7
31	34	8	8
31	34	9	9
32	35	,	<epsilon>
32
33	36	,	<epsilon>
34	37	<space>	<epsilon>
34
35	13	<space>	<epsilon>
36	18	0	0
36	18	1	1
36	18	2	2
36	18	3	3
36	18	4	4
36	18	5	5
36	18	6	6
36	18	7	7
36	18	8	8
36	18	9	9
37	38	,	<epsilon>
38	19	<space>	<epsilon>
