0	1	0	0
0	2	1	1
0	2	2	2
0	2	3	3
0	2	4	4
0	2	5	5
0	2	6	6
0	2	7	7
0	2	8	8
0	2	9	9
1
2	5	<space>	<epsilon>
2	6	,	<epsilon>
2	7	.	<epsilon>
2	3	0	0
2	4	1	1
2	4	2	2
2	4	3	3
2	4	4	4
2	4	5	5
2	4	6	6
2	4	7	7
2	4	8	8
2	4	9	9
2
3	5	<space>	<epsilon>
3	6	,	<epsilon>
3	7	.	<epsilon>
3	8	0	0
3	9	1	1
3	9	2	2
3	9	3	3
3	9	4	4
3	9	5	5
3	9	6	6
3	9	7	7
3	9	8	8
3	9	9	9
3
4	5	<space>	<epsilon>
4	6	,	<epsilon>
4	7	.	<epsilon>
4	8	0	0
4	10	1	1
4	10	2	2
4	10	3	3
4	10	4	4
4	10	5	5
4	10	6	6
4	10	7	7
4	10	8	8
4	10	9	9
4
5	12	,	<epsilon>
5	13	.	<epsilon>
5	11	0	0
5	11	1	1
5	11	2	2
5	11	3	3
5	11	4	4
5	11	5	5
5	11	6	6
5	11	7	7
5	11	8	8
5	11	9	9
6	15	<space>	<epsilon>
6	14	0	0
6	14	1	1
6	14	2	2
6	14	3	3
6	14	4	4
6	14	5	5
6	14	6	6
6	14	7	7
6	14	8	8
6	14	9	9
7	17	<space>	<epsilon>
7	16	0	0
7	16	1	1
7	16	2	2
7	16	3	3
7	16	4	4
7	16	5	5
7	16	6	6
7	16	7	7
7	16	8	8
7	16	9	9
8	5	<space>	<epsilon>
8	6	,	<epsilon>
8	7	.	<epsilon>
8	18	0	0
8	19	1	1
8	19	2	2
8	19	3	3
8	19	4	4
8	19	5	5
8	19	6	6
8	19	7	7
8	19	8	8
8	19	9	9
8
9	5	<space>	<epsilon>
9	20	,	<epsilon>
9	7	.	<epsilon>
9	19	0	0
9	19	1	1
9	19	2	2
9	19	3	3
9	19	4	4
9	19	5	5
9	19	6	6
9	19	7	7
9	19	8	8
9	19	9	9
9
10	5	<space>	<epsilon>
10	6	,	<epsilon>
10	7	.	<epsilon>
10	18	0	0
10	18	1	1
10	18	2	2
10	18	3	3
10	18	4	4
10	18	5	5
10	18	6	6
10	18	7	7
10	18	8	8
10	18	9	9
10
11	21	0	0
11	21	1	1
11	21	2	2
11	21	3	3
11	21	4	4
11	21	5	5
11	21	6	6
11	21	7	7
11	21	8	8
11	21	9	9
12	23	<space>	<epsilon>
12	22	0	0
12	22	1	1
12	22	2	2
12	22	3	3
12	22	4	4
12	22	5	5
12	22	6	6
12	22	7	7
12	22	8	8
12	22	9	9
13	25	<space>	<epsilon>
13	24	0	0
13	24	1	1
13	24	2	2
13	24	3	3
13	24	4	4
13	24	5	5
13	24	6	6
13	24	7	7
13	24	8	8
13	24	9	9
14	26	0	0
14	26	1	1
14	26	2	2
14	26	3	3
14	26	4	4
14	26	5	5
14	26	6	6
14	26	7	7
14	26	8	8
14	26	9	9
15	27	0	0
16	28	0	0
16	28	1	1
16	28	2	2
16	28	3	3
16	28	4	4
16	28	5	5
16	28	6	6
16	28	7	7
16	28	8	8
16	28	9	9
17	29	0	0
17	29	1	1
17	29	2	2
17	29	3	3
17	29	4	4
17	29	5	5
17	29	6	6
17	29	7	7
17	29	8	8
17	29	9	9
18	31	<space>	<epsilon>
18	6	,	<epsilon>
18	30	0	0
18	30	1	1
18	30	2	2
18	30	3	3
18	30	4	4
18	30	5	5
18	30	6	6
18	30	7	7
18	30	8	8
18	30	9	9
18
19	31	<space>	<epsilon>
19	20	,	<epsilon>
19	30	0	0
19	30	1	1
19	30	2	2
19	30	3	3
19	30	4	4
19	30	5	5
19	30	6	6
19	30	7	7
19	30	8	8
19	30	9	9
19
20	14	0	0
20	14	1	1
20	14	2	2
20	14	3	3
20	14	4	4
20	14	5	5
20	14	6	6
20	14	7	7
20	14	8	8
20	14	9	9
21	32	0	0
21	32	1	1
21	32	2	2
21	32	3	3
21	32	4	4
21	32	5	5
21	32	6	6
21	32	7	7
21	32	8	8
21	32	9	9
22	33	0	0
22	33	1	1
22	33	2	2
22	33	3	3
22	33	4	4
22	33	5	5
22	33	6	6
22	33	7	7
22	33	8	8
22	33	9	9
23	34	0	0
23	34	1	1
23	34	2	2
23	34	3	3
23	34	4	4
23	34	5	5
23	34	6	6
23	34	7	7
23	34	8	8
23	34	9	9
24	35	0	0
24	35	1	1
24	35	2	2
24	35	3	3
24	35	4	4
24	35	5	5
24	35	6	6
24	35	7	7
24	35	8	8
24	35	9	9
25	36	0	0
25	36	1	1
25	36	2	2
25	36	3	3
25	36	4	4
25	36	5	5
25	36	6	6
25	36	7	7
25	36	8	8
25	36	9	9
26	37	0	0
26	37	1	1
26	37	2	2
26	37	3	3
26	37	4	4
26	37	5	5
26	37	6	6
26	37	7	7
26	37	8	8
26	37	9	9
27	38	0	0
28	39	0	0
28	39	1	1
28	39	2	2
28	39	3	3
28	39	4	4
28	39	5	5
28	39	6	6
28	39	7	7
28	39	8	8
28	39	9	9
29	40	0	0
29	40	1	1
29	40	2	2
29	40	3	3
29	40	4	4
29	40	5	5
29	40	6	6
29	40	7	7
29	40	8	8
29	40	9	9
30	30	0	0
30	30	1	1
30	30	2	2
30	30	3	3
30	30	4	4
30	30	5	5
30	30	6	6
30	30	7	7
30	30	8	8
30	30	9	9
30
31	12	,	<epsilon>
32	41	<space>	<epsilon>
32
33	42	0	0
33	42	1	1
33	42	2	2
33	42	3	3
33	42	4	4
33	42	5	5
33	42	6	6
33	42	7	7
33	42	8	8
33	42	9	9
34	43	0	0
34	43	1	1
34	43	2	2
34	43	3	3
34	43	4	4
34	43	5	5
34	43	6	6
34	43	7	7
34	43	8	8
34	43	9	9
35	44	0	0
35	44	1	1
35	44	2	2
35	44	3	3
35	44	4	4
35	44	5	5
35	44	6	6
35	44	7	7
35	44	8	8
35	44	9	9
36	45	0	0
36	45	1	1
36	45	2	2
36	45	3	3
36	45	4	4
36	45	5	5
36	45	6	6
36	45	7	7
36	45	8	8
36	45	9	9
37	20	,	<epsilon>
37
38	46	0	0
39	47	.	<epsilon>
40	48	0	0
40	48	1	1
40	48	2	2
40	48	3	3
40	48	4	4
40	48	5	5
40	48	6	6
40	48	7	7
40	48	8	8
40	48	9	9
41	11	0	0
41	11	1	1
41	11	2	2
41	11	3	3
41	11	4	4
41	11	5	5
41	11	6	6
41	11	7	7
41	11	8	8
41	11	9	9
42	49	<space>	<epsilon>
42
43	50	0	0
43	50	1	1
43	50	2	2
43	50	3	3
43	50	4	4
43	50	5	5
43	50	6	6
43	50	7	7
43	50	8	8
43	50	9	9
44	51	<space>	<epsilon>
45	52	0	0
45	52	1	1
45	52	2	2
45	52	3	3
45	52	4	4
45	52	5	5
45	52	6	6
45	52	7	7
45	52	8	8
45	52	9	9
46	53	,	<epsilon>
46
47	54	0	0
47	54	1	1
47	54	2	2
47	54	3	3
47	54	4	4
47	54	5	5
47	54	6	6
47	54	7	7
47	54	8	8
47	54	9	9
48	55	.	<epsilon>
49	56	,	<epsilon>
50	57	<space>	<epsilon>
50
51	58	.	<epsilon>
52	59	<space>	<epsilon>
53	15	<space>	<epsilon>
54	60	0	0
54	60	1	1
54	60	2	2
54	60	3	3
54	60	4	4
54	60	5	5
54	60	6	6
54	60	7	7
54	60	8	8
54	60	9	9
55	61	<space>	<epsilon>
56	22	0	0
56	22	1	1
56	22	2	2
56	22	3	3
56	22	4	4
56	22	5	5
56	22	6	6
56	22	7	7
56	22	8	8
56	22	9	9
57	62	,	<epsilon>
58	63	0	0
58	63	1	1
58	63	2	2
58	63	3	3
58	63	4	4
58	63	5	5
58	63	6	6
58	63	7	7
58	63	8	8
58	63	9	9
59	64	.	<epsilon>
60	65	0	0
60	65	1	1
60	65	2	2
60	65	3	3
60	65	4	4
60	65	5	5
60	65	6	6
60	65	7	7
60	65	8	8
60	65	9	9
61	66	0	0
61	66	1	1
61	66	2	2
61	66	3	3
61	66	4	4
61	66	5	5
61	66	6	6
61	66	7	7
61	66	8	8
61	66	9	9
62	23	<space>	<epsilon>
63	67	0	0
63	67	1	1
63	67	2	2
63	67	3	3
63	67	4	4
63	67	5	5
63	67	6	6
63	67	7	7
63	67	8	8
63	67	9	9
64	68	<space>	<epsilon>
65	47	.	<epsilon>
65
66	69	0	0
66	69	1	1
66	69	2	2
66	69	3	3
66	69	4	4
66	69	5	5
66	69	6	6
66	69	7	7
66	69	8	8
66	69	9	9
67	70	0	0
67	70	1	1
67	70	2	2
67	70	3	3
67	70	4	4
67	70	5	5
67	70	6	6
67	70	7	7
67	70	8	8
67	70	9	9
68	71	0	0
68	71	1	1
68	71	2	2
68	71	3	3
68	71	4	4
68	71	5	5
68	71	6	6
68	71	7	7
68	71	8	8
68	71	9	9
69	72	0	0
69	72	1	1
69	72	2	2
69	72	3	3
69	72	4	4
69	72	5	5
69	72	6	6
69	72	7	7
69	72	8	8
69	72	9	9
70	51	<space>	<epsilon>
70
71	73	0	0
71	73	1	1
71	73	2	2
71	73	3	3
71	73	4	4
71	73	5	5
71	73	6	6
71	73	7	7
71	73	8	8
71	73	9	9
72	55	.	<epsilon>
72
73	74	0	0
73	74	1	1
73	74	2	2
73	74	3	3
73	74	4	4
73	74	5	5
73	74	6	6
73	74	7	7
73	74	8	8
73	74	9	9
74	59	<space>	<epsilon>
74
