0	1	1	1
0	1	2	2
0	1	3	3
0	1	4	4
0	1	5	5
0	1	6	6
0	1	7	7
0	1	8	8
0	1	9	9
1	5	<space>	<epsilon>
1	2	'	<epsilon>
1	3	0	0
1	4	1	1
1	4	2	2
1	4	3	3
1	4	4	4
1	4	5	5
1	4	6	6
1	4	7	7
1	4	8	8
1	4	9	9
2	7	<space>	<epsilon>
2	6	0	0
2	6	1	1
2	6	2	2
2	6	3	3
2	6	4	4
2	6	5	5
2	6	6	6
2	6	7	7
2	6	8	8
2	6	9	9
3	5	<space>	<epsilon>
3	2	'	<epsilon>
3	8	0	0
3	9	1	1
3	9	2	2
3	9	3	3
3	9	4	4
3	9	5	5
3	9	6	6
3	9	7	7
3	9	8	8
3	9	9	9
4	5	<space>	<epsilon>
4	2	'	<epsilon>
4	8	0	0
4	10	1	1
4	10	2	2
4	10	3	3
4	10	4	4
4	10	5	5
4	10	6	6
4	10	7	7
4	10	8	8
4	10	9	9
5	11	'	<epsilon>
6	12	0	0
6	12	1	1
6	12	2	2
6	12	3	3
6	12	4	4
6	12	5	5
6	12	6	6
6	12	7	7
6	12	8	8
6	12	9	9
7	13	0	0
8	5	<space>	<epsilon>
8	2	'	<epsilon>
8	16	0	0
8	14	1	1
8	14	2	2
8	14	3	3
8	14	4	4
8	14	5	5
8	14	6	6
8	14	7	7
8	14	8	8
8	14	9	9
9	5	<space>	<epsilon>
9	15	'	<epsilon>
9	14	0	0
9	14	1	1
9	14	2	2
9	14	3	3
9	14	4	4
9	14	5	5
9	14	6	6
9	14	7	7
9	14	8	8
9	14	9	9
10	5	<space>	<epsilon>
10	2	'	<epsilon>
10	16	0	0
10	16	1	1
10	16	2	2
10	16	3	3
10	16	4	4
10	16	5	5
10	16	6	6
10	16	7	7
10	16	8	8
10	16	9	9
11	18	<space>	<epsilon>
11	17	0	0
11	17	1	1
11	17	2	2
11	17	3	3
11	17	4	4
11	17	5	5
11	17	6	6
11	17	7	7
11	17	8	8
11	17	9	9
12	19	0	0
12	19	1	1
12	19	2	2
12	19	3	3
12	19	4	4
12	19	5	5
12	19	6	6
12	19	7	7
12	19	8	8
12	19	9	9
13	20	0	0
14	5	<space>	<epsilon>
14	15	'	<epsilon>
15	6	0	0
15	6	1	1
15	6	2	2
15	6	3	3
15	6	4	4
15	6	5	5
15	6	6	6
15	6	7	7
15	6	8	8
15	6	9	9
16	5	<space>	<epsilon>
16	2	'	<epsilon>
17	21	0	0
17	21	1	1
17	21	2	2
17	21	3	3
17	21	4	4
17	21	5	5
17	21	6	6
17	21	7	7
17	21	8	8
17	21	9	9
18	22	0	0
18	22	1	1
18	22	2	2
18	22	3	3
18	22	4	4
18	22	5	5
18	22	6	6
18	22	7	7
18	22	8	8
18	22	9	9
19	15	'	<epsilon>
19
20	23	0	0
21	24	0	0
21	24	1	1
21	24	2	2
21	24	3	3
21	24	4	4
21	24	5	5
21	24	6	6
21	24	7	7
21	24	8	8
21	24	9	9
22	25	0	0
22	25	1	1
22	25	2	2
22	25	3	3
22	25	4	4
22	25	5	5
22	25	6	6
22	25	7	7
22	25	8	8
22	25	9	9
23	26	'	<epsilon>
23
24	27	<space>	<epsilon>
24
25	28	0	0
25	28	1	1
25	28	2	2
25	28	3	3
25	28	4	4
25	28	5	5
25	28	6	6
25	28	7	7
25	28	8	8
25	28	9	9
26	7	<space>	<epsilon>
27	29	'	<epsilon>
28	30	<space>	<epsilon>
28
29	17	0	0
29	17	1	1
29	17	2	2
29	17	3	3
29	17	4	4
29	17	5	5
29	17	6	6
29	17	7	7
29	17	8	8
29	17	9	9
30	31	'	<epsilon>
31	18	<space>	<epsilon>
