0	1	1	1
0	1	2	2
0	1	3	3
0	1	4	4
0	1	5	5
0	1	6	6
0	1	7	7
0	1	8	8
0	1	9	9
1	2	<space>	<epsilon>
1	3	0	0
1	3	1	1
1	3	2	2
1	3	3	3
1	3	4	4
1	3	5	5
1	3	6	6
1	3	7	7
1	3	8	8
1	3	9	9
2	4	0	0
2	4	1	1
2	4	2	2
2	4	3	3
2	4	4	4
2	4	5	5
2	4	6	6
2	4	7	7
2	4	8	8
2	4	9	9
3	2	<space>	<epsilon>
3	5	0	0
3	5	1	1
3	5	2	2
3	5	3	3
3	5	4	4
3	5	5	5
3	5	6	6
3	5	7	7
3	5	8	8
3	5	9	9
4	6	0	0
4	6	1	1
4	6	2	2
4	6	3	3
4	6	4	4
4	6	5	5
4	6	6	6
4	6	7	7
4	6	8	8
4	6	9	9
5	2	<space>	<epsilon>
6	7	0	0
6	7	1	1
6	7	2	2
6	7	3	3
6	7	4	4
6	7	5	5
6	7	6	6
6	7	7	7
6	7	8	8
6	7	9	9
7	2	<space>	<epsilon>
7
