0	1	<epsilon>	c
1	2	<epsilon>	a
2	3	<epsilon>	r
3	4	<epsilon>	d
4	5	<epsilon>	i
5	6	<epsilon>	n
6	7	<epsilon>	a
7	8	<epsilon>	l
8	9	<epsilon>	<space>
9	10	<epsilon>	{
10	11	<epsilon>	<space>
11	12	<epsilon>	i
12	13	<epsilon>	n
13	14	<epsilon>	t
14	15	<epsilon>	e
15	16	<epsilon>	g
16	17	<epsilon>	e
17	18	<epsilon>	r
18	19	<epsilon>	:
19	20	<epsilon>	<space>
20	21	<epsilon>	"
21	24	-	-
21	22	0	0
21	23	1	1
21	23	2	2
21	23	3	3
21	23	4	4
21	23	5	5
21	23	6	6
21	23	7	7
21	23	8	8
21	23	9	9
22	25	<epsilon>	"
23	25	<epsilon>	"
23	26	<space>	<epsilon>
23	27	'	<epsilon>
23	28	,	<epsilon>
23	29	.	<epsilon>
23	30	0	0
23	31	1	1
23	31	2	2
23	31	3	3
23	31	4	4
23	31	5	5
23	31	6	6
23	31	7	7
23	31	8	8
23	31	9	9
24	22	0	0
24	23	1	1
24	23	2	2
24	23	3	3
24	23	4	4
24	23	5	5
24	23	6	6
24	23	7	7
24	23	8	8
24	23	9	9
25	32	<epsilon>	<space>
26	33	'	<epsilon>
26	34	,	<epsilon>
26	35	.	<epsilon>
26	36	0	0
26	36	1	1
26	36	2	2
26	36	3	3
26	36	4	4
26	36	5	5
26	36	6	6
26	36	7	7
26	36	8	8
26	36	9	9
27	37	<space>	<epsilon>
27	38	0	0
27	38	1	1
27	38	2	2
27	38	3	3
27	38	4	4
27	38	5	5
27	38	6	6
27	38	7	7
27	38	8	8
27	38	9	9
28	39	<space>	<epsilon>
28	40	0	0
28	40	1	1
28	40	2	2
28	40	3	3
28	40	4	4
28	40	5	5
28	40	6	6
28	40	7	7
28	40	8	8
28	40	9	9
29	41	<space>	<epsilon>
29	42	0	0
29	42	1	1
29	42	2	2
29	42	3	3
29	42	4	4
29	42	5	5
29	42	6	6
29	42	7	7
29	42	8	8
29	42	9	9
30	25	<epsilon>	"
30	26	<space>	<epsilon>
30	27	'	<epsilon>
30	28	,	<epsilon>
30	29	.	<epsilon>
30	43	0	0
30	44	1	1
30	44	2	2
30	44	3	3
30	44	4	4
30	44	5	5
30	44	6	6
30	44	7	7
30	44	8	8
30	44	9	9
31	25	<epsilon>	"
31	26	<space>	<epsilon>
31	27	'	<epsilon>
31	28	,	<epsilon>
31	29	.	<epsilon>
31	43	0	0
31	45	1	1
31	45	2	2
31	45	3	3
31	45	4	4
31	45	5	5
31	45	6	6
31	45	7	7
31	45	8	8
31	45	9	9
32	46	<epsilon>	}
33	47	<space>	<epsilon>
33	48	0	0
33	48	1	1
33	48	2	2
33	48	3	3
33	48	4	4
33	48	5	5
33	48	6	6
33	48	7	7
33	48	8	8
33	48	9	9
34	49	<space>	<epsilon>
34	50	0	0
34	50	1	1
34	50	2	2
34	50	3	3
34	50	4	4
34	50	5	5
34	50	6	6
34	50	7	7
34	50	8	8
34	50	9	9
35	51	<space>	<epsilon>
35	52	0	0
35	52	1	1
35	52	2	2
35	52	3	3
35	52	4	4
35	52	5	5
35	52	6	6
35	52	7	7
35	52	8	8
35	52	9	9
36	53	0	0
36	53	1	1
36	53	2	2
36	53	3	3
36	53	4	4
36	53	5	5
36	53	6	6
36	53	7	7
36	53	8	8
36	53	9	9
37	54	0	0
38	55	0	0
38	55	1	1
38	55	2	2
38	55	3	3
38	55	4	4
38	55	5	5
38	55	6	6
38	55	7	7
38	55	8	8
38	55	9	9
39	56	0	0
39	56	1	1
39	56	2	2
39	56	3	3
39	56	4	4
39	56	5	5
39	56	6	6
39	56	7	7
39	56	8	8
39	56	9	9
40	57	0	0
40	57	1	1
40	57	2	2
40	57	3	3
40	57	4	4
40	57	5	5
40	57	6	6
40	57	7	7
40	57	8	8
40	57	9	9
41	58	0	0
41	58	1	1
41	58	2	2
41	58	3	3
41	58	4	4
41	58	5	5
41	58	6	6
41	58	7	7
41	58	8	8
41	58	9	9
42	59	0	0
42	59	1	1
42	59	2	2
42	59	3	3
42	59	4	4
42	59	5	5
42	59	6	6
42	59	7	7
42	59	8	8
42	59	9	9
43	25	<epsilon>	"
43	26	<space>	<epsilon>
43	27	'	<epsilon>
43	28	,	<epsilon>
43	29	.	<epsilon>
43	60	0	0
43	61	1	1
43	61	2	2
43	61	3	3
43	61	4	4
43	61	5	5
43	61	6	6
43	61	7	7
43	61	8	8
43	61	9	9
44	25	<epsilon>	"
44	26	<space>	<epsilon>
44	62	'	<epsilon>
44	28	,	<epsilon>
44	29	.	<epsilon>
44	61	0	0
44	61	1	1
44	61	2	2
44	61	3	3
44	61	4	4
44	61	5	5
44	61	6	6
44	61	7	7
44	61	8	8
44	61	9	9
45	25	<epsilon>	"
45	26	<space>	<epsilon>
45	27	'	<epsilon>
45	28	,	<epsilon>
45	29	.	<epsilon>
45	60	0	0
45	60	1	1
45	60	2	2
45	60	3	3
45	60	4	4
45	60	5	5
45	60	6	6
45	60	7	7
45	60	8	8
45	60	9	9
46
47	63	0	0
47	63	1	1
47	63	2	2
47	63	3	3
47	63	4	4
47	63	5	5
47	63	6	6
47	63	7	7
47	63	8	8
47	63	9	9
48	64	0	0
48	64	1	1
48	64	2	2
48	64	3	3
48	64	4	4
48	64	5	5
48	64	6	6
48	64	7	7
48	64	8	8
48	64	9	9
49	65	0	0
49	65	1	1
49	65	2	2
49	65	3	3
49	65	4	4
49	65	5	5
49	65	6	6
49	65	7	7
49	65	8	8
49	65	9	9
50	66	0	0
50	66	1	1
50	66	2	2
50	66	3	3
50	66	4	4
50	66	5	5
50	66	6	6
50	66	7	7
50	66	8	8
50	66	9	9
51	67	0	0
51	67	1	1
51	67	2	2
51	67	3	3
51	67	4	4
51	67	5	5
51	67	6	6
51	67	7	7
51	67	8	8
51	67	9	9
52	68	0	0
52	68	1	1
52	68	2	2
52	68	3	3
52	68	4	4
52	68	5	5
52	68	6	6
52	68	7	7
52	68	8	8
52	68	9	9
53	69	0	0
53	69	1	1
53	69	2	2
53	69	3	3
53	69	4	4
53	69	5	5
53	69	6	6
53	69	7	7
53	69	8	8
53	69	9	9
54	70	0	0
55	71	0	0
55	71	1	1
55	71	2	2
55	71	3	3
55	71	4	4
55	71	5	5
55	71	6	6
55	71	7	7
55	71	8	8
55	71	9	9
56	72	0	0
56	72	1	1
56	72	2	2
56	72	3	3
56	72	4	4
56	72	5	5
56	72	6	6
56	72	7	7
56	72	8	8
56	72	9	9
57	73	0	0
57	73	1	1
57	73	2	2
57	73	3	3
57	73	4	4
57	73	5	5
57	73	6	6
57	73	7	7
57	73	8	8
57	73	9	9
58	74	0	0
58	74	1	1
58	74	2	2
58	74	3	3
58	74	4	4
58	74	5	5
58	74	6	6
58	74	7	7
58	74	8	8
58	74	9	9
59	75	0	0
59	75	1	1
59	75	2	2
59	75	3	3
59	75	4	4
59	75	5	5
59	75	6	6
59	75	7	7
59	75	8	8
59	75	9	9
60	25	<epsilon>	"
60	76	<space>	<epsilon>
60	27	'	<epsilon>
60	77	0	0
60	77	1	1
60	77	2	2
60	77	3	3
60	77	4	4
60	77	5	5
60	77	6	6
60	77	7	7
60	77	8	8
60	77	9	9
61	25	<epsilon>	"
61	76	<space>	<epsilon>
61	62	'	<epsilon>
61	77	0	0
61	77	1	1
61	77	2	2
61	77	3	3
61	77	4	4
61	77	5	5
61	77	6	6
61	77	7	7
61	77	8	8
61	77	9	9
62	38	0	0
62	38	1	1
62	38	2	2
62	38	3	3
62	38	4	4
62	38	5	5
62	38	6	6
62	38	7	7
62	38	8	8
62	38	9	9
63	78	0	0
63	78	1	1
63	78	2	2
63	78	3	3
63	78	4	4
63	78	5	5
63	78	6	6
63	78	7	7
63	78	8	8
63	78	9	9
64	79	0	0
64	79	1	1
64	79	2	2
64	79	3	3
64	79	4	4
64	79	5	5
64	79	6	6
64	79	7	7
64	79	8	8
64	79	9	9
65	80	0	0
65	80	1	1
65	80	2	2
65	80	3	3
65	80	4	4
65	80	5	5
65	80	6	6
65	80	7	7
65	80	8	8
65	80	9	9
66	81	0	0
66	81	1	1
66	81	2	2
66	81	3	3
66	81	4	4
66	81	5	5
66	81	6	6
66	81	7	7
66	81	8	8
66	81	9	9
67	82	0	0
67	82	1	1
67	82	2	2
67	82	3	3
67	82	4	4
67	82	5	5
67	82	6	6
67	82	7	7
67	82	8	8
67	82	9	9
68	83	0	0
68	83	1	1
68	83	2	2
68	83	3	3
68	83	4	4
68	83	5	5
68	83	6	6
68	83	7	7
68	83	8	8
68	83	9	9
69	25	<epsilon>	"
69	84	<space>	<epsilon>
70	85	0	0
71	25	<epsilon>	"
71	62	'	<epsilon>
72	86	0	0
72	86	1	1
72	86	2	2
72	86	3	3
72	86	4	4
72	86	5	5
72	86	6	6
72	86	7	7
72	86	8	8
72	86	9	9
73	87	,	<epsilon>
74	88	0	0
74	88	1	1
74	88	2	2
74	88	3	3
74	88	4	4
74	88	5	5
74	88	6	6
74	88	7	7
74	88	8	8
74	88	9	9
75	89	.	<epsilon>
76	33	'	<epsilon>
77	25	<epsilon>	"
77	77	0	0
77	77	1	1
77	77	2	2
77	77	3	3
77	77	4	4
77	77	5	5
77	77	6	6
77	77	7	7
77	77	8	8
77	77	9	9
78	90	0	0
78	90	1	1
78	90	2	2
78	90	3	3
78	90	4	4
78	90	5	5
78	90	6	6
78	90	7	7
78	90	8	8
78	90	9	9
79	25	<epsilon>	"
79	91	<space>	<epsilon>
80	92	0	0
80	92	1	1
80	92	2	2
80	92	3	3
80	92	4	4
80	92	5	5
80	92	6	6
80	92	7	7
80	92	8	8
80	92	9	9
81	93	<space>	<epsilon>
82	94	0	0
82	94	1	1
82	94	2	2
82	94	3	3
82	94	4	4
82	94	5	5
82	94	6	6
82	94	7	7
82	94	8	8
82	94	9	9
83	95	<space>	<epsilon>
84	36	0	0
84	36	1	1
84	36	2	2
84	36	3	3
84	36	4	4
84	36	5	5
84	36	6	6
84	36	7	7
84	36	8	8
84	36	9	9
85	25	<epsilon>	"
85	96	'	<epsilon>
86	97	,	<epsilon>
87	98	0	0
87	98	1	1
87	98	2	2
87	98	3	3
87	98	4	4
87	98	5	5
87	98	6	6
87	98	7	7
87	98	8	8
87	98	9	9
88	99	.	<epsilon>
89	100	0	0
89	100	1	1
89	100	2	2
89	100	3	3
89	100	4	4
89	100	5	5
89	100	6	6
89	100	7	7
89	100	8	8
89	100	9	9
90	25	<epsilon>	"
90	101	<space>	<epsilon>
91	102	'	<epsilon>
92	103	<space>	<epsilon>
93	104	,	<epsilon>
94	105	<space>	<epsilon>
95	106	.	<epsilon>
96	37	<space>	<epsilon>
97	107	<space>	<epsilon>
98	108	0	0
98	108	1	1
98	108	2	2
98	108	3	3
98	108	4	4
98	108	5	5
98	108	6	6
98	108	7	7
98	108	8	8
98	108	9	9
99	109	<space>	<epsilon>
100	110	0	0
100	110	1	1
100	110	2	2
100	110	3	3
100	110	4	4
100	110	5	5
100	110	6	6
100	110	7	7
100	110	8	8
100	110	9	9
101	111	'	<epsilon>
102	48	0	0
102	48	1	1
102	48	2	2
102	48	3	3
102	48	4	4
102	48	5	5
102	48	6	6
102	48	7	7
102	48	8	8
102	48	9	9
103	112	,	<epsilon>
104	113	0	0
104	113	1	1
104	113	2	2
104	113	3	3
104	113	4	4
104	113	5	5
104	113	6	6
104	113	7	7
104	113	8	8
104	113	9	9
105	114	.	<epsilon>
106	115	0	0
106	115	1	1
106	115	2	2
106	115	3	3
106	115	4	4
106	115	5	5
106	115	6	6
106	115	7	7
106	115	8	8
106	115	9	9
107	116	0	0
107	116	1	1
107	116	2	2
107	116	3	3
107	116	4	4
107	116	5	5
107	116	6	6
107	116	7	7
107	116	8	8
107	116	9	9
108	117	0	0
108	117	1	1
108	117	2	2
108	117	3	3
108	117	4	4
108	117	5	5
108	117	6	6
108	117	7	7
108	117	8	8
108	117	9	9
109	118	0	0
109	118	1	1
109	118	2	2
109	118	3	3
109	118	4	4
109	118	5	5
109	118	6	6
109	118	7	7
109	118	8	8
109	118	9	9
110	119	0	0
110	119	1	1
110	119	2	2
110	119	3	3
110	119	4	4
110	119	5	5
110	119	6	6
110	119	7	7
110	119	8	8
110	119	9	9
111	47	<space>	<epsilon>
112	120	<space>	<epsilon>
113	121	0	0
113	121	1	1
113	121	2	2
113	121	3	3
113	121	4	4
113	121	5	5
113	121	6	6
113	121	7	7
113	121	8	8
113	121	9	9
114	122	<space>	<epsilon>
115	123	0	0
115	123	1	1
115	123	2	2
115	123	3	3
115	123	4	4
115	123	5	5
115	123	6	6
115	123	7	7
115	123	8	8
115	123	9	9
116	124	0	0
116	124	1	1
116	124	2	2
116	124	3	3
116	124	4	4
116	124	5	5
116	124	6	6
116	124	7	7
116	124	8	8
116	124	9	9
117	25	<epsilon>	"
117	87	,	<epsilon>
118	125	0	0
118	125	1	1
118	125	2	2
118	125	3	3
118	125	4	4
118	125	5	5
118	125	6	6
118	125	7	7
118	125	8	8
118	125	9	9
119	25	<epsilon>	"
119	89	.	<epsilon>
120	126	0	0
120	126	1	1
120	126	2	2
120	126	3	3
120	126	4	4
120	126	5	5
120	126	6	6
120	126	7	7
120	126	8	8
120	126	9	9
121	127	0	0
121	127	1	1
121	127	2	2
121	127	3	3
121	127	4	4
121	127	5	5
121	127	6	6
121	127	7	7
121	127	8	8
121	127	9	9
122	128	0	0
122	128	1	1
122	128	2	2
122	128	3	3
122	128	4	4
122	128	5	5
122	128	6	6
122	128	7	7
122	128	8	8
122	128	9	9
123	129	0	0
123	129	1	1
123	129	2	2
123	129	3	3
123	129	4	4
123	129	5	5
123	129	6	6
123	129	7	7
123	129	8	8
123	129	9	9
124	130	0	0
124	130	1	1
124	130	2	2
124	130	3	3
124	130	4	4
124	130	5	5
124	130	6	6
124	130	7	7
124	130	8	8
124	130	9	9
125	131	0	0
125	131	1	1
125	131	2	2
125	131	3	3
125	131	4	4
125	131	5	5
125	131	6	6
125	131	7	7
125	131	8	8
125	131	9	9
126	132	0	0
126	132	1	1
126	132	2	2
126	132	3	3
126	132	4	4
126	132	5	5
126	132	6	6
126	132	7	7
126	132	8	8
126	132	9	9
127	25	<epsilon>	"
127	93	<space>	<epsilon>
128	133	0	0
128	133	1	1
128	133	2	2
128	133	3	3
128	133	4	4
128	133	5	5
128	133	6	6
128	133	7	7
128	133	8	8
128	133	9	9
129	25	<epsilon>	"
129	95	<space>	<epsilon>
130	25	<epsilon>	"
130	97	,	<epsilon>
131	25	<epsilon>	"
131	99	.	<epsilon>
132	134	0	0
132	134	1	1
132	134	2	2
132	134	3	3
132	134	4	4
132	134	5	5
132	134	6	6
132	134	7	7
132	134	8	8
132	134	9	9
133	135	0	0
133	135	1	1
133	135	2	2
133	135	3	3
133	135	4	4
133	135	5	5
133	135	6	6
133	135	7	7
133	135	8	8
133	135	9	9
134	25	<epsilon>	"
134	103	<space>	<epsilon>
135	25	<epsilon>	"
135	105	<space>	<epsilon>
