0	1	0	0
0	2	1	1
0	2	2	2
0	2	3	3
0	2	4	4
0	2	5	5
0	2	6	6
0	2	7	7
0	2	8	8
0	2	9	9
1
2	4	,	<epsilon>
2	3	0	0
2	3	1	1
2	3	2	2
2	3	3	3
2	3	4	4
2	3	5	5
2	3	6	6
2	3	7	7
2	3	8	8
2	3	9	9
2
3	4	,	<epsilon>
3	5	0	0
3	5	1	1
3	5	2	2
3	5	3	3
3	5	4	4
3	5	5	5
3	5	6	6
3	5	7	7
3	5	8	8
3	5	9	9
3
4	6	0	0
4	6	1	1
4	6	2	2
4	6	3	3
4	6	4	4
4	6	5	5
4	6	6	6
4	6	7	7
4	6	8	8
4	6	9	9
5	4	,	<epsilon>
5	7	0	0
5	7	1	1
5	7	2	2
5	7	3	3
5	7	4	4
5	7	5	5
5	7	6	6
5	7	7	7
5	7	8	8
5	7	9	9
5
6	8	0	0
6	8	1	1
6	8	2	2
6	8	3	3
6	8	4	4
6	8	5	5
6	8	6	6
6	8	7	7
6	8	8	8
6	8	9	9
7	4	,	<epsilon>
7	9	0	0
7	9	1	1
7	9	2	2
7	9	3	3
7	9	4	4
7	9	5	5
7	9	6	6
7	9	7	7
7	9	8	8
7	9	9	9
7
8	10	0	0
8	10	1	1
8	10	2	2
8	10	3	3
8	10	4	4
8	10	5	5
8	10	6	6
8	10	7	7
8	10	8	8
8	10	9	9
9	9	0	0
9	9	1	1
9	9	2	2
9	9	3	3
9	9	4	4
9	9	5	5
9	9	6	6
9	9	7	7
9	9	8	8
9	9	9	9
9
10	4	,	<epsilon>
10
