0	1	<epsilon>	c
1	2	<epsilon>	a
2	3	<epsilon>	r
3	4	<epsilon>	d
4	5	<epsilon>	i
5	6	<epsilon>	n
6	7	<epsilon>	a
7	8	<epsilon>	l
8	9	<epsilon>	<space>
9	10	<epsilon>	{
10	11	<epsilon>	<space>
11	12	<epsilon>	i
12	13	<epsilon>	n
13	14	<epsilon>	t
14	15	<epsilon>	e
15	16	<epsilon>	g
16	17	<epsilon>	e
17	18	<epsilon>	r
18	19	<epsilon>	:
19	20	<epsilon>	<space>
20	21	<epsilon>	"
21	24	-	-
21	22	0	0
21	23	1	1
21	23	2	2
21	23	3	3
21	23	4	4
21	23	5	5
21	23	6	6
21	23	7	7
21	23	8	8
21	23	9	9
22	25	<epsilon>	"
23	25	<epsilon>	"
23	26	<space>	<epsilon>
23	27	,	<epsilon>
23	28	0	0
23	29	1	1
23	29	2	2
23	29	3	3
23	29	4	4
23	29	5	5
23	29	6	6
23	29	7	7
23	29	8	8
23	29	9	9
24	22	0	0
24	23	1	1
24	23	2	2
24	23	3	3
24	23	4	4
24	23	5	5
24	23	6	6
24	23	7	7
24	23	8	8
24	23	9	9
25	30	<epsilon>	<space>
26	31	,	<epsilon>
26	32	0	0
26	32	1	1
26	32	2	2
26	32	3	3
26	32	4	4
26	32	5	5
26	32	6	6
26	32	7	7
26	32	8	8
26	32	9	9
27	33	<space>	<epsilon>
27	34	0	0
27	34	1	1
27	34	2	2
27	34	3	3
27	34	4	4
27	34	5	5
27	34	6	6
27	34	7	7
27	34	8	8
27	34	9	9
28	25	<epsilon>	"
28	26	<space>	<epsilon>
28	27	,	<epsilon>
28	35	0	0
28	36	1	1
28	36	2	2
28	36	3	3
28	36	4	4
28	36	5	5
28	36	6	6
28	36	7	7
28	36	8	8
28	36	9	9
29	25	<epsilon>	"
29	26	<space>	<epsilon>
29	27	,	<epsilon>
29	35	0	0
29	37	1	1
29	37	2	2
29	37	3	3
29	37	4	4
29	37	5	5
29	37	6	6
29	37	7	7
29	37	8	8
29	37	9	9
30	38	<epsilon>	}
31	39	<space>	<epsilon>
31	40	0	0
31	40	1	1
31	40	2	2
31	40	3	3
31	40	4	4
31	40	5	5
31	40	6	6
31	40	7	7
31	40	8	8
31	40	9	9
32	41	0	0
32	41	1	1
32	41	2	2
32	41	3	3
32	41	4	4
32	41	5	5
32	41	6	6
32	41	7	7
32	41	8	8
32	41	9	9
33	42	0	0
34	43	0	0
34	43	1	1
34	43	2	2
34	43	3	3
34	43	4	4
34	43	5	5
34	43	6	6
34	43	7	7
34	43	8	8
34	43	9	9
35	25	<epsilon>	"
35	26	<space>	<epsilon>
35	27	,	<epsilon>
35	44	0	0
35	45	1	1
35	45	2	2
35	45	3	3
35	45	4	4
35	45	5	5
35	45	6	6
35	45	7	7
35	45	8	8
35	45	9	9
36	25	<epsilon>	"
36	26	<space>	<epsilon>
36	46	,	<epsilon>
36	45	0	0
36	45	1	1
36	45	2	2
36	45	3	3
36	45	4	4
36	45	5	5
36	45	6	6
36	45	7	7
36	45	8	8
36	45	9	9
37	25	<epsilon>	"
37	26	<space>	<epsilon>
37	27	,	<epsilon>
37	44	0	0
37	44	1	1
37	44	2	2
37	44	3	3
37	44	4	4
37	44	5	5
37	44	6	6
37	44	7	7
37	44	8	8
37	44	9	9
38
39	47	0	0
39	47	1	1
39	47	2	2
39	47	3	3
39	47	4	4
39	47	5	5
39	47	6	6
39	47	7	7
39	47	8	8
39	47	9	9
40	48	0	0
40	48	1	1
40	48	2	2
40	48	3	3
40	48	4	4
40	48	5	5
40	48	6	6
40	48	7	7
40	48	8	8
40	48	9	9
41	49	0	0
41	49	1	1
41	49	2	2
41	49	3	3
41	49	4	4
41	49	5	5
41	49	6	6
41	49	7	7
41	49	8	8
41	49	9	9
42	50	0	0
43	51	0	0
43	51	1	1
43	51	2	2
43	51	3	3
43	51	4	4
43	51	5	5
43	51	6	6
43	51	7	7
43	51	8	8
43	51	9	9
44	25	<epsilon>	"
44	52	<space>	<epsilon>
44	27	,	<epsilon>
44	53	0	0
44	53	1	1
44	53	2	2
44	53	3	3
44	53	4	4
44	53	5	5
44	53	6	6
44	53	7	7
44	53	8	8
44	53	9	9
45	25	<epsilon>	"
45	52	<space>	<epsilon>
45	46	,	<epsilon>
45	53	0	0
45	53	1	1
45	53	2	2
45	53	3	3
45	53	4	4
45	53	5	5
45	53	6	6
45	53	7	7
45	53	8	8
45	53	9	9
46	34	0	0
46	34	1	1
46	34	2	2
46	34	3	3
46	34	4	4
46	34	5	5
46	34	6	6
46	34	7	7
46	34	8	8
46	34	9	9
47	54	0	0
47	54	1	1
47	54	2	2
47	54	3	3
47	54	4	4
47	54	5	5
47	54	6	6
47	54	7	7
47	54	8	8
47	54	9	9
48	55	0	0
48	55	1	1
48	55	2	2
48	55	3	3
48	55	4	4
48	55	5	5
48	55	6	6
48	55	7	7
48	55	8	8
48	55	9	9
49	25	<epsilon>	"
49	56	<space>	<epsilon>
50	57	0	0
51	25	<epsilon>	"
51	46	,	<epsilon>
52	31	,	<epsilon>
53	25	<epsilon>	"
53	53	0	0
53	53	1	1
53	53	2	2
53	53	3	3
53	53	4	4
53	53	5	5
53	53	6	6
53	53	7	7
53	53	8	8
53	53	9	9
54	58	0	0
54	58	1	1
54	58	2	2
54	58	3	3
54	58	4	4
54	58	5	5
54	58	6	6
54	58	7	7
54	58	8	8
54	58	9	9
55	25	<epsilon>	"
55	59	<space>	<epsilon>
56	32	0	0
56	32	1	1
56	32	2	2
56	32	3	3
56	32	4	4
56	32	5	5
56	32	6	6
56	32	7	7
56	32	8	8
56	32	9	9
57	25	<epsilon>	"
57	60	,	<epsilon>
58	25	<epsilon>	"
58	61	<space>	<epsilon>
59	62	,	<epsilon>
60	33	<space>	<epsilon>
61	63	,	<epsilon>
62	40	0	0
62	40	1	1
62	40	2	2
62	40	3	3
62	40	4	4
62	40	5	5
62	40	6	6
62	40	7	7
62	40	8	8
62	40	9	9
63	39	<space>	<epsilon>
