0	1	0	0
0	2	1	1
0	2	2	2
0	2	3	3
0	2	4	4
0	2	5	5
0	2	6	6
0	2	7	7
0	2	8	8
0	2	9	9
1
2	5	<space>	<epsilon>
2	7	,	<epsilon>
2	6	.	<epsilon>
2	3	0	0
2	4	1	1
2	4	2	2
2	4	3	3
2	4	4	4
2	4	5	5
2	4	6	6
2	4	7	7
2	4	8	8
2	4	9	9
2
3	5	<space>	<epsilon>
3	7	,	<epsilon>
3	6	.	<epsilon>
3	8	0	0
3	9	1	1
3	9	2	2
3	9	3	3
3	9	4	4
3	9	5	5
3	9	6	6
3	9	7	7
3	9	8	8
3	9	9	9
3
4	5	<space>	<epsilon>
4	7	,	<epsilon>
4	6	.	<epsilon>
4	8	0	0
4	10	1	1
4	10	2	2
4	10	3	3
4	10	4	4
4	10	5	5
4	10	6	6
4	10	7	7
4	10	8	8
4	10	9	9
4
5	13	,	<epsilon>
5	12	.	<epsilon>
5	11	0	0
5	11	1	1
5	11	2	2
5	11	3	3
5	11	4	4
5	11	5	5
5	11	6	6
5	11	7	7
5	11	8	8
5	11	9	9
6	15	<space>	<epsilon>
6	14	0	0
6	14	1	1
6	14	2	2
6	14	3	3
6	14	4	4
6	14	5	5
6	14	6	6
6	14	7	7
6	14	8	8
6	14	9	9
7	18	<space>	<epsilon>
7	16	0	0
7	17	1	1
7	17	2	2
7	17	3	3
7	17	4	4
7	17	5	5
7	17	6	6
7	17	7	7
7	17	8	8
7	17	9	9
8	5	<space>	<epsilon>
8	7	,	<epsilon>
8	6	.	<epsilon>
8	19	0	0
8	20	1	1
8	20	2	2
8	20	3	3
8	20	4	4
8	20	5	5
8	20	6	6
8	20	7	7
8	20	8	8
8	20	9	9
8
9	5	<space>	<epsilon>
9	7	,	<epsilon>
9	21	.	<epsilon>
9	20	0	0
9	20	1	1
9	20	2	2
9	20	3	3
9	20	4	4
9	20	5	5
9	20	6	6
9	20	7	7
9	20	8	8
9	20	9	9
9
10	5	<space>	<epsilon>
10	7	,	<epsilon>
10	6	.	<epsilon>
10	19	0	0
10	19	1	1
10	19	2	2
10	19	3	3
10	19	4	4
10	19	5	5
10	19	6	6
10	19	7	7
10	19	8	8
10	19	9	9
10
11	22	0	0
11	22	1	1
11	22	2	2
11	22	3	3
11	22	4	4
11	22	5	5
11	22	6	6
11	22	7	7
11	22	8	8
11	22	9	9
12	24	<space>	<epsilon>
12	23	0	0
12	23	1	1
12	23	2	2
12	23	3	3
12	23	4	4
12	23	5	5
12	23	6	6
12	23	7	7
12	23	8	8
12	23	9	9
13	26	<space>	<epsilon>
13	25	0	0
13	25	1	1
13	25	2	2
13	25	3	3
13	25	4	4
13	25	5	5
13	25	6	6
13	25	7	7
13	25	8	8
13	25	9	9
14	27	0	0
14	27	1	1
14	27	2	2
14	27	3	3
14	27	4	4
14	27	5	5
14	27	6	6
14	27	7	7
14	27	8	8
14	27	9	9
15	28	0	0
16	29	0	0
16	30	1	1
16	30	2	2
16	30	3	3
16	30	4	4
16	30	5	5
16	30	6	6
16	30	7	7
16	30	8	8
16	30	9	9
17	30	0	0
17	30	1	1
17	30	2	2
17	30	3	3
17	30	4	4
17	30	5	5
17	30	6	6
17	30	7	7
17	30	8	8
17	30	9	9
18	31	0	0
18	31	1	1
18	31	2	2
18	31	3	3
18	31	4	4
18	31	5	5
18	31	6	6
18	31	7	7
18	31	8	8
18	31	9	9
19	33	<space>	<epsilon>
19	6	.	<epsilon>
19	32	0	0
19	32	1	1
19	32	2	2
19	32	3	3
19	32	4	4
19	32	5	5
19	32	6	6
19	32	7	7
19	32	8	8
19	32	9	9
19
20	33	<space>	<epsilon>
20	21	.	<epsilon>
20	32	0	0
20	32	1	1
20	32	2	2
20	32	3	3
20	32	4	4
20	32	5	5
20	32	6	6
20	32	7	7
20	32	8	8
20	32	9	9
20
21	14	0	0
21	14	1	1
21	14	2	2
21	14	3	3
21	14	4	4
21	14	5	5
21	14	6	6
21	14	7	7
21	14	8	8
21	14	9	9
22	34	0	0
22	34	1	1
22	34	2	2
22	34	3	3
22	34	4	4
22	34	5	5
22	34	6	6
22	34	7	7
22	34	8	8
22	34	9	9
23	35	0	0
23	35	1	1
23	35	2	2
23	35	3	3
23	35	4	4
23	35	5	5
23	35	6	6
23	35	7	7
23	35	8	8
23	35	9	9
24	36	0	0
24	36	1	1
24	36	2	2
24	36	3	3
24	36	4	4
24	36	5	5
24	36	6	6
24	36	7	7
24	36	8	8
24	36	9	9
25	37	0	0
25	37	1	1
25	37	2	2
25	37	3	3
25	37	4	4
25	37	5	5
25	37	6	6
25	37	7	7
25	37	8	8
25	37	9	9
26	38	0	0
26	38	1	1
26	38	2	2
26	38	3	3
26	38	4	4
26	38	5	5
26	38	6	6
26	38	7	7
26	38	8	8
26	38	9	9
27	39	0	0
27	39	1	1
27	39	2	2
27	39	3	3
27	39	4	4
27	39	5	5
27	39	6	6
27	39	7	7
27	39	8	8
27	39	9	9
28	40	0	0
29	67	0	0
29	41	1	1
29	41	2	2
29	41	3	3
29	41	4	4
29	41	5	5
29	41	6	6
29	41	7	7
29	41	8	8
29	41	9	9
30	41	0	0
30	41	1	1
30	41	2	2
30	41	3	3
30	41	4	4
30	41	5	5
30	41	6	6
30	41	7	7
30	41	8	8
30	41	9	9
31	42	0	0
31	42	1	1
31	42	2	2
31	42	3	3
31	42	4	4
31	42	5	5
31	42	6	6
31	42	7	7
31	42	8	8
31	42	9	9
32	32	0	0
32	32	1	1
32	32	2	2
32	32	3	3
32	32	4	4
32	32	5	5
32	32	6	6
32	32	7	7
32	32	8	8
32	32	9	9
32
33	12	.	<epsilon>
34	43	<space>	<epsilon>
34
35	44	0	0
35	44	1	1
35	44	2	2
35	44	3	3
35	44	4	4
35	44	5	5
35	44	6	6
35	44	7	7
35	44	8	8
35	44	9	9
36	45	0	0
36	45	1	1
36	45	2	2
36	45	3	3
36	45	4	4
36	45	5	5
36	45	6	6
36	45	7	7
36	45	8	8
36	45	9	9
37	46	0	0
37	46	1	1
37	46	2	2
37	46	3	3
37	46	4	4
37	46	5	5
37	46	6	6
37	46	7	7
37	46	8	8
37	46	9	9
38	47	0	0
38	47	1	1
38	47	2	2
38	47	3	3
38	47	4	4
38	47	5	5
38	47	6	6
38	47	7	7
38	47	8	8
38	47	9	9
39	21	.	<epsilon>
39
40	48	0	0
41	49	,	<epsilon>
42	50	0	0
42	50	1	1
42	50	2	2
42	50	3	3
42	50	4	4
42	50	5	5
42	50	6	6
42	50	7	7
42	50	8	8
42	50	9	9
43	11	0	0
43	11	1	1
43	11	2	2
43	11	3	3
43	11	4	4
43	11	5	5
43	11	6	6
43	11	7	7
43	11	8	8
43	11	9	9
44	51	<space>	<epsilon>
44
45	52	0	0
45	52	1	1
45	52	2	2
45	52	3	3
45	52	4	4
45	52	5	5
45	52	6	6
45	52	7	7
45	52	8	8
45	52	9	9
46	53	<space>	<epsilon>
47	54	0	0
47	54	1	1
47	54	2	2
47	54	3	3
47	54	4	4
47	54	5	5
47	54	6	6
47	54	7	7
47	54	8	8
47	54	9	9
48	55	.	<epsilon>
48
49	56	0	0
49	56	1	1
49	56	2	2
49	56	3	3
49	56	4	4
49	56	5	5
49	56	6	6
49	56	7	7
49	56	8	8
49	56	9	9
50	57	,	<epsilon>
51	58	.	<epsilon>
52	59	<space>	<epsilon>
52
53	60	,	<epsilon>
54	61	<space>	<epsilon>
55	15	<space>	<epsilon>
56	62	0	0
56	62	1	1
56	62	2	2
56	62	3	3
56	62	4	4
56	62	5	5
56	62	6	6
56	62	7	7
56	62	8	8
56	62	9	9
57	63	<space>	<epsilon>
58	23	0	0
58	23	1	1
58	23	2	2
58	23	3	3
58	23	4	4
58	23	5	5
58	23	6	6
58	23	7	7
58	23	8	8
58	23	9	9
59	64	.	<epsilon>
60	65	0	0
60	65	1	1
60	65	2	2
60	65	3	3
60	65	4	4
60	65	5	5
60	65	6	6
60	65	7	7
60	65	8	8
60	65	9	9
61	66	,	<epsilon>
62	67	0	0
62	67	1	1
62	67	2	2
62	67	3	3
62	67	4	4
62	67	5	5
62	67	6	6
62	67	7	7
62	67	8	8
62	67	9	9
63	68	0	0
63	68	1	1
63	68	2	2
63	68	3	3
63	68	4	4
63	68	5	5
63	68	6	6
63	68	7	7
63	68	8	8
63	68	9	9
64	24	<space>	<epsilon>
65	69	0	0
65	69	1	1
65	69	2	2
65	69	3	3
65	69	4	4
65	69	5	5
65	69	6	6
65	69	7	7
65	69	8	8
65	69	9	9
66	70	<space>	<epsilon>
67	49	,	<epsilon>
67
68	71	0	0
68	71	1	1
68	71	2	2
68	71	3	3
68	71	4	4
68	71	5	5
68	71	6	6
68	71	7	7
68	71	8	8
68	71	9	9
69	72	0	0
69	72	1	1
69	72	2	2
69	72	3	3
69	72	4	4
69	72	5	5
69	72	6	6
69	72	7	7
69	72	8	8
69	72	9	9
70	73	0	0
70	73	1	1
70	73	2	2
70	73	3	3
70	73	4	4
70	73	5	5
70	73	6	6
70	73	7	7
70	73	8	8
70	73	9	9
71	74	0	0
71	74	1	1
71	74	2	2
71	74	3	3
71	74	4	4
71	74	5	5
71	74	6	6
71	74	7	7
71	74	8	8
71	74	9	9
72	53	<space>	<epsilon>
72
73	75	0	0
73	75	1	1
73	75	2	2
73	75	3	3
73	75	4	4
73	75	5	5
73	75	6	6
73	75	7	7
73	75	8	8
73	75	9	9
74	57	,	<epsilon>
74
75	76	0	0
75	76	1	1
75	76	2	2
75	76	3	3
75	76	4	4
75	76	5	5
75	76	6	6
75	76	7	7
75	76	8	8
75	76	9	9
76	61	<space>	<epsilon>
76
