0	1	0	0
0	2	1	1
0	2	2	2
0	2	3	3
0	2	4	4
0	2	5	5
0	2	6	6
0	2	7	7
0	2	8	8
0	2	9	9
1
2	5	<space>	<epsilon>
2	6	'	<epsilon>
2	7	,	<epsilon>
2	8	.	<epsilon>
2	3	0	0
2	4	1	1
2	4	2	2
2	4	3	3
2	4	4	4
2	4	5	5
2	4	6	6
2	4	7	7
2	4	8	8
2	4	9	9
2
3	5	<space>	<epsilon>
3	6	'	<epsilon>
3	7	,	<epsilon>
3	8	.	<epsilon>
3	9	0	0
3	10	1	1
3	10	2	2
3	10	3	3
3	10	4	4
3	10	5	5
3	10	6	6
3	10	7	7
3	10	8	8
3	10	9	9
3
4	5	<space>	<epsilon>
4	6	'	<epsilon>
4	7	,	<epsilon>
4	8	.	<epsilon>
4	9	0	0
4	11	1	1
4	11	2	2
4	11	3	3
4	11	4	4
4	11	5	5
4	11	6	6
4	11	7	7
4	11	8	8
4	11	9	9
4
5	13	'	<epsilon>
5	14	,	<epsilon>
5	15	.	<epsilon>
5	12	0	0
5	12	1	1
5	12	2	2
5	12	3	3
5	12	4	4
5	12	5	5
5	12	6	6
5	12	7	7
5	12	8	8
5	12	9	9
6	17	<space>	<epsilon>
6	16	0	0
6	16	1	1
6	16	2	2
6	16	3	3
6	16	4	4
6	16	5	5
6	16	6	6
6	16	7	7
6	16	8	8
6	16	9	9
7	19	<space>	<epsilon>
7	18	0	0
7	18	1	1
7	18	2	2
7	18	3	3
7	18	4	4
7	18	5	5
7	18	6	6
7	18	7	7
7	18	8	8
7	18	9	9
8	21	<space>	<epsilon>
8	20	0	0
8	20	1	1
8	20	2	2
8	20	3	3
8	20	4	4
8	20	5	5
8	20	6	6
8	20	7	7
8	20	8	8
8	20	9	9
9	5	<space>	<epsilon>
9	6	'	<epsilon>
9	7	,	<epsilon>
9	8	.	<epsilon>
9	22	0	0
9	23	1	1
9	23	2	2
9	23	3	3
9	23	4	4
9	23	5	5
9	23	6	6
9	23	7	7
9	23	8	8
9	23	9	9
9
10	5	<space>	<epsilon>
10	24	'	<epsilon>
10	7	,	<epsilon>
10	8	.	<epsilon>
10	23	0	0
10	23	1	1
10	23	2	2
10	23	3	3
10	23	4	4
10	23	5	5
10	23	6	6
10	23	7	7
10	23	8	8
10	23	9	9
10
11	5	<space>	<epsilon>
11	6	'	<epsilon>
11	7	,	<epsilon>
11	8	.	<epsilon>
11	22	0	0
11	22	1	1
11	22	2	2
11	22	3	3
11	22	4	4
11	22	5	5
11	22	6	6
11	22	7	7
11	22	8	8
11	22	9	9
11
12	25	0	0
12	25	1	1
12	25	2	2
12	25	3	3
12	25	4	4
12	25	5	5
12	25	6	6
12	25	7	7
12	25	8	8
12	25	9	9
13	27	<space>	<epsilon>
13	26	0	0
13	26	1	1
13	26	2	2
13	26	3	3
13	26	4	4
13	26	5	5
13	26	6	6
13	26	7	7
13	26	8	8
13	26	9	9
14	29	<space>	<epsilon>
14	28	0	0
14	28	1	1
14	28	2	2
14	28	3	3
14	28	4	4
14	28	5	5
14	28	6	6
14	28	7	7
14	28	8	8
14	28	9	9
15	31	<space>	<epsilon>
15	30	0	0
15	30	1	1
15	30	2	2
15	30	3	3
15	30	4	4
15	30	5	5
15	30	6	6
15	30	7	7
15	30	8	8
15	30	9	9
16	32	0	0
16	32	1	1
16	32	2	2
16	32	3	3
16	32	4	4
16	32	5	5
16	32	6	6
16	32	7	7
16	32	8	8
16	32	9	9
17	33	0	0
18	34	0	0
18	34	1	1
18	34	2	2
18	34	3	3
18	34	4	4
18	34	5	5
18	34	6	6
18	34	7	7
18	34	8	8
18	34	9	9
19	35	0	0
19	35	1	1
19	35	2	2
19	35	3	3
19	35	4	4
19	35	5	5
19	35	6	6
19	35	7	7
19	35	8	8
19	35	9	9
20	36	0	0
20	36	1	1
20	36	2	2
20	36	3	3
20	36	4	4
20	36	5	5
20	36	6	6
20	36	7	7
20	36	8	8
20	36	9	9
21	37	0	0
21	37	1	1
21	37	2	2
21	37	3	3
21	37	4	4
21	37	5	5
21	37	6	6
21	37	7	7
21	37	8	8
21	37	9	9
22	39	<space>	<epsilon>
22	6	'	<epsilon>
22	38	0	0
22	38	1	1
22	38	2	2
22	38	3	3
22	38	4	4
22	38	5	5
22	38	6	6
22	38	7	7
22	38	8	8
22	38	9	9
22
23	39	<space>	<epsilon>
23	24	'	<epsilon>
23	38	0	0
23	38	1	1
23	38	2	2
23	38	3	3
23	38	4	4
23	38	5	5
23	38	6	6
23	38	7	7
23	38	8	8
23	38	9	9
23
24	16	0	0
24	16	1	1
24	16	2	2
24	16	3	3
24	16	4	4
24	16	5	5
24	16	6	6
24	16	7	7
24	16	8	8
24	16	9	9
25	40	0	0
25	40	1	1
25	40	2	2
25	40	3	3
25	40	4	4
25	40	5	5
25	40	6	6
25	40	7	7
25	40	8	8
25	40	9	9
26	41	0	0
26	41	1	1
26	41	2	2
26	41	3	3
26	41	4	4
26	41	5	5
26	41	6	6
26	41	7	7
26	41	8	8
26	41	9	9
27	42	0	0
27	42	1	1
27	42	2	2
27	42	3	3
27	42	4	4
27	42	5	5
27	42	6	6
27	42	7	7
27	42	8	8
27	42	9	9
28	43	0	0
28	43	1	1
28	43	2	2
28	43	3	3
28	43	4	4
28	43	5	5
28	43	6	6
28	43	7	7
28	43	8	8
28	43	9	9
29	44	0	0
29	44	1	1
29	44	2	2
29	44	3	3
29	44	4	4
29	44	5	5
29	44	6	6
29	44	7	7
29	44	8	8
29	44	9	9
30	45	0	0
30	45	1	1
30	45	2	2
30	45	3	3
30	45	4	4
30	45	5	5
30	45	6	6
30	45	7	7
30	45	8	8
30	45	9	9
31	46	0	0
31	46	1	1
31	46	2	2
31	46	3	3
31	46	4	4
31	46	5	5
31	46	6	6
31	46	7	7
31	46	8	8
31	46	9	9
32	47	0	0
32	47	1	1
32	47	2	2
32	47	3	3
32	47	4	4
32	47	5	5
32	47	6	6
32	47	7	7
32	47	8	8
32	47	9	9
33	48	0	0
34	49	0	0
34	49	1	1
34	49	2	2
34	49	3	3
34	49	4	4
34	49	5	5
34	49	6	6
34	49	7	7
34	49	8	8
34	49	9	9
35	50	0	0
35	50	1	1
35	50	2	2
35	50	3	3
35	50	4	4
35	50	5	5
35	50	6	6
35	50	7	7
35	50	8	8
35	50	9	9
36	51	0	0
36	51	1	1
36	51	2	2
36	51	3	3
36	51	4	4
36	51	5	5
36	51	6	6
36	51	7	7
36	51	8	8
36	51	9	9
37	52	0	0
37	52	1	1
37	52	2	2
37	52	3	3
37	52	4	4
37	52	5	5
37	52	6	6
37	52	7	7
37	52	8	8
37	52	9	9
38	38	0	0
38	38	1	1
38	38	2	2
38	38	3	3
38	38	4	4
38	38	5	5
38	38	6	6
38	38	7	7
38	38	8	8
38	38	9	9
38
39	13	'	<epsilon>
40	53	<space>	<epsilon>
40
41	54	0	0
41	54	1	1
41	54	2	2
41	54	3	3
41	54	4	4
41	54	5	5
41	54	6	6
41	54	7	7
41	54	8	8
41	54	9	9
42	55	0	0
42	55	1	1
42	55	2	2
42	55	3	3
42	55	4	4
42	55	5	5
42	55	6	6
42	55	7	7
42	55	8	8
42	55	9	9
43	56	0	0
43	56	1	1
43	56	2	2
43	56	3	3
43	56	4	4
43	56	5	5
43	56	6	6
43	56	7	7
43	56	8	8
43	56	9	9
44	57	0	0
44	57	1	1
44	57	2	2
44	57	3	3
44	57	4	4
44	57	5	5
44	57	6	6
44	57	7	7
44	57	8	8
44	57	9	9
45	58	0	0
45	58	1	1
45	58	2	2
45	58	3	3
45	58	4	4
45	58	5	5
45	58	6	6
45	58	7	7
45	58	8	8
45	58	9	9
46	59	0	0
46	59	1	1
46	59	2	2
46	59	3	3
46	59	4	4
46	59	5	5
46	59	6	6
46	59	7	7
46	59	8	8
46	59	9	9
47	24	'	<epsilon>
47
48	60	0	0
49	61	,	<epsilon>
50	62	0	0
50	62	1	1
50	62	2	2
50	62	3	3
50	62	4	4
50	62	5	5
50	62	6	6
50	62	7	7
50	62	8	8
50	62	9	9
51	63	.	<epsilon>
52	64	0	0
52	64	1	1
52	64	2	2
52	64	3	3
52	64	4	4
52	64	5	5
52	64	6	6
52	64	7	7
52	64	8	8
52	64	9	9
53	12	0	0
53	12	1	1
53	12	2	2
53	12	3	3
53	12	4	4
53	12	5	5
53	12	6	6
53	12	7	7
53	12	8	8
53	12	9	9
54	65	<space>	<epsilon>
54
55	66	0	0
55	66	1	1
55	66	2	2
55	66	3	3
55	66	4	4
55	66	5	5
55	66	6	6
55	66	7	7
55	66	8	8
55	66	9	9
56	67	<space>	<epsilon>
57	68	0	0
57	68	1	1
57	68	2	2
57	68	3	3
57	68	4	4
57	68	5	5
57	68	6	6
57	68	7	7
57	68	8	8
57	68	9	9
58	69	<space>	<epsilon>
59	70	0	0
59	70	1	1
59	70	2	2
59	70	3	3
59	70	4	4
59	70	5	5
59	70	6	6
59	70	7	7
59	70	8	8
59	70	9	9
60	71	'	<epsilon>
60
61	72	0	0
61	72	1	1
61	72	2	2
61	72	3	3
61	72	4	4
61	72	5	5
61	72	6	6
61	72	7	7
61	72	8	8
61	72	9	9
62	73	,	<epsilon>
63	74	0	0
63	74	1	1
63	74	2	2
63	74	3	3
63	74	4	4
63	74	5	5
63	74	6	6
63	74	7	7
63	74	8	8
63	74	9	9
64	75	.	<epsilon>
65	76	'	<epsilon>
66	77	<space>	<epsilon>
66
67	78	,	<epsilon>
68	79	<space>	<epsilon>
69	80	.	<epsilon>
70	81	<space>	<epsilon>
71	17	<space>	<epsilon>
72	82	0	0
72	82	1	1
72	82	2	2
72	82	3	3
72	82	4	4
72	82	5	5
72	82	6	6
72	82	7	7
72	82	8	8
72	82	9	9
73	83	<space>	<epsilon>
74	84	0	0
74	84	1	1
74	84	2	2
74	84	3	3
74	84	4	4
74	84	5	5
74	84	6	6
74	84	7	7
74	84	8	8
74	84	9	9
75	85	<space>	<epsilon>
76	26	0	0
76	26	1	1
76	26	2	2
76	26	3	3
76	26	4	4
76	26	5	5
76	26	6	6
76	26	7	7
76	26	8	8
76	26	9	9
77	86	'	<epsilon>
78	87	0	0
78	87	1	1
78	87	2	2
78	87	3	3
78	87	4	4
78	87	5	5
78	87	6	6
78	87	7	7
78	87	8	8
78	87	9	9
79	88	,	<epsilon>
80	89	0	0
80	89	1	1
80	89	2	2
80	89	3	3
80	89	4	4
80	89	5	5
80	89	6	6
80	89	7	7
80	89	8	8
80	89	9	9
81	90	.	<epsilon>
82	91	0	0
82	91	1	1
82	91	2	2
82	91	3	3
82	91	4	4
82	91	5	5
82	91	6	6
82	91	7	7
82	91	8	8
82	91	9	9
83	92	0	0
83	92	1	1
83	92	2	2
83	92	3	3
83	92	4	4
83	92	5	5
83	92	6	6
83	92	7	7
83	92	8	8
83	92	9	9
84	93	0	0
84	93	1	1
84	93	2	2
84	93	3	3
84	93	4	4
84	93	5	5
84	93	6	6
84	93	7	7
84	93	8	8
84	93	9	9
85	94	0	0
85	94	1	1
85	94	2	2
85	94	3	3
85	94	4	4
85	94	5	5
85	94	6	6
85	94	7	7
85	94	8	8
85	94	9	9
86	27	<space>	<epsilon>
87	95	0	0
87	95	1	1
87	95	2	2
87	95	3	3
87	95	4	4
87	95	5	5
87	95	6	6
87	95	7	7
87	95	8	8
87	95	9	9
88	96	<space>	<epsilon>
89	97	0	0
89	97	1	1
89	97	2	2
89	97	3	3
89	97	4	4
89	97	5	5
89	97	6	6
89	97	7	7
89	97	8	8
89	97	9	9
90	98	<space>	<epsilon>
91	61	,	<epsilon>
91
92	99	0	0
92	99	1	1
92	99	2	2
92	99	3	3
92	99	4	4
92	99	5	5
92	99	6	6
92	99	7	7
92	99	8	8
92	99	9	9
93	63	.	<epsilon>
93
94	100	0	0
94	100	1	1
94	100	2	2
94	100	3	3
94	100	4	4
94	100	5	5
94	100	6	6
94	100	7	7
94	100	8	8
94	100	9	9
95	101	0	0
95	101	1	1
95	101	2	2
95	101	3	3
95	101	4	4
95	101	5	5
95	101	6	6
95	101	7	7
95	101	8	8
95	101	9	9
96	102	0	0
96	102	1	1
96	102	2	2
96	102	3	3
96	102	4	4
96	102	5	5
96	102	6	6
96	102	7	7
96	102	8	8
96	102	9	9
97	103	0	0
97	103	1	1
97	103	2	2
97	103	3	3
97	103	4	4
97	103	5	5
97	103	6	6
97	103	7	7
97	103	8	8
97	103	9	9
98	104	0	0
98	104	1	1
98	104	2	2
98	104	3	3
98	104	4	4
98	104	5	5
98	104	6	6
98	104	7	7
98	104	8	8
98	104	9	9
99	105	0	0
99	105	1	1
99	105	2	2
99	105	3	3
99	105	4	4
99	105	5	5
99	105	6	6
99	105	7	7
99	105	8	8
99	105	9	9
100	106	0	0
100	106	1	1
100	106	2	2
100	106	3	3
100	106	4	4
100	106	5	5
100	106	6	6
100	106	7	7
100	106	8	8
100	106	9	9
101	67	<space>	<epsilon>
101
102	107	0	0
102	107	1	1
102	107	2	2
102	107	3	3
102	107	4	4
102	107	5	5
102	107	6	6
102	107	7	7
102	107	8	8
102	107	9	9
103	69	<space>	<epsilon>
103
104	108	0	0
104	108	1	1
104	108	2	2
104	108	3	3
104	108	4	4
104	108	5	5
104	108	6	6
104	108	7	7
104	108	8	8
104	108	9	9
105	73	,	<epsilon>
105
106	75	.	<epsilon>
106
107	109	0	0
107	109	1	1
107	109	2	2
107	109	3	3
107	109	4	4
107	109	5	5
107	109	6	6
107	109	7	7
107	109	8	8
107	109	9	9
108	110	0	0
108	110	1	1
108	110	2	2
108	110	3	3
108	110	4	4
108	110	5	5
108	110	6	6
108	110	7	7
108	110	8	8
108	110	9	9
109	79	<space>	<epsilon>
109
110	81	<space>	<epsilon>
110
