0	1	<epsilon>	c
1	2	<epsilon>	a
2	3	<epsilon>	r
3	4	<epsilon>	d
4	5	<epsilon>	i
5	6	<epsilon>	n
6	7	<epsilon>	a
7	8	<epsilon>	l
8	9	<epsilon>	<space>
9	10	<epsilon>	{
10	11	<epsilon>	<space>
11	12	<epsilon>	i
12	13	<epsilon>	n
13	14	<epsilon>	t
14	15	<epsilon>	e
15	16	<epsilon>	g
16	17	<epsilon>	e
17	18	<epsilon>	r
18	19	<epsilon>	:
19	20	<epsilon>	<space>
20	21	<epsilon>	"
21	24	-	-
21	22	0	0
21	23	1	1
21	23	2	2
21	23	3	3
21	23	4	4
21	23	5	5
21	23	6	6
21	23	7	7
21	23	8	8
21	23	9	9
22	25	<epsilon>	"
23	25	<epsilon>	"
23	26	<space>	<epsilon>
23	27	,	<epsilon>
23	28	.	<epsilon>
23	29	0	0
23	30	1	1
23	30	2	2
23	30	3	3
23	30	4	4
23	30	5	5
23	30	6	6
23	30	7	7
23	30	8	8
23	30	9	9
24	22	0	0
24	23	1	1
24	23	2	2
24	23	3	3
24	23	4	4
24	23	5	5
24	23	6	6
24	23	7	7
24	23	8	8
24	23	9	9
25	31	<epsilon>	<space>
26	32	,	<epsilon>
26	33	.	<epsilon>
26	34	0	0
26	34	1	1
26	34	2	2
26	34	3	3
26	34	4	4
26	34	5	5
26	34	6	6
26	34	7	7
26	34	8	8
26	34	9	9
27	35	<space>	<epsilon>
27	36	0	0
27	37	1	1
27	37	2	2
27	37	3	3
27	37	4	4
27	37	5	5
27	37	6	6
27	37	7	7
27	37	8	8
27	37	9	9
28	38	<space>	<epsilon>
28	39	0	0
28	39	1	1
28	39	2	2
28	39	3	3
28	39	4	4
28	39	5	5
28	39	6	6
28	39	7	7
28	39	8	8
28	39	9	9
29	25	<epsilon>	"
29	26	<space>	<epsilon>
29	27	,	<epsilon>
29	28	.	<epsilon>
29	40	0	0
29	41	1	1
29	41	2	2
29	41	3	3
29	41	4	4
29	41	5	5
29	41	6	6
29	41	7	7
29	41	8	8
29	41	9	9
30	25	<epsilon>	"
30	26	<space>	<epsilon>
30	27	,	<epsilon>
30	28	.	<epsilon>
30	40	0	0
30	42	1	1
30	42	2	2
30	42	3	3
30	42	4	4
30	42	5	5
30	42	6	6
30	42	7	7
30	42	8	8
30	42	9	9
31	43	<epsilon>	}
32	44	<space>	<epsilon>
32	45	0	0
32	45	1	1
32	45	2	2
32	45	3	3
32	45	4	4
32	45	5	5
32	45	6	6
32	45	7	7
32	45	8	8
32	45	9	9
33	46	<space>	<epsilon>
33	47	0	0
33	47	1	1
33	47	2	2
33	47	3	3
33	47	4	4
33	47	5	5
33	47	6	6
33	47	7	7
33	47	8	8
33	47	9	9
34	48	0	0
34	48	1	1
34	48	2	2
34	48	3	3
34	48	4	4
34	48	5	5
34	48	6	6
34	48	7	7
34	48	8	8
34	48	9	9
35	49	0	0
35	49	1	1
35	49	2	2
35	49	3	3
35	49	4	4
35	49	5	5
35	49	6	6
35	49	7	7
35	49	8	8
35	49	9	9
36	50	0	0
36	51	1	1
36	51	2	2
36	51	3	3
36	51	4	4
36	51	5	5
36	51	6	6
36	51	7	7
36	51	8	8
36	51	9	9
37	51	0	0
37	51	1	1
37	51	2	2
37	51	3	3
37	51	4	4
37	51	5	5
37	51	6	6
37	51	7	7
37	51	8	8
37	51	9	9
38	52	0	0
39	53	0	0
39	53	1	1
39	53	2	2
39	53	3	3
39	53	4	4
39	53	5	5
39	53	6	6
39	53	7	7
39	53	8	8
39	53	9	9
40	25	<epsilon>	"
40	26	<space>	<epsilon>
40	27	,	<epsilon>
40	28	.	<epsilon>
40	54	0	0
40	55	1	1
40	55	2	2
40	55	3	3
40	55	4	4
40	55	5	5
40	55	6	6
40	55	7	7
40	55	8	8
40	55	9	9
41	25	<epsilon>	"
41	26	<space>	<epsilon>
41	27	,	<epsilon>
41	56	.	<epsilon>
41	55	0	0
41	55	1	1
41	55	2	2
41	55	3	3
41	55	4	4
41	55	5	5
41	55	6	6
41	55	7	7
41	55	8	8
41	55	9	9
42	25	<epsilon>	"
42	26	<space>	<epsilon>
42	27	,	<epsilon>
42	28	.	<epsilon>
42	54	0	0
42	54	1	1
42	54	2	2
42	54	3	3
42	54	4	4
42	54	5	5
42	54	6	6
42	54	7	7
42	54	8	8
42	54	9	9
43
44	57	0	0
44	57	1	1
44	57	2	2
44	57	3	3
44	57	4	4
44	57	5	5
44	57	6	6
44	57	7	7
44	57	8	8
44	57	9	9
45	58	0	0
45	58	1	1
45	58	2	2
45	58	3	3
45	58	4	4
45	58	5	5
45	58	6	6
45	58	7	7
45	58	8	8
45	58	9	9
46	59	0	0
46	59	1	1
46	59	2	2
46	59	3	3
46	59	4	4
46	59	5	5
46	59	6	6
46	59	7	7
46	59	8	8
46	59	9	9
47	60	0	0
47	60	1	1
47	60	2	2
47	60	3	3
47	60	4	4
47	60	5	5
47	60	6	6
47	60	7	7
47	60	8	8
47	60	9	9
48	61	0	0
48	61	1	1
48	61	2	2
48	61	3	3
48	61	4	4
48	61	5	5
48	61	6	6
48	61	7	7
48	61	8	8
48	61	9	9
49	62	0	0
49	62	1	1
49	62	2	2
49	62	3	3
49	62	4	4
49	62	5	5
49	62	6	6
49	62	7	7
49	62	8	8
49	62	9	9
50	63	0	0
50	64	1	1
50	64	2	2
50	64	3	3
50	64	4	4
50	64	5	5
50	64	6	6
50	64	7	7
50	64	8	8
50	64	9	9
51	64	0	0
51	64	1	1
51	64	2	2
51	64	3	3
51	64	4	4
51	64	5	5
51	64	6	6
51	64	7	7
51	64	8	8
51	64	9	9
52	65	0	0
53	66	0	0
53	66	1	1
53	66	2	2
53	66	3	3
53	66	4	4
53	66	5	5
53	66	6	6
53	66	7	7
53	66	8	8
53	66	9	9
54	25	<epsilon>	"
54	67	<space>	<epsilon>
54	28	.	<epsilon>
54	68	0	0
54	68	1	1
54	68	2	2
54	68	3	3
54	68	4	4
54	68	5	5
54	68	6	6
54	68	7	7
54	68	8	8
54	68	9	9
55	25	<epsilon>	"
55	67	<space>	<epsilon>
55	56	.	<epsilon>
55	68	0	0
55	68	1	1
55	68	2	2
55	68	3	3
55	68	4	4
55	68	5	5
55	68	6	6
55	68	7	7
55	68	8	8
55	68	9	9
56	39	0	0
56	39	1	1
56	39	2	2
56	39	3	3
56	39	4	4
56	39	5	5
56	39	6	6
56	39	7	7
56	39	8	8
56	39	9	9
57	69	0	0
57	69	1	1
57	69	2	2
57	69	3	3
57	69	4	4
57	69	5	5
57	69	6	6
57	69	7	7
57	69	8	8
57	69	9	9
58	70	0	0
58	70	1	1
58	70	2	2
58	70	3	3
58	70	4	4
58	70	5	5
58	70	6	6
58	70	7	7
58	70	8	8
58	70	9	9
59	71	0	0
59	71	1	1
59	71	2	2
59	71	3	3
59	71	4	4
59	71	5	5
59	71	6	6
59	71	7	7
59	71	8	8
59	71	9	9
60	72	0	0
60	72	1	1
60	72	2	2
60	72	3	3
60	72	4	4
60	72	5	5
60	72	6	6
60	72	7	7
60	72	8	8
60	72	9	9
61	25	<epsilon>	"
61	73	<space>	<epsilon>
62	74	0	0
62	74	1	1
62	74	2	2
62	74	3	3
62	74	4	4
62	74	5	5
62	74	6	6
62	74	7	7
62	74	8	8
62	74	9	9
63	25	<epsilon>	"
63	75	,	<epsilon>
64	75	,	<epsilon>
65	76	0	0
66	25	<epsilon>	"
66	56	.	<epsilon>
67	33	.	<epsilon>
68	25	<epsilon>	"
68	68	0	0
68	68	1	1
68	68	2	2
68	68	3	3
68	68	4	4
68	68	5	5
68	68	6	6
68	68	7	7
68	68	8	8
68	68	9	9
69	77	0	0
69	77	1	1
69	77	2	2
69	77	3	3
69	77	4	4
69	77	5	5
69	77	6	6
69	77	7	7
69	77	8	8
69	77	9	9
70	78	<space>	<epsilon>
71	79	0	0
71	79	1	1
71	79	2	2
71	79	3	3
71	79	4	4
71	79	5	5
71	79	6	6
71	79	7	7
71	79	8	8
71	79	9	9
72	25	<epsilon>	"
72	80	<space>	<epsilon>
73	34	0	0
73	34	1	1
73	34	2	2
73	34	3	3
73	34	4	4
73	34	5	5
73	34	6	6
73	34	7	7
73	34	8	8
73	34	9	9
74	81	,	<epsilon>
75	82	0	0
75	82	1	1
75	82	2	2
75	82	3	3
75	82	4	4
75	82	5	5
75	82	6	6
75	82	7	7
75	82	8	8
75	82	9	9
76	25	<epsilon>	"
76	83	.	<epsilon>
77	84	<space>	<epsilon>
78	85	,	<epsilon>
79	25	<epsilon>	"
79	86	<space>	<epsilon>
80	87	.	<epsilon>
81	88	<space>	<epsilon>
82	89	0	0
82	89	1	1
82	89	2	2
82	89	3	3
82	89	4	4
82	89	5	5
82	89	6	6
82	89	7	7
82	89	8	8
82	89	9	9
83	38	<space>	<epsilon>
84	90	,	<epsilon>
85	91	0	0
85	91	1	1
85	91	2	2
85	91	3	3
85	91	4	4
85	91	5	5
85	91	6	6
85	91	7	7
85	91	8	8
85	91	9	9
86	92	.	<epsilon>
87	47	0	0
87	47	1	1
87	47	2	2
87	47	3	3
87	47	4	4
87	47	5	5
87	47	6	6
87	47	7	7
87	47	8	8
87	47	9	9
88	93	0	0
88	93	1	1
88	93	2	2
88	93	3	3
88	93	4	4
88	93	5	5
88	93	6	6
88	93	7	7
88	93	8	8
88	93	9	9
89	63	0	0
89	63	1	1
89	63	2	2
89	63	3	3
89	63	4	4
89	63	5	5
89	63	6	6
89	63	7	7
89	63	8	8
89	63	9	9
90	94	<space>	<epsilon>
91	95	0	0
91	95	1	1
91	95	2	2
91	95	3	3
91	95	4	4
91	95	5	5
91	95	6	6
91	95	7	7
91	95	8	8
91	95	9	9
92	46	<space>	<epsilon>
93	96	0	0
93	96	1	1
93	96	2	2
93	96	3	3
93	96	4	4
93	96	5	5
93	96	6	6
93	96	7	7
93	96	8	8
93	96	9	9
94	97	0	0
94	97	1	1
94	97	2	2
94	97	3	3
94	97	4	4
94	97	5	5
94	97	6	6
94	97	7	7
94	97	8	8
94	97	9	9
95	98	0	0
95	98	1	1
95	98	2	2
95	98	3	3
95	98	4	4
95	98	5	5
95	98	6	6
95	98	7	7
95	98	8	8
95	98	9	9
96	99	0	0
96	99	1	1
96	99	2	2
96	99	3	3
96	99	4	4
96	99	5	5
96	99	6	6
96	99	7	7
96	99	8	8
96	99	9	9
97	100	0	0
97	100	1	1
97	100	2	2
97	100	3	3
97	100	4	4
97	100	5	5
97	100	6	6
97	100	7	7
97	100	8	8
97	100	9	9
98	25	<epsilon>	"
98	78	<space>	<epsilon>
99	25	<epsilon>	"
99	81	,	<epsilon>
100	101	0	0
100	101	1	1
100	101	2	2
100	101	3	3
100	101	4	4
100	101	5	5
100	101	6	6
100	101	7	7
100	101	8	8
100	101	9	9
101	25	<epsilon>	"
101	84	<space>	<epsilon>
