0	1	<epsilon>	c
1	2	<epsilon>	a
2	3	<epsilon>	r
3	4	<epsilon>	d
4	5	<epsilon>	i
5	6	<epsilon>	n
6	7	<epsilon>	a
7	8	<epsilon>	l
8	9	<epsilon>	<space>
9	10	<epsilon>	{
10	11	<epsilon>	<space>
11	12	<epsilon>	i
12	13	<epsilon>	n
13	14	<epsilon>	t
14	15	<epsilon>	e
15	16	<epsilon>	g
16	17	<epsilon>	e
17	18	<epsilon>	r
18	19	<epsilon>	:
19	20	<epsilon>	<space>
20	21	<epsilon>	"
21	24	-	-
21	22	0	0
21	23	1	1
21	23	2	2
21	23	3	3
21	23	4	4
21	23	5	5
21	23	6	6
21	23	7	7
21	23	8	8
21	23	9	9
22	25	<epsilon>	"
23	25	<epsilon>	"
23	26	<space>	<epsilon>
23	27	,	<epsilon>
23	28	.	<epsilon>
23	29	0	0
23	30	1	1
23	30	2	2
23	30	3	3
23	30	4	4
23	30	5	5
23	30	6	6
23	30	7	7
23	30	8	8
23	30	9	9
24	22	0	0
24	23	1	1
24	23	2	2
24	23	3	3
24	23	4	4
24	23	5	5
24	23	6	6
24	23	7	7
24	23	8	8
24	23	9	9
25	31	<epsilon>	<space>
26	32	,	<epsilon>
26	33	.	<epsilon>
26	34	0	0
26	34	1	1
26	34	2	2
26	34	3	3
26	34	4	4
26	34	5	5
26	34	6	6
26	34	7	7
26	34	8	8
26	34	9	9
27	35	<space>	<epsilon>
27	36	0	0
27	36	1	1
27	36	2	2
27	36	3	3
27	36	4	4
27	36	5	5
27	36	6	6
27	36	7	7
27	36	8	8
27	36	9	9
28	37	<space>	<epsilon>
28	38	0	0
28	38	1	1
28	38	2	2
28	38	3	3
28	38	4	4
28	38	5	5
28	38	6	6
28	38	7	7
28	38	8	8
28	38	9	9
29	25	<epsilon>	"
29	26	<space>	<epsilon>
29	27	,	<epsilon>
29	28	.	<epsilon>
29	39	0	0
29	40	1	1
29	40	2	2
29	40	3	3
29	40	4	4
29	40	5	5
29	40	6	6
29	40	7	7
29	40	8	8
29	40	9	9
30	25	<epsilon>	"
30	26	<space>	<epsilon>
30	27	,	<epsilon>
30	28	.	<epsilon>
30	39	0	0
30	41	1	1
30	41	2	2
30	41	3	3
30	41	4	4
30	41	5	5
30	41	6	6
30	41	7	7
30	41	8	8
30	41	9	9
31	42	<epsilon>	}
32	43	<space>	<epsilon>
32	44	0	0
32	44	1	1
32	44	2	2
32	44	3	3
32	44	4	4
32	44	5	5
32	44	6	6
32	44	7	7
32	44	8	8
32	44	9	9
33	45	<space>	<epsilon>
33	46	0	0
33	46	1	1
33	46	2	2
33	46	3	3
33	46	4	4
33	46	5	5
33	46	6	6
33	46	7	7
33	46	8	8
33	46	9	9
34	47	0	0
34	47	1	1
34	47	2	2
34	47	3	3
34	47	4	4
34	47	5	5
34	47	6	6
34	47	7	7
34	47	8	8
34	47	9	9
35	48	0	0
36	49	0	0
36	49	1	1
36	49	2	2
36	49	3	3
36	49	4	4
36	49	5	5
36	49	6	6
36	49	7	7
36	49	8	8
36	49	9	9
37	50	0	0
37	50	1	1
37	50	2	2
37	50	3	3
37	50	4	4
37	50	5	5
37	50	6	6
37	50	7	7
37	50	8	8
37	50	9	9
38	51	0	0
38	51	1	1
38	51	2	2
38	51	3	3
38	51	4	4
38	51	5	5
38	51	6	6
38	51	7	7
38	51	8	8
38	51	9	9
39	25	<epsilon>	"
39	26	<space>	<epsilon>
39	27	,	<epsilon>
39	28	.	<epsilon>
39	52	0	0
39	53	1	1
39	53	2	2
39	53	3	3
39	53	4	4
39	53	5	5
39	53	6	6
39	53	7	7
39	53	8	8
39	53	9	9
40	25	<epsilon>	"
40	26	<space>	<epsilon>
40	54	,	<epsilon>
40	28	.	<epsilon>
40	53	0	0
40	53	1	1
40	53	2	2
40	53	3	3
40	53	4	4
40	53	5	5
40	53	6	6
40	53	7	7
40	53	8	8
40	53	9	9
41	25	<epsilon>	"
41	26	<space>	<epsilon>
41	27	,	<epsilon>
41	28	.	<epsilon>
41	52	0	0
41	52	1	1
41	52	2	2
41	52	3	3
41	52	4	4
41	52	5	5
41	52	6	6
41	52	7	7
41	52	8	8
41	52	9	9
42
43	55	0	0
43	55	1	1
43	55	2	2
43	55	3	3
43	55	4	4
43	55	5	5
43	55	6	6
43	55	7	7
43	55	8	8
43	55	9	9
44	56	0	0
44	56	1	1
44	56	2	2
44	56	3	3
44	56	4	4
44	56	5	5
44	56	6	6
44	56	7	7
44	56	8	8
44	56	9	9
45	57	0	0
45	57	1	1
45	57	2	2
45	57	3	3
45	57	4	4
45	57	5	5
45	57	6	6
45	57	7	7
45	57	8	8
45	57	9	9
46	58	0	0
46	58	1	1
46	58	2	2
46	58	3	3
46	58	4	4
46	58	5	5
46	58	6	6
46	58	7	7
46	58	8	8
46	58	9	9
47	59	0	0
47	59	1	1
47	59	2	2
47	59	3	3
47	59	4	4
47	59	5	5
47	59	6	6
47	59	7	7
47	59	8	8
47	59	9	9
48	60	0	0
49	61	0	0
49	61	1	1
49	61	2	2
49	61	3	3
49	61	4	4
49	61	5	5
49	61	6	6
49	61	7	7
49	61	8	8
49	61	9	9
50	62	0	0
50	62	1	1
50	62	2	2
50	62	3	3
50	62	4	4
50	62	5	5
50	62	6	6
50	62	7	7
50	62	8	8
50	62	9	9
51	63	0	0
51	63	1	1
51	63	2	2
51	63	3	3
51	63	4	4
51	63	5	5
51	63	6	6
51	63	7	7
51	63	8	8
51	63	9	9
52	25	<epsilon>	"
52	64	<space>	<epsilon>
52	27	,	<epsilon>
52	65	0	0
52	65	1	1
52	65	2	2
52	65	3	3
52	65	4	4
52	65	5	5
52	65	6	6
52	65	7	7
52	65	8	8
52	65	9	9
53	25	<epsilon>	"
53	64	<space>	<epsilon>
53	54	,	<epsilon>
53	65	0	0
53	65	1	1
53	65	2	2
53	65	3	3
53	65	4	4
53	65	5	5
53	65	6	6
53	65	7	7
53	65	8	8
53	65	9	9
54	36	0	0
54	36	1	1
54	36	2	2
54	36	3	3
54	36	4	4
54	36	5	5
54	36	6	6
54	36	7	7
54	36	8	8
54	36	9	9
55	66	0	0
55	66	1	1
55	66	2	2
55	66	3	3
55	66	4	4
55	66	5	5
55	66	6	6
55	66	7	7
55	66	8	8
55	66	9	9
56	67	0	0
56	67	1	1
56	67	2	2
56	67	3	3
56	67	4	4
56	67	5	5
56	67	6	6
56	67	7	7
56	67	8	8
56	67	9	9
57	68	0	0
57	68	1	1
57	68	2	2
57	68	3	3
57	68	4	4
57	68	5	5
57	68	6	6
57	68	7	7
57	68	8	8
57	68	9	9
58	69	0	0
58	69	1	1
58	69	2	2
58	69	3	3
58	69	4	4
58	69	5	5
58	69	6	6
58	69	7	7
58	69	8	8
58	69	9	9
59	25	<epsilon>	"
59	70	<space>	<epsilon>
60	71	0	0
61	25	<epsilon>	"
61	54	,	<epsilon>
62	72	0	0
62	72	1	1
62	72	2	2
62	72	3	3
62	72	4	4
62	72	5	5
62	72	6	6
62	72	7	7
62	72	8	8
62	72	9	9
63	73	.	<epsilon>
64	32	,	<epsilon>
65	25	<epsilon>	"
65	65	0	0
65	65	1	1
65	65	2	2
65	65	3	3
65	65	4	4
65	65	5	5
65	65	6	6
65	65	7	7
65	65	8	8
65	65	9	9
66	74	0	0
66	74	1	1
66	74	2	2
66	74	3	3
66	74	4	4
66	74	5	5
66	74	6	6
66	74	7	7
66	74	8	8
66	74	9	9
67	25	<epsilon>	"
67	75	<space>	<epsilon>
68	76	0	0
68	76	1	1
68	76	2	2
68	76	3	3
68	76	4	4
68	76	5	5
68	76	6	6
68	76	7	7
68	76	8	8
68	76	9	9
69	77	<space>	<epsilon>
70	34	0	0
70	34	1	1
70	34	2	2
70	34	3	3
70	34	4	4
70	34	5	5
70	34	6	6
70	34	7	7
70	34	8	8
70	34	9	9
71	25	<epsilon>	"
71	78	,	<epsilon>
72	79	.	<epsilon>
73	80	0	0
73	80	1	1
73	80	2	2
73	80	3	3
73	80	4	4
73	80	5	5
73	80	6	6
73	80	7	7
73	80	8	8
73	80	9	9
74	25	<epsilon>	"
74	81	<space>	<epsilon>
75	82	,	<epsilon>
76	83	<space>	<epsilon>
77	84	.	<epsilon>
78	35	<space>	<epsilon>
79	85	<space>	<epsilon>
80	86	0	0
80	86	1	1
80	86	2	2
80	86	3	3
80	86	4	4
80	86	5	5
80	86	6	6
80	86	7	7
80	86	8	8
80	86	9	9
81	87	,	<epsilon>
82	44	0	0
82	44	1	1
82	44	2	2
82	44	3	3
82	44	4	4
82	44	5	5
82	44	6	6
82	44	7	7
82	44	8	8
82	44	9	9
83	88	.	<epsilon>
84	89	0	0
84	89	1	1
84	89	2	2
84	89	3	3
84	89	4	4
84	89	5	5
84	89	6	6
84	89	7	7
84	89	8	8
84	89	9	9
85	90	0	0
85	90	1	1
85	90	2	2
85	90	3	3
85	90	4	4
85	90	5	5
85	90	6	6
85	90	7	7
85	90	8	8
85	90	9	9
86	91	0	0
86	91	1	1
86	91	2	2
86	91	3	3
86	91	4	4
86	91	5	5
86	91	6	6
86	91	7	7
86	91	8	8
86	91	9	9
87	43	<space>	<epsilon>
88	92	<space>	<epsilon>
89	93	0	0
89	93	1	1
89	93	2	2
89	93	3	3
89	93	4	4
89	93	5	5
89	93	6	6
89	93	7	7
89	93	8	8
89	93	9	9
90	94	0	0
90	94	1	1
90	94	2	2
90	94	3	3
90	94	4	4
90	94	5	5
90	94	6	6
90	94	7	7
90	94	8	8
90	94	9	9
91	25	<epsilon>	"
91	73	.	<epsilon>
92	95	0	0
92	95	1	1
92	95	2	2
92	95	3	3
92	95	4	4
92	95	5	5
92	95	6	6
92	95	7	7
92	95	8	8
92	95	9	9
93	96	0	0
93	96	1	1
93	96	2	2
93	96	3	3
93	96	4	4
93	96	5	5
93	96	6	6
93	96	7	7
93	96	8	8
93	96	9	9
94	97	0	0
94	97	1	1
94	97	2	2
94	97	3	3
94	97	4	4
94	97	5	5
94	97	6	6
94	97	7	7
94	97	8	8
94	97	9	9
95	98	0	0
95	98	1	1
95	98	2	2
95	98	3	3
95	98	4	4
95	98	5	5
95	98	6	6
95	98	7	7
95	98	8	8
95	98	9	9
96	25	<epsilon>	"
96	77	<space>	<epsilon>
97	25	<epsilon>	"
97	79	.	<epsilon>
98	99	0	0
98	99	1	1
98	99	2	2
98	99	3	3
98	99	4	4
98	99	5	5
98	99	6	6
98	99	7	7
98	99	8	8
98	99	9	9
99	25	<epsilon>	"
99	83	<space>	<epsilon>
