0	1	<epsilon>	m
1	2	<epsilon>	e
2	3	<epsilon>	a
3	4	<epsilon>	s
4	5	<epsilon>	u
5	6	<epsilon>	r
6	7	<epsilon>	e
7	8	<epsilon>	<space>
8	9	<epsilon>	{
9	10	<epsilon>	<space>
10	11	<epsilon>	d
11	12	<epsilon>	e
12	13	<epsilon>	c
13	14	<epsilon>	i
14	15	<epsilon>	m
15	16	<epsilon>	a
16	17	<epsilon>	l
17	18	<epsilon>	<space>
18	19	<epsilon>	{
19	20	<epsilon>	<space>
20	21	<epsilon>	i
20	22	-	n
20	23	.	<epsilon>
21	24	<epsilon>	n
22	25	<epsilon>	e
23	26	<epsilon>	f
24	27	<epsilon>	t
25	28	<epsilon>	g
26	29	<epsilon>	r
27	30	<epsilon>	e
28	31	<epsilon>	a
29	32	<epsilon>	a
30	33	<epsilon>	g
31	34	<epsilon>	t
32	35	<epsilon>	c
33	36	<epsilon>	e
34	37	<epsilon>	i
35	38	<epsilon>	t
36	39	<epsilon>	r
37	40	<epsilon>	v
38	41	<epsilon>	i
39	42	<epsilon>	_
40	43	<epsilon>	e
41	44	<epsilon>	o
42	45	<epsilon>	p
43	46	<epsilon>	:
44	47	<epsilon>	n
45	48	<epsilon>	a
46	49	<epsilon>	<space>
47	50	<epsilon>	a
48	51	<epsilon>	r
49	52	<epsilon>	t
50	53	<epsilon>	l
51	54	<epsilon>	t
52	55	<epsilon>	r
53	56	<epsilon>	_
54	57	<epsilon>	:
55	58	<epsilon>	u
56	59	<epsilon>	p
57	60	<epsilon>	<space>
58	61	<epsilon>	e
59	62	<epsilon>	a
60	63	<epsilon>	"
61	64	<epsilon>	<space>
62	65	<epsilon>	r
63	66	0	0
63	67	1	1
63	67	2	2
63	67	3	3
63	67	4	4
63	67	5	5
63	67	6	6
63	67	7	7
63	67	8	8
63	67	9	9
64	21	<epsilon>	i
64	23	.	<epsilon>
65	68	<epsilon>	t
66	69	<epsilon>	"
67	69	<epsilon>	"
67	72	<space>	<epsilon>
67	73	,	<epsilon>
67	70	0	0
67	71	1	1
67	71	2	2
67	71	3	3
67	71	4	4
67	71	5	5
67	71	6	6
67	71	7	7
67	71	8	8
67	71	9	9
68	74	<epsilon>	:
69	75	<epsilon>	<space>
70	69	<epsilon>	"
70	72	<space>	<epsilon>
70	73	,	<epsilon>
70	76	0	0
70	77	1	1
70	77	2	2
70	77	3	3
70	77	4	4
70	77	5	5
70	77	6	6
70	77	7	7
70	77	8	8
70	77	9	9
71	69	<epsilon>	"
71	72	<space>	<epsilon>
71	73	,	<epsilon>
71	76	0	0
71	78	1	1
71	78	2	2
71	78	3	3
71	78	4	4
71	78	5	5
71	78	6	6
71	78	7	7
71	78	8	8
71	78	9	9
72	80	,	<epsilon>
72	79	0	0
72	79	1	1
72	79	2	2
72	79	3	3
72	79	4	4
72	79	5	5
72	79	6	6
72	79	7	7
72	79	8	8
72	79	9	9
73	82	<space>	<epsilon>
73	81	0	0
73	81	1	1
73	81	2	2
73	81	3	3
73	81	4	4
73	81	5	5
73	81	6	6
73	81	7	7
73	81	8	8
73	81	9	9
74	83	<epsilon>	<space>
75	84	<epsilon>	<space>
75	86	<epsilon>	q
75	87	<space>	<space>
75	88	*	<space>
75	85	.	<epsilon>
75	89	E	<space>
75	89	e	<space>
75	88	x	<space>
75	90	<194>	<space>
75	91	<195>	<space>
76	69	<epsilon>	"
76	72	<space>	<epsilon>
76	73	,	<epsilon>
76	92	0	0
76	93	1	1
76	93	2	2
76	93	3	3
76	93	4	4
76	93	5	5
76	93	6	6
76	93	7	7
76	93	8	8
76	93	9	9
77	69	<epsilon>	"
77	72	<space>	<epsilon>
77	94	,	<epsilon>
77	93	0	0
77	93	1	1
77	93	2	2
77	93	3	3
77	93	4	4
77	93	5	5
77	93	6	6
77	93	7	7
77	93	8	8
77	93	9	9
78	69	<epsilon>	"
78	72	<space>	<epsilon>
78	73	,	<epsilon>
78	92	0	0
78	92	1	1
78	92	2	2
78	92	3	3
78	92	4	4
78	92	5	5
78	92	6	6
78	92	7	7
78	92	8	8
78	92	9	9
79	95	0	0
79	95	1	1
79	95	2	2
79	95	3	3
79	95	4	4
79	95	5	5
79	95	6	6
79	95	7	7
79	95	8	8
79	95	9	9
80	97	<space>	<epsilon>
80	96	0	0
80	96	1	1
80	96	2	2
80	96	3	3
80	96	4	4
80	96	5	5
80	96	6	6
80	96	7	7
80	96	8	8
80	96	9	9
81	98	0	0
81	98	1	1
81	98	2	2
81	98	3	3
81	98	4	4
81	98	5	5
81	98	6	6
81	98	7	7
81	98	8	8
81	98	9	9
82	99	0	0
83	100	<epsilon>	"
84	101	<epsilon>	}
85	102	<epsilon>	f
86	103	<epsilon>	u
87	104	<space>	e
87	105	*	e
87	105	x	e
87	106	<194>	e
87	107	<195>	e
88	105	<space>	e
88	108	1	e
89	109	<epsilon>	e
90	105	<183>	e
91	105	<151>	e
92	69	<epsilon>	"
92	111	<space>	<epsilon>
92	73	,	<epsilon>
92	110	0	0
92	110	1	1
92	110	2	2
92	110	3	3
92	110	4	4
92	110	5	5
92	110	6	6
92	110	7	7
92	110	8	8
92	110	9	9
93	69	<epsilon>	"
93	111	<space>	<epsilon>
93	94	,	<epsilon>
93	110	0	0
93	110	1	1
93	110	2	2
93	110	3	3
93	110	4	4
93	110	5	5
93	110	6	6
93	110	7	7
93	110	8	8
93	110	9	9
94	81	0	0
94	81	1	1
94	81	2	2
94	81	3	3
94	81	4	4
94	81	5	5
94	81	6	6
94	81	7	7
94	81	8	8
94	81	9	9
95	112	0	0
95	112	1	1
95	112	2	2
95	112	3	3
95	112	4	4
95	112	5	5
95	112	6	6
95	112	7	7
95	112	8	8
95	112	9	9
96	113	0	0
96	113	1	1
96	113	2	2
96	113	3	3
96	113	4	4
96	113	5	5
96	113	6	6
96	113	7	7
96	113	8	8
96	113	9	9
97	114	0	0
97	114	1	1
97	114	2	2
97	114	3	3
97	114	4	4
97	114	5	5
97	114	6	6
97	114	7	7
97	114	8	8
97	114	9	9
98	115	0	0
98	115	1	1
98	115	2	2
98	115	3	3
98	115	4	4
98	115	5	5
98	115	6	6
98	115	7	7
98	115	8	8
98	115	9	9
99	116	0	0
100	117	0	0
100	117	1	1
100	117	2	2
100	117	3	3
100	117	4	4
100	117	5	5
100	117	6	6
100	117	7	7
100	117	8	8
100	117	9	9
101	118	<epsilon>	<space>
101	101	<9>	<epsilon>
101	101	<10>	<epsilon>
101	101	<13>	<epsilon>
101	101	<space>	<epsilon>
102	119	<epsilon>	r
103	120	<epsilon>	a
104	121	<space>	x
104	122	*	x
104	122	x	x
104	123	<194>	x
104	124	<195>	x
105	122	<space>	x
105	125	1	x
106	122	<183>	x
107	122	<151>	x
108	126	0	x
109	127	<epsilon>	x
110	69	<epsilon>	"
110	110	0	0
110	110	1	1
110	110	2	2
110	110	3	3
110	110	4	4
110	110	5	5
110	110	6	6
110	110	7	7
110	110	8	8
110	110	9	9
111	80	,	<epsilon>
112	69	<epsilon>	"
112	128	<space>	<epsilon>
113	129	0	0
113	129	1	1
113	129	2	2
113	129	3	3
113	129	4	4
113	129	5	5
113	129	6	6
113	129	7	7
113	129	8	8
113	129	9	9
114	130	0	0
114	130	1	1
114	130	2	2
114	130	3	3
114	130	4	4
114	130	5	5
114	130	6	6
114	130	7	7
114	130	8	8
114	130	9	9
115	69	<epsilon>	"
115	94	,	<epsilon>
116	131	0	0
117	132	<epsilon>	"
117	117	0	0
117	117	1	1
117	117	2	2
117	117	3	3
117	117	4	4
117	117	5	5
117	117	6	6
117	117	7	7
117	117	8	8
117	117	9	9
118	133	<epsilon>	u
119	134	<epsilon>	a
120	135	<epsilon>	n
121	136	<space>	p
121	137	*	p
121	137	x	p
121	138	<194>	p
121	139	<195>	p
122	137	<space>	p
122	140	1	p
123	137	<183>	p
124	137	<151>	p
125	141	0	p
126	141	<space>	p
126	142	^	p
127	143	<epsilon>	p
128	79	0	0
128	79	1	1
128	79	2	2
128	79	3	3
128	79	4	4
128	79	5	5
128	79	6	6
128	79	7	7
128	79	8	8
128	79	9	9
129	69	<epsilon>	"
129	144	<space>	<epsilon>
130	145	0	0
130	145	1	1
130	145	2	2
130	145	3	3
130	145	4	4
130	145	5	5
130	145	6	6
130	145	7	7
130	145	8	8
130	145	9	9
131	69	<epsilon>	"
131	146	,	<epsilon>
132	84	<epsilon>	<space>	20
132	87	<space>	<space>	20
132	88	*	<space>	20
132	89	E	<space>	20
132	89	e	<space>	20
132	88	x	<space>	20
132	90	<194>	<space>	20
132	91	<195>	<space>	20
133	147	<epsilon>	n
134	148	<epsilon>	c
135	149	<epsilon>	t
136	150	<space>	o
136	151	*	o
136	151	x	o
136	152	<194>	o
136	153	<195>	o
137	151	<space>	o
137	154	1	o
138	151	<183>	o
139	151	<151>	o
140	155	0	o
141	155	<space>	o
141	156	^	o
142	157	<epsilon>	o
142	156	<space>	o
143	157	<epsilon>	o
144	158	,	<epsilon>
145	69	<epsilon>	"
145	159	<space>	<epsilon>
146	82	<space>	<epsilon>
147	160	<epsilon>	i
148	161	<epsilon>	t
149	162	<epsilon>	i
150	163	<space>	n
150	164	*	n
150	164	x	n
150	165	<194>	n
150	166	<195>	n
151	164	<space>	n
151	167	1	n
152	164	<183>	n
153	164	<151>	n
154	168	0	n
155	168	<space>	n
155	169	^	n
156	170	<epsilon>	n
156	169	<space>	n
157	170	<epsilon>	n
158	96	0	0
158	96	1	1
158	96	2	2
158	96	3	3
158	96	4	4
158	96	5	5
158	96	6	6
158	96	7	7
158	96	8	8
158	96	9	9
159	171	,	<epsilon>
160	172	<epsilon>	t
161	173	<epsilon>	i
162	174	<epsilon>	t
163	175	<space>	e
163	176	*	e
163	176	x	e
163	177	<194>	e
163	178	<195>	e
164	176	<space>	e
164	179	1	e
165	176	<183>	e
166	176	<151>	e
167	180	0	e
168	180	<space>	e
168	181	^	e
169	182	<epsilon>	e
169	181	<space>	e
170	182	<epsilon>	e
171	97	<space>	<epsilon>
172	183	<epsilon>	s
173	184	<epsilon>	o
174	185	<epsilon>	y
175	186	<space>	n
175	187	*	n
175	187	x	n
175	188	<194>	n
175	189	<195>	n
176	187	<space>	n
176	190	1	n
177	187	<183>	n
178	187	<151>	n
179	191	0	n
180	191	<space>	n
180	192	^	n
181	193	<epsilon>	n
181	192	<space>	n
182	193	<epsilon>	n
183	194	<epsilon>	:
184	195	<epsilon>	n
185	196	<epsilon>	:
186	197	<space>	t
186	198	*	t
186	198	x	t
186	199	<194>	t
186	200	<195>	t
187	198	<space>	t
187	201	1	t
188	198	<183>	t
189	198	<151>	t
190	202	0	t
191	202	<space>	t
191	203	^	t
192	204	<epsilon>	t
192	203	<space>	t
193	204	<epsilon>	t
194	205	<epsilon>	<space>
195	206	<epsilon>	a
196	207	<epsilon>	<space>
196	208	<space>	<space>
197	209	<space>	:
197	210	*	:
197	210	x	:
197	211	<194>	:
197	212	<195>	:
198	210	<space>	:
198	213	1	:
199	210	<183>	:
200	210	<151>	:
201	214	0	:
202	214	<space>	:
202	215	^	:
203	216	<epsilon>	:
203	215	<space>	:
204	216	<epsilon>	:
205	217	<epsilon>	"
206	218	<epsilon>	l
207	219	<epsilon>	"
208	219	<epsilon>	"
208	208	<space>	<epsilon>
209	220	<space>	<space>
209	221	*	<space>
209	221	x	<space>
209	222	<194>	<space>
209	223	<195>	<space>
210	221	<space>	<space>
210	224	1	<space>
211	221	<183>	<space>
212	221	<151>	<space>
213	225	0	<space>
214	225	<space>	<space>
214	226	^	<space>
215	227	<epsilon>	<space>
215	226	<space>	<space>
216	227	<epsilon>	<space>
217	228	'	f
217	229	h	h
217	230	<194>	d
218	231	<epsilon>	_
219	232	b	b
219	232	m	m
219	233	q	q
219	234	t	t
220	220	<space>	<epsilon>
220	221	*	<epsilon>
220	221	x	<epsilon>
220	222	<194>	<epsilon>
220	223	<195>	<epsilon>
221	221	<space>	<epsilon>
221	224	1	<epsilon>
222	221	<183>	<epsilon>
223	221	<151>	<epsilon>
224	225	0	<epsilon>
225	225	<space>	<epsilon>
225	226	^	<epsilon>
226	235	<epsilon>	"
226	226	<space>	<epsilon>
227	235	<epsilon>	"
228	236	<epsilon>	o
229	237	<epsilon>	o
230	238	<176>	e
231	239	<epsilon>	p
232	240	i	i
233	241	u	u
234	242	h	h
234	232	r	r
235	245	-	-
235	243	0	0
235	244	1	1
235	244	2	2
235	244	3	3
235	244	4	4
235	244	5	5
235	244	6	6
235	244	7	7
235	244	8	8
235	244	9	9
236	246	<epsilon>	o
237	247	<epsilon>	u
238	248	<epsilon>	g
239	249	<epsilon>	a
240	250	l	l
241	251	a	a
242	252	o	o
243	253	<epsilon>	"
244	253	<epsilon>	"
244	256	<space>	<epsilon>
244	257	,	<epsilon>
244	254	0	0
244	255	1	1
244	255	2	2
244	255	3	3
244	255	4	4
244	255	5	5
244	255	6	6
244	255	7	7
244	255	8	8
244	255	9	9
245	243	0	0
245	244	1	1
245	244	2	2
245	244	3	3
245	244	4	4
245	244	5	5
245	244	6	6
245	244	7	7
245	244	8	8
245	244	9	9
246	258	<epsilon>	t
247	259	<epsilon>	r
248	260	<epsilon>	r
249	261	<epsilon>	r
250	262	l	l
251	263	d	d
252	264	u	u
253	84	<epsilon>	<space>
254	253	<epsilon>	"
254	256	<space>	<epsilon>
254	257	,	<epsilon>
254	265	0	0
254	266	1	1
254	266	2	2
254	266	3	3
254	266	4	4
254	266	5	5
254	266	6	6
254	266	7	7
254	266	8	8
254	266	9	9
255	253	<epsilon>	"
255	256	<space>	<epsilon>
255	257	,	<epsilon>
255	265	0	0
255	267	1	1
255	267	2	2
255	267	3	3
255	267	4	4
255	267	5	5
255	267	6	6
255	267	7	7
255	267	8	8
255	267	9	9
256	269	,	<epsilon>
256	268	0	0
256	268	1	1
256	268	2	2
256	268	3	3
256	268	4	4
256	268	5	5
256	268	6	6
256	268	7	7
256	268	8	8
256	268	9	9
257	271	<space>	<epsilon>
257	270	0	0
257	270	1	1
257	270	2	2
257	270	3	3
257	270	4	4
257	270	5	5
257	270	6	6
257	270	7	7
257	270	8	8
257	270	9	9
258	272	<epsilon>	"
259	273	<epsilon>	"
260	274	<epsilon>	e
261	275	<epsilon>	t
262	276	i	i
263	232	r	r
264	277	s	s
265	253	<epsilon>	"
265	256	<space>	<epsilon>
265	257	,	<epsilon>
265	278	0	0
265	279	1	1
265	279	2	2
265	279	3	3
265	279	4	4
265	279	5	5
265	279	6	6
265	279	7	7
265	279	8	8
265	279	9	9
266	253	<epsilon>	"
266	256	<space>	<epsilon>
266	280	,	<epsilon>
266	279	0	0
266	279	1	1
266	279	2	2
266	279	3	3
266	279	4	4
266	279	5	5
266	279	6	6
266	279	7	7
266	279	8	8
266	279	9	9
267	253	<epsilon>	"
267	256	<space>	<epsilon>
267	257	,	<epsilon>
267	278	0	0
267	278	1	1
267	278	2	2
267	278	3	3
267	278	4	4
267	278	5	5
267	278	6	6
267	278	7	7
267	278	8	8
267	278	9	9
268	281	0	0
268	281	1	1
268	281	2	2
268	281	3	3
268	281	4	4
268	281	5	5
268	281	6	6
268	281	7	7
268	281	8	8
268	281	9	9
269	283	<space>	<epsilon>
269	282	0	0
269	282	1	1
269	282	2	2
269	282	3	3
269	282	4	4
269	282	5	5
269	282	6	6
269	282	7	7
269	282	8	8
269	282	9	9
270	284	0	0
270	284	1	1
270	284	2	2
270	284	3	3
270	284	4	4
270	284	5	5
270	284	6	6
270	284	7	7
270	284	8	8
270	284	9	9
271	285	0	0
272	286	<epsilon>	<space>
273	287	<epsilon>	<space>
274	288	<epsilon>	e
275	289	<epsilon>	:
276	290	o	o
277	291	a	a
278	253	<epsilon>	"
278	293	<space>	<epsilon>
278	257	,	<epsilon>
278	292	0	0
278	292	1	1
278	292	2	2
278	292	3	3
278	292	4	4
278	292	5	5
278	292	6	6
278	292	7	7
278	292	8	8
278	292	9	9
279	253	<epsilon>	"
279	293	<space>	<epsilon>
279	280	,	<epsilon>
279	292	0	0
279	292	1	1
279	292	2	2
279	292	3	3
279	292	4	4
279	292	5	5
279	292	6	6
279	292	7	7
279	292	8	8
279	292	9	9
280	270	0	0
280	270	1	1
280	270	2	2
280	270	3	3
280	270	4	4
280	270	5	5
280	270	6	6
280	270	7	7
280	270	8	8
280	270	9	9
281	294	0	0
281	294	1	1
281	294	2	2
281	294	3	3
281	294	4	4
281	294	5	5
281	294	6	6
281	294	7	7
281	294	8	8
281	294	9	9
282	295	0	0
282	295	1	1
282	295	2	2
282	295	3	3
282	295	4	4
282	295	5	5
282	295	6	6
282	295	7	7
282	295	8	8
282	295	9	9
283	296	0	0
283	296	1	1
283	296	2	2
283	296	3	3
283	296	4	4
283	296	5	5
283	296	6	6
283	296	7	7
283	296	8	8
283	296	9	9
284	297	0	0
284	297	1	1
284	297	2	2
284	297	3	3
284	297	4	4
284	297	5	5
284	297	6	6
284	297	7	7
284	297	8	8
284	297	9	9
285	298	0	0
286	299	<epsilon>	}
287	300	<epsilon>	}
288	301	<epsilon>	"
289	302	<epsilon>	<space>
290	303	n	n
291	304	n	n
292	253	<epsilon>	"
292	292	0	0
292	292	1	1
292	292	2	2
292	292	3	3
292	292	4	4
292	292	5	5
292	292	6	6
292	292	7	7
292	292	8	8
292	292	9	9
293	269	,	<epsilon>
294	253	<epsilon>	"
294	305	<space>	<epsilon>
295	306	0	0
295	306	1	1
295	306	2	2
295	306	3	3
295	306	4	4
295	306	5	5
295	306	6	6
295	306	7	7
295	306	8	8
295	306	9	9
296	307	0	0
296	307	1	1
296	307	2	2
296	307	3	3
296	307	4	4
296	307	5	5
296	307	6	6
296	307	7	7
296	307	8	8
296	307	9	9
297	253	<epsilon>	"
297	280	,	<epsilon>
298	308	0	0
299	309	<epsilon>	<space>
300	310	<epsilon>	<space>
301	311	<epsilon>	<space>
302	312	<epsilon>	"
303	313	<epsilon>	"
304	303	d	d
305	268	0	0
305	268	1	1
305	268	2	2
305	268	3	3
305	268	4	4
305	268	5	5
305	268	6	6
305	268	7	7
305	268	8	8
305	268	9	9
306	253	<epsilon>	"
306	314	<space>	<epsilon>
307	315	0	0
307	315	1	1
307	315	2	2
307	315	3	3
307	315	4	4
307	315	5	5
307	315	6	6
307	315	7	7
307	315	8	8
307	315	9	9
308	253	<epsilon>	"
308	316	,	<epsilon>
309	317	<epsilon>	}
310	318	<epsilon>	}
311	319	<epsilon>	}
312	320	0	0
312	320	1	1
312	320	2	2
312	320	3	3
312	320	4	4
312	320	5	5
312	320	6	6
312	320	7	7
312	320	8	8
312	320	9	9
313	84	<epsilon>	<space>
313	87	<space>	<space>
313	88	*	<space>
313	89	E	<space>
313	89	e	<space>
313	88	x	<space>
313	90	<194>	<space>
313	91	<195>	<space>
314	321	,	<epsilon>
315	253	<epsilon>	"
315	322	<space>	<epsilon>
316	271	<space>	<epsilon>
317	323	<epsilon>	<space>
318	324	<epsilon>	<space>
319	325	<epsilon>	<space>
319
320	326	<epsilon>	"
320	320	0	0
320	320	1	1
320	320	2	2
320	320	3	3
320	320	4	4
320	320	5	5
320	320	6	6
320	320	7	7
320	320	8	8
320	320	9	9
321	282	0	0
321	282	1	1
321	282	2	2
321	282	3	3
321	282	4	4
321	282	5	5
321	282	6	6
321	282	7	7
321	282	8	8
321	282	9	9
322	327	,	<epsilon>
323	328	<epsilon>	t
324	329	<epsilon>	t
325	330	<epsilon>	}
326	84	<epsilon>	<space>
326	86	<epsilon>	q
326	87	<space>	<space>
326	88	*	<space>
326	89	E	<space>
326	89	e	<space>
326	88	x	<space>
326	90	<194>	<space>
326	91	<195>	<space>
327	283	<space>	<epsilon>
328	331	<epsilon>	o
329	332	<epsilon>	o
330	333	<epsilon>	<space>
331	334	<epsilon>	k
332	335	<epsilon>	k
333	336	<epsilon>	t
334	337	<epsilon>	e
335	338	<epsilon>	e
336	339	<epsilon>	o
337	340	<epsilon>	n
338	341	<epsilon>	n
339	342	<epsilon>	k
340	343	<epsilon>	s
341	344	<epsilon>	s
342	345	<epsilon>	e
343	346	<epsilon>	<space>
344	347	<epsilon>	<space>
345	348	<epsilon>	n
346	349	<epsilon>	{
347	350	<epsilon>	{
348	351	<epsilon>	s
349	352	<epsilon>	<space>
350	353	<epsilon>	<space>
351	354	<epsilon>	<space>
352	355	<epsilon>	m
352	352	<space>	<epsilon>
353	356	<epsilon>	m
353	353	<space>	<epsilon>
354	357	<epsilon>	{
355	358	<epsilon>	e
356	359	<epsilon>	e
357	360	<epsilon>	<space>
358	361	<epsilon>	a
359	362	<epsilon>	a
360	363	<epsilon>	m
360	360	<space>	<epsilon>
361	364	<epsilon>	s
362	365	<epsilon>	s
363	366	<epsilon>	e
364	367	<epsilon>	u
365	368	<epsilon>	u
366	369	<epsilon>	a
367	370	<epsilon>	r
368	371	<epsilon>	r
369	372	<epsilon>	s
370	373	<epsilon>	e
371	374	<epsilon>	e
372	375	<epsilon>	u
373	376	<epsilon>	<space>
374	377	<epsilon>	<space>
375	378	<epsilon>	r
376	379	<epsilon>	{
377	380	<epsilon>	{
378	381	<epsilon>	e
379	382	<epsilon>	<space>
380	383	<epsilon>	<space>
381	384	<epsilon>	<space>
382	385	<epsilon>	d
383	386	<epsilon>	d
384	387	<epsilon>	{
385	388	<epsilon>	e
386	389	<epsilon>	e
387	390	<epsilon>	<space>
388	391	<epsilon>	c
389	392	<epsilon>	c
390	393	<epsilon>	<space>
390	394	<epsilon>	d
390	395	<9>	<epsilon>
390	395	<10>	<epsilon>
390	395	<13>	<epsilon>
390	395	<space>	<epsilon>
391	396	<epsilon>	i
392	397	<epsilon>	i
393	398	<epsilon>	u
394	399	<epsilon>	e
395	393	<epsilon>	<space>
395	395	<9>	<epsilon>
395	395	<10>	<epsilon>
395	395	<13>	<epsilon>
395	395	<space>	<epsilon>
396	400	<epsilon>	m
397	401	<epsilon>	m
398	402	<epsilon>	n
399	403	<epsilon>	c
400	404	<epsilon>	a
401	405	<epsilon>	a
402	406	<epsilon>	i
403	407	<epsilon>	i
404	408	<epsilon>	l
405	409	<epsilon>	l
406	410	<epsilon>	t
407	411	<epsilon>	m
408	412	<epsilon>	<space>
409	413	<epsilon>	<space>
410	414	<epsilon>	s
411	415	<epsilon>	a
412	416	<epsilon>	{
413	417	<epsilon>	{
414	418	<epsilon>	:
415	419	<epsilon>	l
416	420	<epsilon>	<space>
417	421	<epsilon>	<space>
418	422	<epsilon>	<space>
419	423	<epsilon>	<space>
420	424	<epsilon>	i
420	425	-	n
420	426	.	<epsilon>
421	427	<epsilon>	i
421	428	-	n
421	429	.	<epsilon>
422	430	<epsilon>	"
423	431	<epsilon>	{
424	432	<epsilon>	n
425	433	<epsilon>	e
426	434	<epsilon>	f
427	435	<epsilon>	n
428	436	<epsilon>	e
429	437	<epsilon>	f
430	438	E	e
430	439	N	n
430	440	O	e
430	441	O	w
430	442	S	s
430	443	W	w
431	444	<epsilon>	<space>
432	445	<epsilon>	t
433	446	<epsilon>	g
434	447	<epsilon>	r
435	448	<epsilon>	t
436	449	<epsilon>	g
437	450	<epsilon>	r
438	451	<epsilon>	a
439	452	<epsilon>	o
439	452	B	o
440	451	L	a
441	451	<epsilon>	e
442	453	<epsilon>	o
443	451	<epsilon>	e
443	451	L	e
444	454	<epsilon>	i
444	455	-	n
444	456	.	<epsilon>
445	457	<epsilon>	e
446	458	<epsilon>	a
447	459	<epsilon>	a
448	460	<epsilon>	e
449	461	<epsilon>	a
450	462	<epsilon>	a
451	463	<epsilon>	s
452	464	<epsilon>	r
453	464	<epsilon>	u
454	465	<epsilon>	n
455	466	<epsilon>	e
456	467	<epsilon>	f
457	468	<epsilon>	g
458	469	<epsilon>	t
459	470	<epsilon>	c
460	471	<epsilon>	g
461	472	<epsilon>	t
462	473	<epsilon>	c
463	474	<epsilon>	t
464	475	<epsilon>	t
465	476	<epsilon>	t
466	477	<epsilon>	g
467	478	<epsilon>	r
468	479	<epsilon>	e
469	480	<epsilon>	i
470	481	<epsilon>	t
471	482	<epsilon>	e
472	483	<epsilon>	i
473	484	<epsilon>	t
474	1866	<epsilon>	"
474	485	.	<epsilon>
475	474	<epsilon>	h
476	486	<epsilon>	e
477	487	<epsilon>	a
478	488	<epsilon>	a
479	489	<epsilon>	r
480	490	<epsilon>	v
481	491	<epsilon>	i
482	492	<epsilon>	r
483	493	<epsilon>	v
484	494	<epsilon>	i
485	1866	<epsilon>	"
486	495	<epsilon>	g
487	496	<epsilon>	t
488	497	<epsilon>	c
489	498	<epsilon>	_
490	499	<epsilon>	e
491	500	<epsilon>	o
492	501	<epsilon>	_
493	502	<epsilon>	e
494	503	<epsilon>	o
495	504	<epsilon>	e
496	505	<epsilon>	i
497	506	<epsilon>	t
498	507	<epsilon>	p
499	508	<epsilon>	:
500	509	<epsilon>	n
501	510	<epsilon>	p
502	511	<epsilon>	:
503	512	<epsilon>	n
504	513	<epsilon>	r
505	514	<epsilon>	v
506	515	<epsilon>	i
507	516	<epsilon>	a
508	517	<epsilon>	<space>
509	518	<epsilon>	a
510	519	<epsilon>	a
511	520	<epsilon>	<space>
512	521	<epsilon>	a
513	522	<epsilon>	_
514	523	<epsilon>	e
515	524	<epsilon>	o
516	525	<epsilon>	r
517	526	<epsilon>	t
518	527	<epsilon>	l
519	528	<epsilon>	r
520	529	<epsilon>	t
521	530	<epsilon>	l
522	531	<epsilon>	p
523	532	<epsilon>	:
524	533	<epsilon>	n
525	534	<epsilon>	t
526	535	<epsilon>	r
527	536	<epsilon>	_
528	537	<epsilon>	t
529	538	<epsilon>	r
530	539	<epsilon>	_
531	540	<epsilon>	a
532	541	<epsilon>	<space>
533	542	<epsilon>	a
534	543	<epsilon>	:
535	544	<epsilon>	u
536	545	<epsilon>	p
537	546	<epsilon>	:
538	547	<epsilon>	u
539	548	<epsilon>	p
540	549	<epsilon>	r
541	550	<epsilon>	t
542	551	<epsilon>	l
543	552	<epsilon>	<space>
544	553	<epsilon>	e
545	554	<epsilon>	a
546	555	<epsilon>	<space>
547	556	<epsilon>	e
548	557	<epsilon>	a
549	558	<epsilon>	t
550	559	<epsilon>	r
551	560	<epsilon>	_
552	561	<epsilon>	"
553	562	<epsilon>	<space>
554	563	<epsilon>	r
555	564	<epsilon>	"
556	565	<epsilon>	<space>
557	566	<epsilon>	r
558	567	<epsilon>	:
559	568	<epsilon>	u
560	569	<epsilon>	p
561	570	0	0
561	571	1	1
561	571	2	2
561	571	3	3
561	571	4	4
561	571	5	5
561	571	6	6
561	571	7	7
561	571	8	8
561	571	9	9
562	424	<epsilon>	i
562	426	.	<epsilon>
563	572	<epsilon>	t
564	573	0	0
564	574	1	1
564	574	2	2
564	574	3	3
564	574	4	4
564	574	5	5
564	574	6	6
564	574	7	7
564	574	8	8
564	574	9	9
565	427	<epsilon>	i
565	429	.	<epsilon>
566	575	<epsilon>	t
567	576	<epsilon>	<space>
568	577	<epsilon>	e
569	578	<epsilon>	a
570	579	<epsilon>	"
571	579	<epsilon>	"
571	582	<space>	<epsilon>
571	583	,	<epsilon>
571	580	0	0
571	581	1	1
571	581	2	2
571	581	3	3
571	581	4	4
571	581	5	5
571	581	6	6
571	581	7	7
571	581	8	8
571	581	9	9
572	584	<epsilon>	:
573	585	<epsilon>	"
574	585	<epsilon>	"
574	588	<space>	<epsilon>
574	589	,	<epsilon>
574	586	0	0
574	587	1	1
574	587	2	2
574	587	3	3
574	587	4	4
574	587	5	5
574	587	6	6
574	587	7	7
574	587	8	8
574	587	9	9
575	590	<epsilon>	:
576	591	<epsilon>	"
577	592	<epsilon>	<space>
578	593	<epsilon>	r
579	594	<epsilon>	<space>
580	579	<epsilon>	"
580	582	<space>	<epsilon>
580	583	,	<epsilon>
580	595	0	0
580	596	1	1
580	596	2	2
580	596	3	3
580	596	4	4
580	596	5	5
580	596	6	6
580	596	7	7
580	596	8	8
580	596	9	9
581	579	<epsilon>	"
581	582	<space>	<epsilon>
581	583	,	<epsilon>
581	595	0	0
581	597	1	1
581	597	2	2
581	597	3	3
581	597	4	4
581	597	5	5
581	597	6	6
581	597	7	7
581	597	8	8
581	597	9	9
582	599	,	<epsilon>
582	598	0	0
582	598	1	1
582	598	2	2
582	598	3	3
582	598	4	4
582	598	5	5
582	598	6	6
582	598	7	7
582	598	8	8
582	598	9	9
583	601	<space>	<epsilon>
583	600	0	0
583	600	1	1
583	600	2	2
583	600	3	3
583	600	4	4
583	600	5	5
583	600	6	6
583	600	7	7
583	600	8	8
583	600	9	9
584	602	<epsilon>	<space>
585	603	<epsilon>	<space>
586	585	<epsilon>	"
586	588	<space>	<epsilon>
586	589	,	<epsilon>
586	604	0	0
586	605	1	1
586	605	2	2
586	605	3	3
586	605	4	4
586	605	5	5
586	605	6	6
586	605	7	7
586	605	8	8
586	605	9	9
587	585	<epsilon>	"
587	588	<space>	<epsilon>
587	589	,	<epsilon>
587	604	0	0
587	606	1	1
587	606	2	2
587	606	3	3
587	606	4	4
587	606	5	5
587	606	6	6
587	606	7	7
587	606	8	8
587	606	9	9
588	608	,	<epsilon>
588	607	0	0
588	607	1	1
588	607	2	2
588	607	3	3
588	607	4	4
588	607	5	5
588	607	6	6
588	607	7	7
588	607	8	8
588	607	9	9
589	610	<space>	<epsilon>
589	609	0	0
589	609	1	1
589	609	2	2
589	609	3	3
589	609	4	4
589	609	5	5
589	609	6	6
589	609	7	7
589	609	8	8
589	609	9	9
590	611	<epsilon>	<space>
591	612	0	0
591	613	1	1
591	613	2	2
591	613	3	3
591	613	4	4
591	613	5	5
591	613	6	6
591	613	7	7
591	613	8	8
591	613	9	9
592	454	<epsilon>	i
592	456	.	<epsilon>
593	614	<epsilon>	t
594	615	<epsilon>	<space>
594	617	<epsilon>	q
594	618	<space>	<space>
594	619	*	<space>
594	616	.	<epsilon>
594	620	E	<space>
594	620	e	<space>
594	619	x	<space>
594	621	<194>	<space>
594	622	<195>	<space>
595	579	<epsilon>	"
595	582	<space>	<epsilon>
595	583	,	<epsilon>
595	623	0	0
595	624	1	1
595	624	2	2
595	624	3	3
595	624	4	4
595	624	5	5
595	624	6	6
595	624	7	7
595	624	8	8
595	624	9	9
596	579	<epsilon>	"
596	582	<space>	<epsilon>
596	625	,	<epsilon>
596	624	0	0
596	624	1	1
596	624	2	2
596	624	3	3
596	624	4	4
596	624	5	5
596	624	6	6
596	624	7	7
596	624	8	8
596	624	9	9
597	579	<epsilon>	"
597	582	<space>	<epsilon>
597	583	,	<epsilon>
597	623	0	0
597	623	1	1
597	623	2	2
597	623	3	3
597	623	4	4
597	623	5	5
597	623	6	6
597	623	7	7
597	623	8	8
597	623	9	9
598	626	0	0
598	626	1	1
598	626	2	2
598	626	3	3
598	626	4	4
598	626	5	5
598	626	6	6
598	626	7	7
598	626	8	8
598	626	9	9
599	628	<space>	<epsilon>
599	627	0	0
599	627	1	1
599	627	2	2
599	627	3	3
599	627	4	4
599	627	5	5
599	627	6	6
599	627	7	7
599	627	8	8
599	627	9	9
600	629	0	0
600	629	1	1
600	629	2	2
600	629	3	3
600	629	4	4
600	629	5	5
600	629	6	6
600	629	7	7
600	629	8	8
600	629	9	9
601	630	0	0
602	631	<epsilon>	"
603	632	<epsilon>	<space>
603	634	<epsilon>	q
603	635	<space>	<space>
603	636	*	<space>
603	633	.	<epsilon>
603	637	E	<space>
603	637	e	<space>
603	636	x	<space>
603	638	<194>	<space>
603	639	<195>	<space>
604	585	<epsilon>	"
604	588	<space>	<epsilon>
604	589	,	<epsilon>
604	640	0	0
604	641	1	1
604	641	2	2
604	641	3	3
604	641	4	4
604	641	5	5
604	641	6	6
604	641	7	7
604	641	8	8
604	641	9	9
605	585	<epsilon>	"
605	588	<space>	<epsilon>
605	642	,	<epsilon>
605	641	0	0
605	641	1	1
605	641	2	2
605	641	3	3
605	641	4	4
605	641	5	5
605	641	6	6
605	641	7	7
605	641	8	8
605	641	9	9
606	585	<epsilon>	"
606	588	<space>	<epsilon>
606	589	,	<epsilon>
606	640	0	0
606	640	1	1
606	640	2	2
606	640	3	3
606	640	4	4
606	640	5	5
606	640	6	6
606	640	7	7
606	640	8	8
606	640	9	9
607	643	0	0
607	643	1	1
607	643	2	2
607	643	3	3
607	643	4	4
607	643	5	5
607	643	6	6
607	643	7	7
607	643	8	8
607	643	9	9
608	645	<space>	<epsilon>
608	644	0	0
608	644	1	1
608	644	2	2
608	644	3	3
608	644	4	4
608	644	5	5
608	644	6	6
608	644	7	7
608	644	8	8
608	644	9	9
609	646	0	0
609	646	1	1
609	646	2	2
609	646	3	3
609	646	4	4
609	646	5	5
609	646	6	6
609	646	7	7
609	646	8	8
609	646	9	9
610	647	0	0
611	648	<epsilon>	"
612	649	<epsilon>	"
613	649	<epsilon>	"
613	652	<space>	<epsilon>
613	653	,	<epsilon>
613	650	0	0
613	651	1	1
613	651	2	2
613	651	3	3
613	651	4	4
613	651	5	5
613	651	6	6
613	651	7	7
613	651	8	8
613	651	9	9
614	654	<epsilon>	:
615	655	<epsilon>	}
616	656	<epsilon>	f
617	657	<epsilon>	u
618	658	<space>	e
618	659	*	e
618	659	x	e
618	660	<194>	e
618	661	<195>	e
619	659	<space>	e
619	662	1	e
620	663	<epsilon>	e
621	659	<183>	e
622	659	<151>	e
623	579	<epsilon>	"
623	665	<space>	<epsilon>
623	583	,	<epsilon>
623	664	0	0
623	664	1	1
623	664	2	2
623	664	3	3
623	664	4	4
623	664	5	5
623	664	6	6
623	664	7	7
623	664	8	8
623	664	9	9
624	579	<epsilon>	"
624	665	<space>	<epsilon>
624	625	,	<epsilon>
624	664	0	0
624	664	1	1
624	664	2	2
624	664	3	3
624	664	4	4
624	664	5	5
624	664	6	6
624	664	7	7
624	664	8	8
624	664	9	9
625	600	0	0
625	600	1	1
625	600	2	2
625	600	3	3
625	600	4	4
625	600	5	5
625	600	6	6
625	600	7	7
625	600	8	8
625	600	9	9
626	666	0	0
626	666	1	1
626	666	2	2
626	666	3	3
626	666	4	4
626	666	5	5
626	666	6	6
626	666	7	7
626	666	8	8
626	666	9	9
627	667	0	0
627	667	1	1
627	667	2	2
627	667	3	3
627	667	4	4
627	667	5	5
627	667	6	6
627	667	7	7
627	667	8	8
627	667	9	9
628	668	0	0
628	668	1	1
628	668	2	2
628	668	3	3
628	668	4	4
628	668	5	5
628	668	6	6
628	668	7	7
628	668	8	8
628	668	9	9
629	669	0	0
629	669	1	1
629	669	2	2
629	669	3	3
629	669	4	4
629	669	5	5
629	669	6	6
629	669	7	7
629	669	8	8
629	669	9	9
630	670	0	0
631	671	0	0
631	671	1	1
631	671	2	2
631	671	3	3
631	671	4	4
631	671	5	5
631	671	6	6
631	671	7	7
631	671	8	8
631	671	9	9
632	672	<epsilon>	}
633	673	<epsilon>	f
634	674	<epsilon>	u
635	675	<space>	e
635	676	*	e
635	676	x	e
635	677	<194>	e
635	678	<195>	e
636	676	<space>	e
636	679	1	e
637	680	<epsilon>	e
638	676	<183>	e
639	676	<151>	e
640	585	<epsilon>	"
640	682	<space>	<epsilon>
640	589	,	<epsilon>
640	681	0	0
640	681	1	1
640	681	2	2
640	681	3	3
640	681	4	4
640	681	5	5
640	681	6	6
640	681	7	7
640	681	8	8
640	681	9	9
641	585	<epsilon>	"
641	682	<space>	<epsilon>
641	642	,	<epsilon>
641	681	0	0
641	681	1	1
641	681	2	2
641	681	3	3
641	681	4	4
641	681	5	5
641	681	6	6
641	681	7	7
641	681	8	8
641	681	9	9
642	609	0	0
642	609	1	1
642	609	2	2
642	609	3	3
642	609	4	4
642	609	5	5
642	609	6	6
642	609	7	7
642	609	8	8
642	609	9	9
643	683	0	0
643	683	1	1
643	683	2	2
643	683	3	3
643	683	4	4
643	683	5	5
643	683	6	6
643	683	7	7
643	683	8	8
643	683	9	9
644	684	0	0
644	684	1	1
644	684	2	2
644	684	3	3
644	684	4	4
644	684	5	5
644	684	6	6
644	684	7	7
644	684	8	8
644	684	9	9
645	685	0	0
645	685	1	1
645	685	2	2
645	685	3	3
645	685	4	4
645	685	5	5
645	685	6	6
645	685	7	7
645	685	8	8
645	685	9	9
646	686	0	0
646	686	1	1
646	686	2	2
646	686	3	3
646	686	4	4
646	686	5	5
646	686	6	6
646	686	7	7
646	686	8	8
646	686	9	9
647	687	0	0
648	688	0	0
648	688	1	1
648	688	2	2
648	688	3	3
648	688	4	4
648	688	5	5
648	688	6	6
648	688	7	7
648	688	8	8
648	688	9	9
649	689	<epsilon>	<space>
650	649	<epsilon>	"
650	652	<space>	<epsilon>
650	653	,	<epsilon>
650	690	0	0
650	691	1	1
650	691	2	2
650	691	3	3
650	691	4	4
650	691	5	5
650	691	6	6
650	691	7	7
650	691	8	8
650	691	9	9
651	649	<epsilon>	"
651	652	<space>	<epsilon>
651	653	,	<epsilon>
651	690	0	0
651	692	1	1
651	692	2	2
651	692	3	3
651	692	4	4
651	692	5	5
651	692	6	6
651	692	7	7
651	692	8	8
651	692	9	9
652	694	,	<epsilon>
652	693	0	0
652	693	1	1
652	693	2	2
652	693	3	3
652	693	4	4
652	693	5	5
652	693	6	6
652	693	7	7
652	693	8	8
652	693	9	9
653	696	<space>	<epsilon>
653	695	0	0
653	695	1	1
653	695	2	2
653	695	3	3
653	695	4	4
653	695	5	5
653	695	6	6
653	695	7	7
653	695	8	8
653	695	9	9
654	697	<epsilon>	<space>
655	698	<epsilon>	<space>
655	655	<9>	<epsilon>
655	655	<10>	<epsilon>
655	655	<13>	<epsilon>
655	655	<space>	<epsilon>
656	699	<epsilon>	r
657	700	<epsilon>	a
658	701	<space>	x
658	702	*	x
658	702	x	x
658	703	<194>	x
658	704	<195>	x
659	702	<space>	x
659	705	1	x
660	702	<183>	x
661	702	<151>	x
662	706	0	x
663	707	<epsilon>	x
664	579	<epsilon>	"
664	664	0	0
664	664	1	1
664	664	2	2
664	664	3	3
664	664	4	4
664	664	5	5
664	664	6	6
664	664	7	7
664	664	8	8
664	664	9	9
665	599	,	<epsilon>
666	579	<epsilon>	"
666	708	<space>	<epsilon>
667	709	0	0
667	709	1	1
667	709	2	2
667	709	3	3
667	709	4	4
667	709	5	5
667	709	6	6
667	709	7	7
667	709	8	8
667	709	9	9
668	710	0	0
668	710	1	1
668	710	2	2
668	710	3	3
668	710	4	4
668	710	5	5
668	710	6	6
668	710	7	7
668	710	8	8
668	710	9	9
669	579	<epsilon>	"
669	625	,	<epsilon>
670	711	0	0
671	712	<epsilon>	"
671	671	0	0
671	671	1	1
671	671	2	2
671	671	3	3
671	671	4	4
671	671	5	5
671	671	6	6
671	671	7	7
671	671	8	8
671	671	9	9
672	713	<epsilon>	<space>
672	672	<9>	<epsilon>
672	672	<10>	<epsilon>
672	672	<13>	<epsilon>
672	672	<space>	<epsilon>
673	714	<epsilon>	r
674	715	<epsilon>	a
675	716	<space>	x
675	717	*	x
675	717	x	x
675	718	<194>	x
675	719	<195>	x
676	717	<space>	x
676	720	1	x
677	717	<183>	x
678	717	<151>	x
679	721	0	x
680	722	<epsilon>	x
681	585	<epsilon>	"
681	681	0	0
681	681	1	1
681	681	2	2
681	681	3	3
681	681	4	4
681	681	5	5
681	681	6	6
681	681	7	7
681	681	8	8
681	681	9	9
682	608	,	<epsilon>
683	585	<epsilon>	"
683	723	<space>	<epsilon>
684	724	0	0
684	724	1	1
684	724	2	2
684	724	3	3
684	724	4	4
684	724	5	5
684	724	6	6
684	724	7	7
684	724	8	8
684	724	9	9
685	725	0	0
685	725	1	1
685	725	2	2
685	725	3	3
685	725	4	4
685	725	5	5
685	725	6	6
685	725	7	7
685	725	8	8
685	725	9	9
686	585	<epsilon>	"
686	642	,	<epsilon>
687	726	0	0
688	727	<epsilon>	"
688	688	0	0
688	688	1	1
688	688	2	2
688	688	3	3
688	688	4	4
688	688	5	5
688	688	6	6
688	688	7	7
688	688	8	8
688	688	9	9
689	728	<epsilon>	<space>
689	730	<epsilon>	q
689	731	<space>	<space>
689	732	*	<space>
689	729	.	<epsilon>
689	733	E	<space>
689	733	e	<space>
689	732	x	<space>
689	734	<194>	<space>
689	735	<195>	<space>
690	649	<epsilon>	"
690	652	<space>	<epsilon>
690	653	,	<epsilon>
690	736	0	0
690	737	1	1
690	737	2	2
690	737	3	3
690	737	4	4
690	737	5	5
690	737	6	6
690	737	7	7
690	737	8	8
690	737	9	9
691	649	<epsilon>	"
691	652	<space>	<epsilon>
691	738	,	<epsilon>
691	737	0	0
691	737	1	1
691	737	2	2
691	737	3	3
691	737	4	4
691	737	5	5
691	737	6	6
691	737	7	7
691	737	8	8
691	737	9	9
692	649	<epsilon>	"
692	652	<space>	<epsilon>
692	653	,	<epsilon>
692	736	0	0
692	736	1	1
692	736	2	2
692	736	3	3
692	736	4	4
692	736	5	5
692	736	6	6
692	736	7	7
692	736	8	8
692	736	9	9
693	739	0	0
693	739	1	1
693	739	2	2
693	739	3	3
693	739	4	4
693	739	5	5
693	739	6	6
693	739	7	7
693	739	8	8
693	739	9	9
694	741	<space>	<epsilon>
694	740	0	0
694	740	1	1
694	740	2	2
694	740	3	3
694	740	4	4
694	740	5	5
694	740	6	6
694	740	7	7
694	740	8	8
694	740	9	9
695	742	0	0
695	742	1	1
695	742	2	2
695	742	3	3
695	742	4	4
695	742	5	5
695	742	6	6
695	742	7	7
695	742	8	8
695	742	9	9
696	743	0	0
697	744	<epsilon>	"
698	745	<epsilon>	u
699	746	<epsilon>	a
700	747	<epsilon>	n
701	748	<space>	p
701	749	*	p
701	749	x	p
701	750	<194>	p
701	751	<195>	p
702	749	<space>	p
702	752	1	p
703	749	<183>	p
704	749	<151>	p
705	753	0	p
706	753	<space>	p
706	754	^	p
707	755	<epsilon>	p
708	598	0	0
708	598	1	1
708	598	2	2
708	598	3	3
708	598	4	4
708	598	5	5
708	598	6	6
708	598	7	7
708	598	8	8
708	598	9	9
709	579	<epsilon>	"
709	756	<space>	<epsilon>
710	757	0	0
710	757	1	1
710	757	2	2
710	757	3	3
710	757	4	4
710	757	5	5
710	757	6	6
710	757	7	7
710	757	8	8
710	757	9	9
711	579	<epsilon>	"
711	758	,	<epsilon>
712	615	<epsilon>	<space>	20
712	618	<space>	<space>	20
712	619	*	<space>	20
712	620	E	<space>	20
712	620	e	<space>	20
712	619	x	<space>	20
712	621	<194>	<space>	20
712	622	<195>	<space>	20
713	759	<epsilon>	u
714	760	<epsilon>	a
715	761	<epsilon>	n
716	762	<space>	p
716	763	*	p
716	763	x	p
716	764	<194>	p
716	765	<195>	p
717	763	<space>	p
717	766	1	p
718	763	<183>	p
719	763	<151>	p
720	767	0	p
721	767	<space>	p
721	768	^	p
722	769	<epsilon>	p
723	607	0	0
723	607	1	1
723	607	2	2
723	607	3	3
723	607	4	4
723	607	5	5
723	607	6	6
723	607	7	7
723	607	8	8
723	607	9	9
724	585	<epsilon>	"
724	770	<space>	<epsilon>
725	771	0	0
725	771	1	1
725	771	2	2
725	771	3	3
725	771	4	4
725	771	5	5
725	771	6	6
725	771	7	7
725	771	8	8
725	771	9	9
726	585	<epsilon>	"
726	772	,	<epsilon>
727	632	<epsilon>	<space>	20
727	635	<space>	<space>	20
727	636	*	<space>	20
727	637	E	<space>	20
727	637	e	<space>	20
727	636	x	<space>	20
727	638	<194>	<space>	20
727	639	<195>	<space>	20
728	773	<epsilon>	}
729	774	<epsilon>	f
730	775	<epsilon>	u
731	776	<space>	e
731	777	*	e
731	777	x	e
731	778	<194>	e
731	779	<195>	e
732	777	<space>	e
732	780	1	e
733	781	<epsilon>	e
734	777	<183>	e
735	777	<151>	e
736	649	<epsilon>	"
736	783	<space>	<epsilon>
736	653	,	<epsilon>
736	782	0	0
736	782	1	1
736	782	2	2
736	782	3	3
736	782	4	4
736	782	5	5
736	782	6	6
736	782	7	7
736	782	8	8
736	782	9	9
737	649	<epsilon>	"
737	783	<space>	<epsilon>
737	738	,	<epsilon>
737	782	0	0
737	782	1	1
737	782	2	2
737	782	3	3
737	782	4	4
737	782	5	5
737	782	6	6
737	782	7	7
737	782	8	8
737	782	9	9
738	695	0	0
738	695	1	1
738	695	2	2
738	695	3	3
738	695	4	4
738	695	5	5
738	695	6	6
738	695	7	7
738	695	8	8
738	695	9	9
739	784	0	0
739	784	1	1
739	784	2	2
739	784	3	3
739	784	4	4
739	784	5	5
739	784	6	6
739	784	7	7
739	784	8	8
739	784	9	9
740	785	0	0
740	785	1	1
740	785	2	2
740	785	3	3
740	785	4	4
740	785	5	5
740	785	6	6
740	785	7	7
740	785	8	8
740	785	9	9
741	786	0	0
741	786	1	1
741	786	2	2
741	786	3	3
741	786	4	4
741	786	5	5
741	786	6	6
741	786	7	7
741	786	8	8
741	786	9	9
742	787	0	0
742	787	1	1
742	787	2	2
742	787	3	3
742	787	4	4
742	787	5	5
742	787	6	6
742	787	7	7
742	787	8	8
742	787	9	9
743	788	0	0
744	789	0	0
744	789	1	1
744	789	2	2
744	789	3	3
744	789	4	4
744	789	5	5
744	789	6	6
744	789	7	7
744	789	8	8
744	789	9	9
745	790	<epsilon>	n
746	791	<epsilon>	c
747	792	<epsilon>	t
748	793	<space>	o
748	794	*	o
748	794	x	o
748	795	<194>	o
748	796	<195>	o
749	794	<space>	o
749	797	1	o
750	794	<183>	o
751	794	<151>	o
752	798	0	o
753	798	<space>	o
753	799	^	o
754	800	<epsilon>	o
754	799	<space>	o
755	800	<epsilon>	o
756	801	,	<epsilon>
757	579	<epsilon>	"
757	802	<space>	<epsilon>
758	601	<space>	<epsilon>
759	803	<epsilon>	n
760	804	<epsilon>	c
761	805	<epsilon>	t
762	806	<space>	o
762	807	*	o
762	807	x	o
762	808	<194>	o
762	809	<195>	o
763	807	<space>	o
763	810	1	o
764	807	<183>	o
765	807	<151>	o
766	811	0	o
767	811	<space>	o
767	812	^	o
768	813	<epsilon>	o
768	812	<space>	o
769	813	<epsilon>	o
770	814	,	<epsilon>
771	585	<epsilon>	"
771	815	<space>	<epsilon>
772	610	<space>	<epsilon>
773	816	<epsilon>	<space>
773	773	<9>	<epsilon>
773	773	<10>	<epsilon>
773	773	<13>	<epsilon>
773	773	<space>	<epsilon>
774	817	<epsilon>	r
775	818	<epsilon>	a
776	819	<space>	x
776	820	*	x
776	820	x	x
776	821	<194>	x
776	822	<195>	x
777	820	<space>	x
777	823	1	x
778	820	<183>	x
779	820	<151>	x
780	824	0	x
781	825	<epsilon>	x
782	649	<epsilon>	"
782	782	0	0
782	782	1	1
782	782	2	2
782	782	3	3
782	782	4	4
782	782	5	5
782	782	6	6
782	782	7	7
782	782	8	8
782	782	9	9
783	694	,	<epsilon>
784	649	<epsilon>	"
784	826	<space>	<epsilon>
785	827	0	0
785	827	1	1
785	827	2	2
785	827	3	3
785	827	4	4
785	827	5	5
785	827	6	6
785	827	7	7
785	827	8	8
785	827	9	9
786	828	0	0
786	828	1	1
786	828	2	2
786	828	3	3
786	828	4	4
786	828	5	5
786	828	6	6
786	828	7	7
786	828	8	8
786	828	9	9
787	649	<epsilon>	"
787	738	,	<epsilon>
788	829	0	0
789	830	<epsilon>	"
789	789	0	0
789	789	1	1
789	789	2	2
789	789	3	3
789	789	4	4
789	789	5	5
789	789	6	6
789	789	7	7
789	789	8	8
789	789	9	9
790	831	<epsilon>	i
791	832	<epsilon>	t
792	833	<epsilon>	i
793	834	<space>	n
793	835	*	n
793	835	x	n
793	836	<194>	n
793	837	<195>	n
794	835	<space>	n
794	838	1	n
795	835	<183>	n
796	835	<151>	n
797	839	0	n
798	839	<space>	n
798	840	^	n
799	841	<epsilon>	n
799	840	<space>	n
800	841	<epsilon>	n
801	627	0	0
801	627	1	1
801	627	2	2
801	627	3	3
801	627	4	4
801	627	5	5
801	627	6	6
801	627	7	7
801	627	8	8
801	627	9	9
802	842	,	<epsilon>
803	843	<epsilon>	i
804	844	<epsilon>	t
805	845	<epsilon>	i
806	846	<space>	n
806	847	*	n
806	847	x	n
806	848	<194>	n
806	849	<195>	n
807	847	<space>	n
807	850	1	n
808	847	<183>	n
809	847	<151>	n
810	851	0	n
811	851	<space>	n
811	852	^	n
812	853	<epsilon>	n
812	852	<space>	n
813	853	<epsilon>	n
814	644	0	0
814	644	1	1
814	644	2	2
814	644	3	3
814	644	4	4
814	644	5	5
814	644	6	6
814	644	7	7
814	644	8	8
814	644	9	9
815	854	,	<epsilon>
816	855	<epsilon>	u
817	856	<epsilon>	a
818	857	<epsilon>	n
819	858	<space>	p
819	859	*	p
819	859	x	p
819	860	<194>	p
819	861	<195>	p
820	859	<space>	p
820	862	1	p
821	859	<183>	p
822	859	<151>	p
823	863	0	p
824	863	<space>	p
824	864	^	p
825	865	<epsilon>	p
826	693	0	0
826	693	1	1
826	693	2	2
826	693	3	3
826	693	4	4
826	693	5	5
826	693	6	6
826	693	7	7
826	693	8	8
826	693	9	9
827	649	<epsilon>	"
827	866	<space>	<epsilon>
828	867	0	0
828	867	1	1
828	867	2	2
828	867	3	3
828	867	4	4
828	867	5	5
828	867	6	6
828	867	7	7
828	867	8	8
828	867	9	9
829	649	<epsilon>	"
829	868	,	<epsilon>
830	728	<epsilon>	<space>	20
830	731	<space>	<space>	20
830	732	*	<space>	20
830	733	E	<space>	20
830	733	e	<space>	20
830	732	x	<space>	20
830	734	<194>	<space>	20
830	735	<195>	<space>	20
831	869	<epsilon>	t
832	870	<epsilon>	i
833	871	<epsilon>	t
834	872	<space>	e
834	873	*	e
834	873	x	e
834	874	<194>	e
834	875	<195>	e
835	873	<space>	e
835	876	1	e
836	873	<183>	e
837	873	<151>	e
838	877	0	e
839	877	<space>	e
839	878	^	e
840	879	<epsilon>	e
840	878	<space>	e
841	879	<epsilon>	e
842	628	<space>	<epsilon>
843	880	<epsilon>	t
844	881	<epsilon>	i
845	882	<epsilon>	t
846	883	<space>	e
846	884	*	e
846	884	x	e
846	885	<194>	e
846	886	<195>	e
847	884	<space>	e
847	887	1	e
848	884	<183>	e
849	884	<151>	e
850	888	0	e
851	888	<space>	e
851	889	^	e
852	890	<epsilon>	e
852	889	<space>	e
853	890	<epsilon>	e
854	645	<space>	<epsilon>
855	891	<epsilon>	n
856	892	<epsilon>	c
857	893	<epsilon>	t
858	894	<space>	o
858	895	*	o
858	895	x	o
858	896	<194>	o
858	897	<195>	o
859	895	<space>	o
859	898	1	o
860	895	<183>	o
861	895	<151>	o
862	899	0	o
863	899	<space>	o
863	900	^	o
864	901	<epsilon>	o
864	900	<space>	o
865	901	<epsilon>	o
866	902	,	<epsilon>
867	649	<epsilon>	"
867	903	<space>	<epsilon>
868	696	<space>	<epsilon>
869	904	<epsilon>	s
870	905	<epsilon>	o
871	906	<epsilon>	y
872	907	<space>	n
872	908	*	n
872	908	x	n
872	909	<194>	n
872	910	<195>	n
873	908	<space>	n
873	911	1	n
874	908	<183>	n
875	908	<151>	n
876	912	0	n
877	912	<space>	n
877	913	^	n
878	914	<epsilon>	n
878	913	<space>	n
879	914	<epsilon>	n
880	915	<epsilon>	s
881	916	<epsilon>	o
882	917	<epsilon>	y
883	918	<space>	n
883	919	*	n
883	919	x	n
883	920	<194>	n
883	921	<195>	n
884	919	<space>	n
884	922	1	n
885	919	<183>	n
886	919	<151>	n
887	923	0	n
888	923	<space>	n
888	924	^	n
889	925	<epsilon>	n
889	924	<space>	n
890	925	<epsilon>	n
891	926	<epsilon>	i
892	927	<epsilon>	t
893	928	<epsilon>	i
894	929	<space>	n
894	930	*	n
894	930	x	n
894	931	<194>	n
894	932	<195>	n
895	930	<space>	n
895	933	1	n
896	930	<183>	n
897	930	<151>	n
898	934	0	n
899	934	<space>	n
899	935	^	n
900	936	<epsilon>	n
900	935	<space>	n
901	936	<epsilon>	n
902	740	0	0
902	740	1	1
902	740	2	2
902	740	3	3
902	740	4	4
902	740	5	5
902	740	6	6
902	740	7	7
902	740	8	8
902	740	9	9
903	937	,	<epsilon>
904	938	<epsilon>	:
905	939	<epsilon>	n
906	940	<epsilon>	:
907	941	<space>	t
907	942	*	t
907	942	x	t
907	943	<194>	t
907	944	<195>	t
908	942	<space>	t
908	945	1	t
909	942	<183>	t
910	942	<151>	t
911	946	0	t
912	946	<space>	t
912	947	^	t
913	948	<epsilon>	t
913	947	<space>	t
914	948	<epsilon>	t
915	949	<epsilon>	:
916	950	<epsilon>	n
917	951	<epsilon>	:
918	952	<space>	t
918	953	*	t
918	953	x	t
918	954	<194>	t
918	955	<195>	t
919	953	<space>	t
919	956	1	t
920	953	<183>	t
921	953	<151>	t
922	957	0	t
923	957	<space>	t
923	958	^	t
924	959	<epsilon>	t
924	958	<space>	t
925	959	<epsilon>	t
926	960	<epsilon>	t
927	961	<epsilon>	i
928	962	<epsilon>	t
929	963	<space>	e
929	964	*	e
929	964	x	e
929	965	<194>	e
929	966	<195>	e
930	964	<space>	e
930	967	1	e
931	964	<183>	e
932	964	<151>	e
933	968	0	e
934	968	<space>	e
934	969	^	e
935	970	<epsilon>	e
935	969	<space>	e
936	970	<epsilon>	e
937	741	<space>	<epsilon>
938	971	<epsilon>	<space>
939	972	<epsilon>	a
940	973	<epsilon>	<space>
940	974	<space>	<space>
941	975	<space>	:
941	976	*	:
941	976	x	:
941	977	<194>	:
941	978	<195>	:
942	976	<space>	:
942	979	1	:
943	976	<183>	:
944	976	<151>	:
945	980	0	:
946	980	<space>	:
946	981	^	:
947	982	<epsilon>	:
947	981	<space>	:
948	982	<epsilon>	:
949	983	<epsilon>	<space>
950	984	<epsilon>	a
951	985	<epsilon>	<space>
951	986	<space>	<space>
952	987	<space>	:
952	988	*	:
952	988	x	:
952	989	<194>	:
952	990	<195>	:
953	988	<space>	:
953	991	1	:
954	988	<183>	:
955	988	<151>	:
956	992	0	:
957	992	<space>	:
957	993	^	:
958	994	<epsilon>	:
958	993	<space>	:
959	994	<epsilon>	:
960	995	<epsilon>	s
961	996	<epsilon>	o
962	997	<epsilon>	y
963	998	<space>	n
963	999	*	n
963	999	x	n
963	1000	<194>	n
963	1001	<195>	n
964	999	<space>	n
964	1002	1	n
965	999	<183>	n
966	999	<151>	n
967	1003	0	n
968	1003	<space>	n
968	1004	^	n
969	1005	<epsilon>	n
969	1004	<space>	n
970	1005	<epsilon>	n
971	1006	<epsilon>	"
972	1007	<epsilon>	l
973	1008	<epsilon>	"
974	1008	<epsilon>	"
974	974	<space>	<epsilon>
975	1009	<space>	<space>
975	1010	*	<space>
975	1010	x	<space>
975	1011	<194>	<space>
975	1012	<195>	<space>
976	1010	<space>	<space>
976	1013	1	<space>
977	1010	<183>	<space>
978	1010	<151>	<space>
979	1014	0	<space>
980	1014	<space>	<space>
980	1015	^	<space>
981	1016	<epsilon>	<space>
981	1015	<space>	<space>
982	1016	<epsilon>	<space>
983	1017	<epsilon>	"
984	1018	<epsilon>	l
985	1019	<epsilon>	"
986	1019	<epsilon>	"
986	986	<space>	<epsilon>
987	1020	<space>	<space>
987	1021	*	<space>
987	1021	x	<space>
987	1022	<194>	<space>
987	1023	<195>	<space>
988	1021	<space>	<space>
988	1024	1	<space>
989	1021	<183>	<space>
990	1021	<151>	<space>
991	1025	0	<space>
992	1025	<space>	<space>
992	1026	^	<space>
993	1027	<epsilon>	<space>
993	1026	<space>	<space>
994	1027	<epsilon>	<space>
995	1028	<epsilon>	:
996	1029	<epsilon>	n
997	1030	<epsilon>	:
998	1031	<space>	t
998	1032	*	t
998	1032	x	t
998	1033	<194>	t
998	1034	<195>	t
999	1032	<space>	t
999	1035	1	t
1000	1032	<183>	t
1001	1032	<151>	t
1002	1036	0	t
1003	1036	<space>	t
1003	1037	^	t
1004	1038	<epsilon>	t
1004	1037	<space>	t
1005	1038	<epsilon>	t
1006	1039	"	i
1007	1040	<epsilon>	_
1008	1041	b	b
1008	1041	m	m
1008	1042	q	q
1008	1043	t	t
1009	1009	<space>	<epsilon>
1009	1010	*	<epsilon>
1009	1010	x	<epsilon>
1009	1011	<194>	<epsilon>
1009	1012	<195>	<epsilon>
1010	1010	<space>	<epsilon>
1010	1013	1	<epsilon>
1011	1010	<183>	<epsilon>
1012	1010	<151>	<epsilon>
1013	1014	0	<epsilon>
1014	1014	<space>	<epsilon>
1014	1015	^	<epsilon>
1015	1044	<epsilon>	"
1015	1015	<space>	<epsilon>
1016	1044	<epsilon>	"
1017	1045	m	m
1018	1046	<epsilon>	_
1019	1047	b	b
1019	1047	m	m
1019	1048	q	q
1019	1049	t	t
1020	1020	<space>	<epsilon>
1020	1021	*	<epsilon>
1020	1021	x	<epsilon>
1020	1022	<194>	<epsilon>
1020	1023	<195>	<epsilon>
1021	1021	<space>	<epsilon>
1021	1024	1	<epsilon>
1022	1021	<183>	<epsilon>
1023	1021	<151>	<epsilon>
1024	1025	0	<epsilon>
1025	1025	<space>	<epsilon>
1025	1026	^	<epsilon>
1026	1050	<epsilon>	"
1026	1026	<space>	<epsilon>
1027	1050	<epsilon>	"
1028	1051	<epsilon>	<space>
1029	1052	<epsilon>	a
1030	1053	<epsilon>	<space>
1030	1054	<space>	<space>
1031	1055	<space>	:
1031	1056	*	:
1031	1056	x	:
1031	1057	<194>	:
1031	1058	<195>	:
1032	1056	<space>	:
1032	1059	1	:
1033	1056	<183>	:
1034	1056	<151>	:
1035	1060	0	:
1036	1060	<space>	:
1036	1061	^	:
1037	1062	<epsilon>	:
1037	1061	<space>	:
1038	1062	<epsilon>	:
1039	1063	<epsilon>	n
1040	1064	<epsilon>	p
1041	1065	i	i
1042	1066	u	u
1043	1067	h	h
1043	1041	r	r
1044	1070	-	-
1044	1068	0	0
1044	1069	1	1
1044	1069	2	2
1044	1069	3	3
1044	1069	4	4
1044	1069	5	5
1044	1069	6	6
1044	1069	7	7
1044	1069	8	8
1044	1069	9	9
1045	1071	<epsilon>	i
1046	1072	<epsilon>	p
1047	1073	i	i
1048	1074	u	u
1049	1075	h	h
1049	1047	r	r
1050	1078	-	-
1050	1076	0	0
1050	1077	1	1
1050	1077	2	2
1050	1077	3	3
1050	1077	4	4
1050	1077	5	5
1050	1077	6	6
1050	1077	7	7
1050	1077	8	8
1050	1077	9	9
1051	1079	<epsilon>	"
1052	1080	<epsilon>	l
1053	1081	<epsilon>	"
1054	1081	<epsilon>	"
1054	1054	<space>	<epsilon>
1055	1082	<space>	<space>
1055	1083	*	<space>
1055	1083	x	<space>
1055	1084	<194>	<space>
1055	1085	<195>	<space>
1056	1083	<space>	<space>
1056	1086	1	<space>
1057	1083	<183>	<space>
1058	1083	<151>	<space>
1059	1087	0	<space>
1060	1087	<space>	<space>
1060	1088	^	<space>
1061	1089	<epsilon>	<space>
1061	1088	<space>	<space>
1062	1089	<epsilon>	<space>
1063	1090	<epsilon>	c
1064	1091	<epsilon>	a
1065	1092	l	l
1066	1093	a	a
1067	1094	o	o
1068	1095	<epsilon>	"
1069	1095	<epsilon>	"
1069	1098	<space>	<epsilon>
1069	1099	,	<epsilon>
1069	1096	0	0
1069	1097	1	1
1069	1097	2	2
1069	1097	3	3
1069	1097	4	4
1069	1097	5	5
1069	1097	6	6
1069	1097	7	7
1069	1097	8	8
1069	1097	9	9
1070	1068	0	0
1070	1069	1	1
1070	1069	2	2
1070	1069	3	3
1070	1069	4	4
1070	1069	5	5
1070	1069	6	6
1070	1069	7	7
1070	1069	8	8
1070	1069	9	9
1071	1100	<epsilon>	n
1072	1101	<epsilon>	a
1073	1102	l	l
1074	1103	a	a
1075	1104	o	o
1076	1105	<epsilon>	"
1077	1105	<epsilon>	"
1077	1108	<space>	<epsilon>
1077	1109	,	<epsilon>
1077	1106	0	0
1077	1107	1	1
1077	1107	2	2
1077	1107	3	3
1077	1107	4	4
1077	1107	5	5
1077	1107	6	6
1077	1107	7	7
1077	1107	8	8
1077	1107	9	9
1078	1076	0	0
1078	1077	1	1
1078	1077	2	2
1078	1077	3	3
1078	1077	4	4
1078	1077	5	5
1078	1077	6	6
1078	1077	7	7
1078	1077	8	8
1078	1077	9	9
1079	1110	'	m
1080	1111	<epsilon>	_
1081	1112	b	b
1081	1112	m	m
1081	1113	q	q
1081	1114	t	t
1082	1082	<space>	<epsilon>
1082	1083	*	<epsilon>
1082	1083	x	<epsilon>
1082	1084	<194>	<epsilon>
1082	1085	<195>	<epsilon>
1083	1083	<space>	<epsilon>
1083	1086	1	<epsilon>
1084	1083	<183>	<epsilon>
1085	1083	<151>	<epsilon>
1086	1087	0	<epsilon>
1087	1087	<space>	<epsilon>
1087	1088	^	<epsilon>
1088	1115	<epsilon>	"
1088	1088	<space>	<epsilon>
1089	1115	<epsilon>	"
1090	485	<epsilon>	h
1091	1116	<epsilon>	r
1092	1117	l	l
1093	1118	d	d
1094	1119	u	u
1095	615	<epsilon>	<space>
1096	1095	<epsilon>	"
1096	1098	<space>	<epsilon>
1096	1099	,	<epsilon>
1096	1120	0	0
1096	1121	1	1
1096	1121	2	2
1096	1121	3	3
1096	1121	4	4
1096	1121	5	5
1096	1121	6	6
1096	1121	7	7
1096	1121	8	8
1096	1121	9	9
1097	1095	<epsilon>	"
1097	1098	<space>	<epsilon>
1097	1099	,	<epsilon>
1097	1120	0	0
1097	1122	1	1
1097	1122	2	2
1097	1122	3	3
1097	1122	4	4
1097	1122	5	5
1097	1122	6	6
1097	1122	7	7
1097	1122	8	8
1097	1122	9	9
1098	1124	,	<epsilon>
1098	1123	0	0
1098	1123	1	1
1098	1123	2	2
1098	1123	3	3
1098	1123	4	4
1098	1123	5	5
1098	1123	6	6
1098	1123	7	7
1098	1123	8	8
1098	1123	9	9
1099	1126	<space>	<epsilon>
1099	1125	0	0
1099	1125	1	1
1099	1125	2	2
1099	1125	3	3
1099	1125	4	4
1099	1125	5	5
1099	1125	6	6
1099	1125	7	7
1099	1125	8	8
1099	1125	9	9
1100	1127	<epsilon>	u
1101	1128	<epsilon>	r
1102	1129	l	l
1103	1130	d	d
1104	1131	u	u
1105	632	<epsilon>	<space>
1106	1105	<epsilon>	"
1106	1108	<space>	<epsilon>
1106	1109	,	<epsilon>
1106	1132	0	0
1106	1133	1	1
1106	1133	2	2
1106	1133	3	3
1106	1133	4	4
1106	1133	5	5
1106	1133	6	6
1106	1133	7	7
1106	1133	8	8
1106	1133	9	9
1107	1105	<epsilon>	"
1107	1108	<space>	<epsilon>
1107	1109	,	<epsilon>
1107	1132	0	0
1107	1134	1	1
1107	1134	2	2
1107	1134	3	3
1107	1134	4	4
1107	1134	5	5
1107	1134	6	6
1107	1134	7	7
1107	1134	8	8
1107	1134	9	9
1108	1136	,	<epsilon>
1108	1135	0	0
1108	1135	1	1
1108	1135	2	2
1108	1135	3	3
1108	1135	4	4
1108	1135	5	5
1108	1135	6	6
1108	1135	7	7
1108	1135	8	8
1108	1135	9	9
1109	1138	<space>	<epsilon>
1109	1137	0	0
1109	1137	1	1
1109	1137	2	2
1109	1137	3	3
1109	1137	4	4
1109	1137	5	5
1109	1137	6	6
1109	1137	7	7
1109	1137	8	8
1109	1137	9	9
1110	1139	<epsilon>	i
1111	1140	<epsilon>	p
1112	1141	i	i
1113	1142	u	u
1114	1143	h	h
1114	1112	r	r
1115	1146	-	-
1115	1144	0	0
1115	1145	1	1
1115	1145	2	2
1115	1145	3	3
1115	1145	4	4
1115	1145	5	5
1115	1145	6	6
1115	1145	7	7
1115	1145	8	8
1115	1145	9	9
1116	1147	<epsilon>	t
1117	1148	i	i
1118	1041	r	r
1119	1149	s	s
1120	1095	<epsilon>	"
1120	1098	<space>	<epsilon>
1120	1099	,	<epsilon>
1120	1150	0	0
1120	1151	1	1
1120	1151	2	2
1120	1151	3	3
1120	1151	4	4
1120	1151	5	5
1120	1151	6	6
1120	1151	7	7
1120	1151	8	8
1120	1151	9	9
1121	1095	<epsilon>	"
1121	1098	<space>	<epsilon>
1121	1152	,	<epsilon>
1121	1151	0	0
1121	1151	1	1
1121	1151	2	2
1121	1151	3	3
1121	1151	4	4
1121	1151	5	5
1121	1151	6	6
1121	1151	7	7
1121	1151	8	8
1121	1151	9	9
1122	1095	<epsilon>	"
1122	1098	<space>	<epsilon>
1122	1099	,	<epsilon>
1122	1150	0	0
1122	1150	1	1
1122	1150	2	2
1122	1150	3	3
1122	1150	4	4
1122	1150	5	5
1122	1150	6	6
1122	1150	7	7
1122	1150	8	8
1122	1150	9	9
1123	1153	0	0
1123	1153	1	1
1123	1153	2	2
1123	1153	3	3
1123	1153	4	4
1123	1153	5	5
1123	1153	6	6
1123	1153	7	7
1123	1153	8	8
1123	1153	9	9
1124	1155	<space>	<epsilon>
1124	1154	0	0
1124	1154	1	1
1124	1154	2	2
1124	1154	3	3
1124	1154	4	4
1124	1154	5	5
1124	1154	6	6
1124	1154	7	7
1124	1154	8	8
1124	1154	9	9
1125	1156	0	0
1125	1156	1	1
1125	1156	2	2
1125	1156	3	3
1125	1156	4	4
1125	1156	5	5
1125	1156	6	6
1125	1156	7	7
1125	1156	8	8
1125	1156	9	9
1126	1157	0	0
1127	1158	<epsilon>	t
1128	1159	<epsilon>	t
1129	1160	i	i
1130	1047	r	r
1131	1161	s	s
1132	1105	<epsilon>	"
1132	1108	<space>	<epsilon>
1132	1109	,	<epsilon>
1132	1162	0	0
1132	1163	1	1
1132	1163	2	2
1132	1163	3	3
1132	1163	4	4
1132	1163	5	5
1132	1163	6	6
1132	1163	7	7
1132	1163	8	8
1132	1163	9	9
1133	1105	<epsilon>	"
1133	1108	<space>	<epsilon>
1133	1164	,	<epsilon>
1133	1163	0	0
1133	1163	1	1
1133	1163	2	2
1133	1163	3	3
1133	1163	4	4
1133	1163	5	5
1133	1163	6	6
1133	1163	7	7
1133	1163	8	8
1133	1163	9	9
1134	1105	<epsilon>	"
1134	1108	<space>	<epsilon>
1134	1109	,	<epsilon>
1134	1162	0	0
1134	1162	1	1
1134	1162	2	2
1134	1162	3	3
1134	1162	4	4
1134	1162	5	5
1134	1162	6	6
1134	1162	7	7
1134	1162	8	8
1134	1162	9	9
1135	1165	0	0
1135	1165	1	1
1135	1165	2	2
1135	1165	3	3
1135	1165	4	4
1135	1165	5	5
1135	1165	6	6
1135	1165	7	7
1135	1165	8	8
1135	1165	9	9
1136	1167	<space>	<epsilon>
1136	1166	0	0
1136	1166	1	1
1136	1166	2	2
1136	1166	3	3
1136	1166	4	4
1136	1166	5	5
1136	1166	6	6
1136	1166	7	7
1136	1166	8	8
1136	1166	9	9
1137	1168	0	0
1137	1168	1	1
1137	1168	2	2
1137	1168	3	3
1137	1168	4	4
1137	1168	5	5
1137	1168	6	6
1137	1168	7	7
1137	1168	8	8
1137	1168	9	9
1138	1169	0	0
1139	1170	<epsilon>	n
1140	1171	<epsilon>	a
1141	1172	l	l
1142	1173	a	a
1143	1174	o	o
1144	1175	<epsilon>	"
1145	1175	<epsilon>	"
1145	1178	<space>	<epsilon>
1145	1179	,	<epsilon>
1145	1176	0	0
1145	1177	1	1
1145	1177	2	2
1145	1177	3	3
1145	1177	4	4
1145	1177	5	5
1145	1177	6	6
1145	1177	7	7
1145	1177	8	8
1145	1177	9	9
1146	1144	0	0
1146	1145	1	1
1146	1145	2	2
1146	1145	3	3
1146	1145	4	4
1146	1145	5	5
1146	1145	6	6
1146	1145	7	7
1146	1145	8	8
1146	1145	9	9
1147	1181	<epsilon>	:
1148	1182	o	o
1149	1183	a	a
1150	1095	<epsilon>	"
1150	1185	<space>	<epsilon>
1150	1099	,	<epsilon>
1150	1184	0	0
1150	1184	1	1
1150	1184	2	2
1150	1184	3	3
1150	1184	4	4
1150	1184	5	5
1150	1184	6	6
1150	1184	7	7
1150	1184	8	8
1150	1184	9	9
1151	1095	<epsilon>	"
1151	1185	<space>	<epsilon>
1151	1152	,	<epsilon>
1151	1184	0	0
1151	1184	1	1
1151	1184	2	2
1151	1184	3	3
1151	1184	4	4
1151	1184	5	5
1151	1184	6	6
1151	1184	7	7
1151	1184	8	8
1151	1184	9	9
1152	1125	0	0
1152	1125	1	1
1152	1125	2	2
1152	1125	3	3
1152	1125	4	4
1152	1125	5	5
1152	1125	6	6
1152	1125	7	7
1152	1125	8	8
1152	1125	9	9
1153	1186	0	0
1153	1186	1	1
1153	1186	2	2
1153	1186	3	3
1153	1186	4	4
1153	1186	5	5
1153	1186	6	6
1153	1186	7	7
1153	1186	8	8
1153	1186	9	9
1154	1187	0	0
1154	1187	1	1
1154	1187	2	2
1154	1187	3	3
1154	1187	4	4
1154	1187	5	5
1154	1187	6	6
1154	1187	7	7
1154	1187	8	8
1154	1187	9	9
1155	1188	0	0
1155	1188	1	1
1155	1188	2	2
1155	1188	3	3
1155	1188	4	4
1155	1188	5	5
1155	1188	6	6
1155	1188	7	7
1155	1188	8	8
1155	1188	9	9
1156	1189	0	0
1156	1189	1	1
1156	1189	2	2
1156	1189	3	3
1156	1189	4	4
1156	1189	5	5
1156	1189	6	6
1156	1189	7	7
1156	1189	8	8
1156	1189	9	9
1157	1190	0	0
1158	1191	<epsilon>	e
1159	1192	<epsilon>	:
1160	1193	o	o
1161	1194	a	a
1162	1105	<epsilon>	"
1162	1196	<space>	<epsilon>
1162	1109	,	<epsilon>
1162	1195	0	0
1162	1195	1	1
1162	1195	2	2
1162	1195	3	3
1162	1195	4	4
1162	1195	5	5
1162	1195	6	6
1162	1195	7	7
1162	1195	8	8
1162	1195	9	9
1163	1105	<epsilon>	"
1163	1196	<space>	<epsilon>
1163	1164	,	<epsilon>
1163	1195	0	0
1163	1195	1	1
1163	1195	2	2
1163	1195	3	3
1163	1195	4	4
1163	1195	5	5
1163	1195	6	6
1163	1195	7	7
1163	1195	8	8
1163	1195	9	9
1164	1137	0	0
1164	1137	1	1
1164	1137	2	2
1164	1137	3	3
1164	1137	4	4
1164	1137	5	5
1164	1137	6	6
1164	1137	7	7
1164	1137	8	8
1164	1137	9	9
1165	1197	0	0
1165	1197	1	1
1165	1197	2	2
1165	1197	3	3
1165	1197	4	4
1165	1197	5	5
1165	1197	6	6
1165	1197	7	7
1165	1197	8	8
1165	1197	9	9
1166	1198	0	0
1166	1198	1	1
1166	1198	2	2
1166	1198	3	3
1166	1198	4	4
1166	1198	5	5
1166	1198	6	6
1166	1198	7	7
1166	1198	8	8
1166	1198	9	9
1167	1199	0	0
1167	1199	1	1
1167	1199	2	2
1167	1199	3	3
1167	1199	4	4
1167	1199	5	5
1167	1199	6	6
1167	1199	7	7
1167	1199	8	8
1167	1199	9	9
1168	1200	0	0
1168	1200	1	1
1168	1200	2	2
1168	1200	3	3
1168	1200	4	4
1168	1200	5	5
1168	1200	6	6
1168	1200	7	7
1168	1200	8	8
1168	1200	9	9
1169	1201	0	0
1170	1202	<epsilon>	u
1171	1203	<epsilon>	r
1172	1204	l	l
1173	1205	d	d
1174	1206	u	u
1175	728	<epsilon>	<space>
1176	1175	<epsilon>	"
1176	1178	<space>	<epsilon>
1176	1179	,	<epsilon>
1176	1207	0	0
1176	1208	1	1
1176	1208	2	2
1176	1208	3	3
1176	1208	4	4
1176	1208	5	5
1176	1208	6	6
1176	1208	7	7
1176	1208	8	8
1176	1208	9	9
1177	1175	<epsilon>	"
1177	1178	<space>	<epsilon>
1177	1179	,	<epsilon>
1177	1207	0	0
1177	1209	1	1
1177	1209	2	2
1177	1209	3	3
1177	1209	4	4
1177	1209	5	5
1177	1209	6	6
1177	1209	7	7
1177	1209	8	8
1177	1209	9	9
1178	1211	,	<epsilon>
1178	1210	0	0
1178	1210	1	1
1178	1210	2	2
1178	1210	3	3
1178	1210	4	4
1178	1210	5	5
1178	1210	6	6
1178	1210	7	7
1178	1210	8	8
1178	1210	9	9
1179	1213	<space>	<epsilon>
1179	1212	0	0
1179	1212	1	1
1179	1212	2	2
1179	1212	3	3
1179	1212	4	4
1179	1212	5	5
1179	1212	6	6
1179	1212	7	7
1179	1212	8	8
1179	1212	9	9
1180	1902	<epsilon>	}
1181	1214	<epsilon>	<space>
1182	1215	n	n
1183	1216	n	n
1184	1095	<epsilon>	"
1184	1184	0	0
1184	1184	1	1
1184	1184	2	2
1184	1184	3	3
1184	1184	4	4
1184	1184	5	5
1184	1184	6	6
1184	1184	7	7
1184	1184	8	8
1184	1184	9	9
1185	1124	,	<epsilon>
1186	1095	<epsilon>	"
1186	1217	<space>	<epsilon>
1187	1218	0	0
1187	1218	1	1
1187	1218	2	2
1187	1218	3	3
1187	1218	4	4
1187	1218	5	5
1187	1218	6	6
1187	1218	7	7
1187	1218	8	8
1187	1218	9	9
1188	1219	0	0
1188	1219	1	1
1188	1219	2	2
1188	1219	3	3
1188	1219	4	4
1188	1219	5	5
1188	1219	6	6
1188	1219	7	7
1188	1219	8	8
1188	1219	9	9
1189	1095	<epsilon>	"
1189	1152	,	<epsilon>
1190	1220	0	0
1191	1221	<epsilon>	"
1192	1222	<epsilon>	<space>
1193	1223	n	n
1194	1224	n	n
1195	1105	<epsilon>	"
1195	1195	0	0
1195	1195	1	1
1195	1195	2	2
1195	1195	3	3
1195	1195	4	4
1195	1195	5	5
1195	1195	6	6
1195	1195	7	7
1195	1195	8	8
1195	1195	9	9
1196	1136	,	<epsilon>
1197	1105	<epsilon>	"
1197	1225	<space>	<epsilon>
1198	1226	0	0
1198	1226	1	1
1198	1226	2	2
1198	1226	3	3
1198	1226	4	4
1198	1226	5	5
1198	1226	6	6
1198	1226	7	7
1198	1226	8	8
1198	1226	9	9
1199	1227	0	0
1199	1227	1	1
1199	1227	2	2
1199	1227	3	3
1199	1227	4	4
1199	1227	5	5
1199	1227	6	6
1199	1227	7	7
1199	1227	8	8
1199	1227	9	9
1200	1105	<epsilon>	"
1200	1164	,	<epsilon>
1201	1228	0	0
1202	1229	<epsilon>	t
1203	1230	<epsilon>	t
1204	1231	i	i
1205	1112	r	r
1206	1232	s	s
1207	1175	<epsilon>	"
1207	1178	<space>	<epsilon>
1207	1179	,	<epsilon>
1207	1233	0	0
1207	1234	1	1
1207	1234	2	2
1207	1234	3	3
1207	1234	4	4
1207	1234	5	5
1207	1234	6	6
1207	1234	7	7
1207	1234	8	8
1207	1234	9	9
1208	1175	<epsilon>	"
1208	1178	<space>	<epsilon>
1208	1235	,	<epsilon>
1208	1234	0	0
1208	1234	1	1
1208	1234	2	2
1208	1234	3	3
1208	1234	4	4
1208	1234	5	5
1208	1234	6	6
1208	1234	7	7
1208	1234	8	8
1208	1234	9	9
1209	1175	<epsilon>	"
1209	1178	<space>	<epsilon>
1209	1179	,	<epsilon>
1209	1233	0	0
1209	1233	1	1
1209	1233	2	2
1209	1233	3	3
1209	1233	4	4
1209	1233	5	5
1209	1233	6	6
1209	1233	7	7
1209	1233	8	8
1209	1233	9	9
1210	1236	0	0
1210	1236	1	1
1210	1236	2	2
1210	1236	3	3
1210	1236	4	4
1210	1236	5	5
1210	1236	6	6
1210	1236	7	7
1210	1236	8	8
1210	1236	9	9
1211	1238	<space>	<epsilon>
1211	1237	0	0
1211	1237	1	1
1211	1237	2	2
1211	1237	3	3
1211	1237	4	4
1211	1237	5	5
1211	1237	6	6
1211	1237	7	7
1211	1237	8	8
1211	1237	9	9
1212	1239	0	0
1212	1239	1	1
1212	1239	2	2
1212	1239	3	3
1212	1239	4	4
1212	1239	5	5
1212	1239	6	6
1212	1239	7	7
1212	1239	8	8
1212	1239	9	9
1213	1240	0	0
1214	1241	<epsilon>	"
1215	1242	<epsilon>	"
1216	1215	d	d
1217	1123	0	0
1217	1123	1	1
1217	1123	2	2
1217	1123	3	3
1217	1123	4	4
1217	1123	5	5
1217	1123	6	6
1217	1123	7	7
1217	1123	8	8
1217	1123	9	9
1218	1095	<epsilon>	"
1218	1243	<space>	<epsilon>
1219	1244	0	0
1219	1244	1	1
1219	1244	2	2
1219	1244	3	3
1219	1244	4	4
1219	1244	5	5
1219	1244	6	6
1219	1244	7	7
1219	1244	8	8
1219	1244	9	9
1220	1095	<epsilon>	"
1220	1245	,	<epsilon>
1221	1246	<epsilon>	<space>
1222	1247	<epsilon>	"
1223	1248	<epsilon>	"
1224	1223	d	d
1225	1135	0	0
1225	1135	1	1
1225	1135	2	2
1225	1135	3	3
1225	1135	4	4
1225	1135	5	5
1225	1135	6	6
1225	1135	7	7
1225	1135	8	8
1225	1135	9	9
1226	1105	<epsilon>	"
1226	1249	<space>	<epsilon>
1227	1250	0	0
1227	1250	1	1
1227	1250	2	2
1227	1250	3	3
1227	1250	4	4
1227	1250	5	5
1227	1250	6	6
1227	1250	7	7
1227	1250	8	8
1227	1250	9	9
1228	1105	<epsilon>	"
1228	1251	,	<epsilon>
1229	1252	<epsilon>	e
1230	1253	<epsilon>	:
1231	1254	o	o
1232	1255	a	a
1233	1175	<epsilon>	"
1233	1257	<space>	<epsilon>
1233	1179	,	<epsilon>
1233	1256	0	0
1233	1256	1	1
1233	1256	2	2
1233	1256	3	3
1233	1256	4	4
1233	1256	5	5
1233	1256	6	6
1233	1256	7	7
1233	1256	8	8
1233	1256	9	9
1234	1175	<epsilon>	"
1234	1257	<space>	<epsilon>
1234	1235	,	<epsilon>
1234	1256	0	0
1234	1256	1	1
1234	1256	2	2
1234	1256	3	3
1234	1256	4	4
1234	1256	5	5
1234	1256	6	6
1234	1256	7	7
1234	1256	8	8
1234	1256	9	9
1235	1212	0	0
1235	1212	1	1
1235	1212	2	2
1235	1212	3	3
1235	1212	4	4
1235	1212	5	5
1235	1212	6	6
1235	1212	7	7
1235	1212	8	8
1235	1212	9	9
1236	1258	0	0
1236	1258	1	1
1236	1258	2	2
1236	1258	3	3
1236	1258	4	4
1236	1258	5	5
1236	1258	6	6
1236	1258	7	7
1236	1258	8	8
1236	1258	9	9
1237	1259	0	0
1237	1259	1	1
1237	1259	2	2
1237	1259	3	3
1237	1259	4	4
1237	1259	5	5
1237	1259	6	6
1237	1259	7	7
1237	1259	8	8
1237	1259	9	9
1238	1260	0	0
1238	1260	1	1
1238	1260	2	2
1238	1260	3	3
1238	1260	4	4
1238	1260	5	5
1238	1260	6	6
1238	1260	7	7
1238	1260	8	8
1238	1260	9	9
1239	1261	0	0
1239	1261	1	1
1239	1261	2	2
1239	1261	3	3
1239	1261	4	4
1239	1261	5	5
1239	1261	6	6
1239	1261	7	7
1239	1261	8	8
1239	1261	9	9
1240	1262	0	0
1241	1263	0	0
1241	1263	1	1
1241	1263	2	2
1241	1263	3	3
1241	1263	4	4
1241	1263	5	5
1241	1263	6	6
1241	1263	7	7
1241	1263	8	8
1241	1263	9	9
1242	615	<epsilon>	<space>
1242	618	<space>	<space>
1242	619	*	<space>
1242	620	E	<space>
1242	620	e	<space>
1242	619	x	<space>
1242	621	<194>	<space>
1242	622	<195>	<space>
1243	1264	,	<epsilon>
1244	1095	<epsilon>	"
1244	1265	<space>	<epsilon>
1245	1126	<space>	<epsilon>
1246	1266	<epsilon>	}
1247	1267	0	0
1247	1267	1	1
1247	1267	2	2
1247	1267	3	3
1247	1267	4	4
1247	1267	5	5
1247	1267	6	6
1247	1267	7	7
1247	1267	8	8
1247	1267	9	9
1248	632	<epsilon>	<space>
1248	635	<space>	<space>
1248	636	*	<space>
1248	637	E	<space>
1248	637	e	<space>
1248	636	x	<space>
1248	638	<194>	<space>
1248	639	<195>	<space>
1249	1268	,	<epsilon>
1250	1105	<epsilon>	"
1250	1269	<space>	<epsilon>
1251	1138	<space>	<epsilon>
1252	1270	<epsilon>	"
1253	1271	<epsilon>	<space>
1254	1272	n	n
1255	1273	n	n
1256	1175	<epsilon>	"
1256	1256	0	0
1256	1256	1	1
1256	1256	2	2
1256	1256	3	3
1256	1256	4	4
1256	1256	5	5
1256	1256	6	6
1256	1256	7	7
1256	1256	8	8
1256	1256	9	9
1257	1211	,	<epsilon>
1258	1175	<epsilon>	"
1258	1274	<space>	<epsilon>
1259	1275	0	0
1259	1275	1	1
1259	1275	2	2
1259	1275	3	3
1259	1275	4	4
1259	1275	5	5
1259	1275	6	6
1259	1275	7	7
1259	1275	8	8
1259	1275	9	9
1260	1276	0	0
1260	1276	1	1
1260	1276	2	2
1260	1276	3	3
1260	1276	4	4
1260	1276	5	5
1260	1276	6	6
1260	1276	7	7
1260	1276	8	8
1260	1276	9	9
1261	1175	<epsilon>	"
1261	1235	,	<epsilon>
1262	1277	0	0
1263	1278	<epsilon>	"
1263	1263	0	0
1263	1263	1	1
1263	1263	2	2
1263	1263	3	3
1263	1263	4	4
1263	1263	5	5
1263	1263	6	6
1263	1263	7	7
1263	1263	8	8
1263	1263	9	9
1264	1154	0	0
1264	1154	1	1
1264	1154	2	2
1264	1154	3	3
1264	1154	4	4
1264	1154	5	5
1264	1154	6	6
1264	1154	7	7
1264	1154	8	8
1264	1154	9	9
1265	1279	,	<epsilon>
1266	1280	<epsilon>	<space>
1266
1267	1281	<epsilon>	"
1267	1267	0	0
1267	1267	1	1
1267	1267	2	2
1267	1267	3	3
1267	1267	4	4
1267	1267	5	5
1267	1267	6	6
1267	1267	7	7
1267	1267	8	8
1267	1267	9	9
1268	1166	0	0
1268	1166	1	1
1268	1166	2	2
1268	1166	3	3
1268	1166	4	4
1268	1166	5	5
1268	1166	6	6
1268	1166	7	7
1268	1166	8	8
1268	1166	9	9
1269	1282	,	<epsilon>
1270	1283	<epsilon>	<space>
1271	1284	<epsilon>	"
1272	1285	<epsilon>	"
1273	1272	d	d
1274	1210	0	0
1274	1210	1	1
1274	1210	2	2
1274	1210	3	3
1274	1210	4	4
1274	1210	5	5
1274	1210	6	6
1274	1210	7	7
1274	1210	8	8
1274	1210	9	9
1275	1175	<epsilon>	"
1275	1286	<space>	<epsilon>
1276	1287	0	0
1276	1287	1	1
1276	1287	2	2
1276	1287	3	3
1276	1287	4	4
1276	1287	5	5
1276	1287	6	6
1276	1287	7	7
1276	1287	8	8
1276	1287	9	9
1277	1175	<epsilon>	"
1277	1288	,	<epsilon>
1278	615	<epsilon>	<space>
1278	617	<epsilon>	q
1278	618	<space>	<space>
1278	619	*	<space>
1278	620	E	<space>
1278	620	e	<space>
1278	619	x	<space>
1278	621	<194>	<space>
1278	622	<195>	<space>
1279	1155	<space>	<epsilon>
1280	1289	<epsilon>	}
1281	632	<epsilon>	<space>
1281	634	<epsilon>	q
1281	635	<space>	<space>
1281	636	*	<space>
1281	637	E	<space>
1281	637	e	<space>
1281	636	x	<space>
1281	638	<194>	<space>
1281	639	<195>	<space>
1282	1167	<space>	<epsilon>
1283	1290	<epsilon>	}
1284	1291	0	0
1284	1291	1	1
1284	1291	2	2
1284	1291	3	3
1284	1291	4	4
1284	1291	5	5
1284	1291	6	6
1284	1291	7	7
1284	1291	8	8
1284	1291	9	9
1285	728	<epsilon>	<space>
1285	731	<space>	<space>
1285	732	*	<space>
1285	733	E	<space>
1285	733	e	<space>
1285	732	x	<space>
1285	734	<194>	<space>
1285	735	<195>	<space>
1286	1292	,	<epsilon>
1287	1175	<epsilon>	"
1287	1293	<space>	<epsilon>
1288	1213	<space>	<epsilon>
1289	1294	<epsilon>	<space>
1290	1295	<epsilon>	<space>
1291	1296	<epsilon>	"
1291	1291	0	0
1291	1291	1	1
1291	1291	2	2
1291	1291	3	3
1291	1291	4	4
1291	1291	5	5
1291	1291	6	6
1291	1291	7	7
1291	1291	8	8
1291	1291	9	9
1292	1237	0	0
1292	1237	1	1
1292	1237	2	2
1292	1237	3	3
1292	1237	4	4
1292	1237	5	5
1292	1237	6	6
1292	1237	7	7
1292	1237	8	8
1292	1237	9	9
1293	1297	,	<epsilon>
1294	1298	<epsilon>	t
1295	1299	<epsilon>	}
1296	728	<epsilon>	<space>
1296	730	<epsilon>	q
1296	731	<space>	<space>
1296	732	*	<space>
1296	733	E	<space>
1296	733	e	<space>
1296	732	x	<space>
1296	734	<194>	<space>
1296	735	<195>	<space>
1297	1238	<space>	<epsilon>
1298	1300	<epsilon>	o
1299	1301	<epsilon>	<space>
1300	1302	<epsilon>	k
1301	1303	<epsilon>	t
1302	1304	<epsilon>	e
1303	1305	<epsilon>	o
1304	1306	<epsilon>	n
1305	1307	<epsilon>	k
1306	1308	<epsilon>	s
1307	1309	<epsilon>	e
1308	1310	<epsilon>	<space>
1309	1311	<epsilon>	n
1310	1312	<epsilon>	{
1311	1313	<epsilon>	s
1312	1314	<epsilon>	<space>
1313	1315	<epsilon>	<space>
1314	1316	<epsilon>	m
1314	1314	<space>	<epsilon>
1315	1317	<epsilon>	{
1316	1318	<epsilon>	e
1317	1319	<epsilon>	<space>
1318	1320	<epsilon>	a
1319	1321	<epsilon>	m
1319	1319	<space>	<epsilon>
1320	1322	<epsilon>	s
1321	1323	<epsilon>	e
1322	1324	<epsilon>	u
1323	1325	<epsilon>	a
1324	1326	<epsilon>	r
1325	1327	<epsilon>	s
1326	1328	<epsilon>	e
1327	1329	<epsilon>	u
1328	1330	<epsilon>	<space>
1329	1331	<epsilon>	r
1330	1332	<epsilon>	{
1331	1333	<epsilon>	e
1332	1334	<epsilon>	<space>
1333	1335	<epsilon>	<space>
1334	1336	<epsilon>	d
1335	1337	<epsilon>	{
1336	1338	<epsilon>	e
1337	1339	<epsilon>	<space>
1338	1340	<epsilon>	c
1339	1341	<epsilon>	d
1340	1342	<epsilon>	i
1341	1343	<epsilon>	e
1342	1344	<epsilon>	m
1343	1345	<epsilon>	c
1344	1346	<epsilon>	a
1345	1347	<epsilon>	i
1346	1348	<epsilon>	l
1347	1349	<epsilon>	m
1348	1350	<epsilon>	<space>
1349	1351	<epsilon>	a
1350	1352	<epsilon>	{
1351	1353	<epsilon>	l
1352	1354	<epsilon>	<space>
1353	1355	<epsilon>	<space>
1354	1356	<epsilon>	i
1354	1357	-	n
1354	1358	.	<epsilon>
1355	1359	<epsilon>	{
1356	1360	<epsilon>	n
1357	1361	<epsilon>	e
1358	1362	<epsilon>	f
1359	1363	<epsilon>	<space>
1360	1364	<epsilon>	t
1361	1365	<epsilon>	g
1362	1366	<epsilon>	r
1363	1367	<epsilon>	i
1363	1368	-	n
1363	1369	.	<epsilon>
1364	1370	<epsilon>	e
1365	1371	<epsilon>	a
1366	1372	<epsilon>	a
1367	1373	<epsilon>	n
1368	1374	<epsilon>	e
1369	1375	<epsilon>	f
1370	1376	<epsilon>	g
1371	1377	<epsilon>	t
1372	1378	<epsilon>	c
1373	1379	<epsilon>	t
1374	1380	<epsilon>	g
1375	1381	<epsilon>	r
1376	1382	<epsilon>	e
1377	1383	<epsilon>	i
1378	1384	<epsilon>	t
1379	1385	<epsilon>	e
1380	1386	<epsilon>	a
1381	1387	<epsilon>	a
1382	1388	<epsilon>	r
1383	1389	<epsilon>	v
1384	1390	<epsilon>	i
1385	1391	<epsilon>	g
1386	1392	<epsilon>	t
1387	1393	<epsilon>	c
1388	1394	<epsilon>	_
1389	1395	<epsilon>	e
1390	1396	<epsilon>	o
1391	1397	<epsilon>	e
1392	1398	<epsilon>	i
1393	1399	<epsilon>	t
1394	1400	<epsilon>	p
1395	1401	<epsilon>	:
1396	1402	<epsilon>	n
1397	1403	<epsilon>	r
1398	1404	<epsilon>	v
1399	1405	<epsilon>	i
1400	1406	<epsilon>	a
1401	1407	<epsilon>	<space>
1402	1408	<epsilon>	a
1403	1409	<epsilon>	_
1404	1410	<epsilon>	e
1405	1411	<epsilon>	o
1406	1412	<epsilon>	r
1407	1413	<epsilon>	t
1408	1414	<epsilon>	l
1409	1415	<epsilon>	p
1410	1416	<epsilon>	:
1411	1417	<epsilon>	n
1412	1418	<epsilon>	t
1413	1419	<epsilon>	r
1414	1420	<epsilon>	_
1415	1421	<epsilon>	a
1416	1422	<epsilon>	<space>
1417	1423	<epsilon>	a
1418	1424	<epsilon>	:
1419	1425	<epsilon>	u
1420	1426	<epsilon>	p
1421	1427	<epsilon>	r
1422	1428	<epsilon>	t
1423	1429	<epsilon>	l
1424	1430	<epsilon>	<space>
1425	1431	<epsilon>	e
1426	1432	<epsilon>	a
1427	1433	<epsilon>	t
1428	1434	<epsilon>	r
1429	1435	<epsilon>	_
1430	1436	<epsilon>	"
1431	1437	<epsilon>	<space>
1432	1438	<epsilon>	r
1433	1439	<epsilon>	:
1434	1440	<epsilon>	u
1435	1441	<epsilon>	p
1436	1442	0	0
1436	1443	1	1
1436	1443	2	2
1436	1443	3	3
1436	1443	4	4
1436	1443	5	5
1436	1443	6	6
1436	1443	7	7
1436	1443	8	8
1436	1443	9	9
1437	1356	<epsilon>	i
1437	1358	.	<epsilon>
1438	1444	<epsilon>	t
1439	1445	<epsilon>	<space>
1440	1446	<epsilon>	e
1441	1447	<epsilon>	a
1442	1448	<epsilon>	"
1443	1448	<epsilon>	"
1443	1451	<space>	<epsilon>
1443	1452	,	<epsilon>
1443	1449	0	0
1443	1450	1	1
1443	1450	2	2
1443	1450	3	3
1443	1450	4	4
1443	1450	5	5
1443	1450	6	6
1443	1450	7	7
1443	1450	8	8
1443	1450	9	9
1444	1453	<epsilon>	:
1445	1454	<epsilon>	"
1446	1455	<epsilon>	<space>
1447	1456	<epsilon>	r
1448	1457	<epsilon>	<space>
1449	1448	<epsilon>	"
1449	1451	<space>	<epsilon>
1449	1452	,	<epsilon>
1449	1458	0	0
1449	1459	1	1
1449	1459	2	2
1449	1459	3	3
1449	1459	4	4
1449	1459	5	5
1449	1459	6	6
1449	1459	7	7
1449	1459	8	8
1449	1459	9	9
1450	1448	<epsilon>	"
1450	1451	<space>	<epsilon>
1450	1452	,	<epsilon>
1450	1458	0	0
1450	1460	1	1
1450	1460	2	2
1450	1460	3	3
1450	1460	4	4
1450	1460	5	5
1450	1460	6	6
1450	1460	7	7
1450	1460	8	8
1450	1460	9	9
1451	1462	,	<epsilon>
1451	1461	0	0
1451	1461	1	1
1451	1461	2	2
1451	1461	3	3
1451	1461	4	4
1451	1461	5	5
1451	1461	6	6
1451	1461	7	7
1451	1461	8	8
1451	1461	9	9
1452	1464	<space>	<epsilon>
1452	1463	0	0
1452	1463	1	1
1452	1463	2	2
1452	1463	3	3
1452	1463	4	4
1452	1463	5	5
1452	1463	6	6
1452	1463	7	7
1452	1463	8	8
1452	1463	9	9
1453	1465	<epsilon>	<space>
1454	1466	0	0
1454	1467	1	1
1454	1467	2	2
1454	1467	3	3
1454	1467	4	4
1454	1467	5	5
1454	1467	6	6
1454	1467	7	7
1454	1467	8	8
1454	1467	9	9
1455	1367	<epsilon>	i
1455	1369	.	<epsilon>
1456	1468	<epsilon>	t
1457	1469	<epsilon>	<space>
1457	1471	<epsilon>	q
1457	1472	<space>	<space>
1457	1473	*	<space>
1457	1470	.	<epsilon>
1457	1474	E	<space>
1457	1474	e	<space>
1457	1473	x	<space>
1457	1475	<194>	<space>
1457	1476	<195>	<space>
1458	1448	<epsilon>	"
1458	1451	<space>	<epsilon>
1458	1452	,	<epsilon>
1458	1477	0	0
1458	1478	1	1
1458	1478	2	2
1458	1478	3	3
1458	1478	4	4
1458	1478	5	5
1458	1478	6	6
1458	1478	7	7
1458	1478	8	8
1458	1478	9	9
1459	1448	<epsilon>	"
1459	1451	<space>	<epsilon>
1459	1479	,	<epsilon>
1459	1478	0	0
1459	1478	1	1
1459	1478	2	2
1459	1478	3	3
1459	1478	4	4
1459	1478	5	5
1459	1478	6	6
1459	1478	7	7
1459	1478	8	8
1459	1478	9	9
1460	1448	<epsilon>	"
1460	1451	<space>	<epsilon>
1460	1452	,	<epsilon>
1460	1477	0	0
1460	1477	1	1
1460	1477	2	2
1460	1477	3	3
1460	1477	4	4
1460	1477	5	5
1460	1477	6	6
1460	1477	7	7
1460	1477	8	8
1460	1477	9	9
1461	1480	0	0
1461	1480	1	1
1461	1480	2	2
1461	1480	3	3
1461	1480	4	4
1461	1480	5	5
1461	1480	6	6
1461	1480	7	7
1461	1480	8	8
1461	1480	9	9
1462	1482	<space>	<epsilon>
1462	1481	0	0
1462	1481	1	1
1462	1481	2	2
1462	1481	3	3
1462	1481	4	4
1462	1481	5	5
1462	1481	6	6
1462	1481	7	7
1462	1481	8	8
1462	1481	9	9
1463	1483	0	0
1463	1483	1	1
1463	1483	2	2
1463	1483	3	3
1463	1483	4	4
1463	1483	5	5
1463	1483	6	6
1463	1483	7	7
1463	1483	8	8
1463	1483	9	9
1464	1484	0	0
1465	1485	<epsilon>	"
1466	1486	<epsilon>	"
1467	1486	<epsilon>	"
1467	1489	<space>	<epsilon>
1467	1490	,	<epsilon>
1467	1487	0	0
1467	1488	1	1
1467	1488	2	2
1467	1488	3	3
1467	1488	4	4
1467	1488	5	5
1467	1488	6	6
1467	1488	7	7
1467	1488	8	8
1467	1488	9	9
1468	1491	<epsilon>	:
1469	1492	<epsilon>	}
1470	1493	<epsilon>	f
1471	1494	<epsilon>	u
1472	1495	<space>	e
1472	1496	*	e
1472	1496	x	e
1472	1497	<194>	e
1472	1498	<195>	e
1473	1496	<space>	e
1473	1499	1	e
1474	1500	<epsilon>	e
1475	1496	<183>	e
1476	1496	<151>	e
1477	1448	<epsilon>	"
1477	1502	<space>	<epsilon>
1477	1452	,	<epsilon>
1477	1501	0	0
1477	1501	1	1
1477	1501	2	2
1477	1501	3	3
1477	1501	4	4
1477	1501	5	5
1477	1501	6	6
1477	1501	7	7
1477	1501	8	8
1477	1501	9	9
1478	1448	<epsilon>	"
1478	1502	<space>	<epsilon>
1478	1479	,	<epsilon>
1478	1501	0	0
1478	1501	1	1
1478	1501	2	2
1478	1501	3	3
1478	1501	4	4
1478	1501	5	5
1478	1501	6	6
1478	1501	7	7
1478	1501	8	8
1478	1501	9	9
1479	1463	0	0
1479	1463	1	1
1479	1463	2	2
1479	1463	3	3
1479	1463	4	4
1479	1463	5	5
1479	1463	6	6
1479	1463	7	7
1479	1463	8	8
1479	1463	9	9
1480	1503	0	0
1480	1503	1	1
1480	1503	2	2
1480	1503	3	3
1480	1503	4	4
1480	1503	5	5
1480	1503	6	6
1480	1503	7	7
1480	1503	8	8
1480	1503	9	9
1481	1504	0	0
1481	1504	1	1
1481	1504	2	2
1481	1504	3	3
1481	1504	4	4
1481	1504	5	5
1481	1504	6	6
1481	1504	7	7
1481	1504	8	8
1481	1504	9	9
1482	1505	0	0
1482	1505	1	1
1482	1505	2	2
1482	1505	3	3
1482	1505	4	4
1482	1505	5	5
1482	1505	6	6
1482	1505	7	7
1482	1505	8	8
1482	1505	9	9
1483	1506	0	0
1483	1506	1	1
1483	1506	2	2
1483	1506	3	3
1483	1506	4	4
1483	1506	5	5
1483	1506	6	6
1483	1506	7	7
1483	1506	8	8
1483	1506	9	9
1484	1507	0	0
1485	1508	0	0
1485	1508	1	1
1485	1508	2	2
1485	1508	3	3
1485	1508	4	4
1485	1508	5	5
1485	1508	6	6
1485	1508	7	7
1485	1508	8	8
1485	1508	9	9
1486	1509	<epsilon>	<space>
1487	1486	<epsilon>	"
1487	1489	<space>	<epsilon>
1487	1490	,	<epsilon>
1487	1510	0	0
1487	1511	1	1
1487	1511	2	2
1487	1511	3	3
1487	1511	4	4
1487	1511	5	5
1487	1511	6	6
1487	1511	7	7
1487	1511	8	8
1487	1511	9	9
1488	1486	<epsilon>	"
1488	1489	<space>	<epsilon>
1488	1490	,	<epsilon>
1488	1510	0	0
1488	1512	1	1
1488	1512	2	2
1488	1512	3	3
1488	1512	4	4
1488	1512	5	5
1488	1512	6	6
1488	1512	7	7
1488	1512	8	8
1488	1512	9	9
1489	1514	,	<epsilon>
1489	1513	0	0
1489	1513	1	1
1489	1513	2	2
1489	1513	3	3
1489	1513	4	4
1489	1513	5	5
1489	1513	6	6
1489	1513	7	7
1489	1513	8	8
1489	1513	9	9
1490	1516	<space>	<epsilon>
1490	1515	0	0
1490	1515	1	1
1490	1515	2	2
1490	1515	3	3
1490	1515	4	4
1490	1515	5	5
1490	1515	6	6
1490	1515	7	7
1490	1515	8	8
1490	1515	9	9
1491	1517	<epsilon>	<space>
1492	1518	<epsilon>	<space>
1492	1492	<9>	<epsilon>
1492	1492	<10>	<epsilon>
1492	1492	<13>	<epsilon>
1492	1492	<space>	<epsilon>
1493	1519	<epsilon>	r
1494	1520	<epsilon>	a
1495	1521	<space>	x
1495	1522	*	x
1495	1522	x	x
1495	1523	<194>	x
1495	1524	<195>	x
1496	1522	<space>	x
1496	1525	1	x
1497	1522	<183>	x
1498	1522	<151>	x
1499	1526	0	x
1500	1527	<epsilon>	x
1501	1448	<epsilon>	"
1501	1501	0	0
1501	1501	1	1
1501	1501	2	2
1501	1501	3	3
1501	1501	4	4
1501	1501	5	5
1501	1501	6	6
1501	1501	7	7
1501	1501	8	8
1501	1501	9	9
1502	1462	,	<epsilon>
1503	1448	<epsilon>	"
1503	1528	<space>	<epsilon>
1504	1529	0	0
1504	1529	1	1
1504	1529	2	2
1504	1529	3	3
1504	1529	4	4
1504	1529	5	5
1504	1529	6	6
1504	1529	7	7
1504	1529	8	8
1504	1529	9	9
1505	1530	0	0
1505	1530	1	1
1505	1530	2	2
1505	1530	3	3
1505	1530	4	4
1505	1530	5	5
1505	1530	6	6
1505	1530	7	7
1505	1530	8	8
1505	1530	9	9
1506	1448	<epsilon>	"
1506	1479	,	<epsilon>
1507	1531	0	0
1508	1532	<epsilon>	"
1508	1508	0	0
1508	1508	1	1
1508	1508	2	2
1508	1508	3	3
1508	1508	4	4
1508	1508	5	5
1508	1508	6	6
1508	1508	7	7
1508	1508	8	8
1508	1508	9	9
1509	1533	<epsilon>	<space>
1509	1535	<epsilon>	q
1509	1536	<space>	<space>
1509	1537	*	<space>
1509	1534	.	<epsilon>
1509	1538	E	<space>
1509	1538	e	<space>
1509	1537	x	<space>
1509	1539	<194>	<space>
1509	1540	<195>	<space>
1510	1486	<epsilon>	"
1510	1489	<space>	<epsilon>
1510	1490	,	<epsilon>
1510	1541	0	0
1510	1542	1	1
1510	1542	2	2
1510	1542	3	3
1510	1542	4	4
1510	1542	5	5
1510	1542	6	6
1510	1542	7	7
1510	1542	8	8
1510	1542	9	9
1511	1486	<epsilon>	"
1511	1489	<space>	<epsilon>
1511	1543	,	<epsilon>
1511	1542	0	0
1511	1542	1	1
1511	1542	2	2
1511	1542	3	3
1511	1542	4	4
1511	1542	5	5
1511	1542	6	6
1511	1542	7	7
1511	1542	8	8
1511	1542	9	9
1512	1486	<epsilon>	"
1512	1489	<space>	<epsilon>
1512	1490	,	<epsilon>
1512	1541	0	0
1512	1541	1	1
1512	1541	2	2
1512	1541	3	3
1512	1541	4	4
1512	1541	5	5
1512	1541	6	6
1512	1541	7	7
1512	1541	8	8
1512	1541	9	9
1513	1544	0	0
1513	1544	1	1
1513	1544	2	2
1513	1544	3	3
1513	1544	4	4
1513	1544	5	5
1513	1544	6	6
1513	1544	7	7
1513	1544	8	8
1513	1544	9	9
1514	1546	<space>	<epsilon>
1514	1545	0	0
1514	1545	1	1
1514	1545	2	2
1514	1545	3	3
1514	1545	4	4
1514	1545	5	5
1514	1545	6	6
1514	1545	7	7
1514	1545	8	8
1514	1545	9	9
1515	1547	0	0
1515	1547	1	1
1515	1547	2	2
1515	1547	3	3
1515	1547	4	4
1515	1547	5	5
1515	1547	6	6
1515	1547	7	7
1515	1547	8	8
1515	1547	9	9
1516	1548	0	0
1517	1549	<epsilon>	"
1518	1550	<epsilon>	u
1519	1551	<epsilon>	a
1520	1552	<epsilon>	n
1521	1553	<space>	p
1521	1554	*	p
1521	1554	x	p
1521	1555	<194>	p
1521	1556	<195>	p
1522	1554	<space>	p
1522	1557	1	p
1523	1554	<183>	p
1524	1554	<151>	p
1525	1558	0	p
1526	1558	<space>	p
1526	1559	^	p
1527	1560	<epsilon>	p
1528	1461	0	0
1528	1461	1	1
1528	1461	2	2
1528	1461	3	3
1528	1461	4	4
1528	1461	5	5
1528	1461	6	6
1528	1461	7	7
1528	1461	8	8
1528	1461	9	9
1529	1448	<epsilon>	"
1529	1561	<space>	<epsilon>
1530	1562	0	0
1530	1562	1	1
1530	1562	2	2
1530	1562	3	3
1530	1562	4	4
1530	1562	5	5
1530	1562	6	6
1530	1562	7	7
1530	1562	8	8
1530	1562	9	9
1531	1448	<epsilon>	"
1531	1563	,	<epsilon>
1532	1469	<epsilon>	<space>	20
1532	1472	<space>	<space>	20
1532	1473	*	<space>	20
1532	1474	E	<space>	20
1532	1474	e	<space>	20
1532	1473	x	<space>	20
1532	1475	<194>	<space>	20
1532	1476	<195>	<space>	20
1533	1564	<epsilon>	}
1534	1565	<epsilon>	f
1535	1566	<epsilon>	u
1536	1567	<space>	e
1536	1568	*	e
1536	1568	x	e
1536	1569	<194>	e
1536	1570	<195>	e
1537	1568	<space>	e
1537	1571	1	e
1538	1572	<epsilon>	e
1539	1568	<183>	e
1540	1568	<151>	e
1541	1486	<epsilon>	"
1541	1574	<space>	<epsilon>
1541	1490	,	<epsilon>
1541	1573	0	0
1541	1573	1	1
1541	1573	2	2
1541	1573	3	3
1541	1573	4	4
1541	1573	5	5
1541	1573	6	6
1541	1573	7	7
1541	1573	8	8
1541	1573	9	9
1542	1486	<epsilon>	"
1542	1574	<space>	<epsilon>
1542	1543	,	<epsilon>
1542	1573	0	0
1542	1573	1	1
1542	1573	2	2
1542	1573	3	3
1542	1573	4	4
1542	1573	5	5
1542	1573	6	6
1542	1573	7	7
1542	1573	8	8
1542	1573	9	9
1543	1515	0	0
1543	1515	1	1
1543	1515	2	2
1543	1515	3	3
1543	1515	4	4
1543	1515	5	5
1543	1515	6	6
1543	1515	7	7
1543	1515	8	8
1543	1515	9	9
1544	1575	0	0
1544	1575	1	1
1544	1575	2	2
1544	1575	3	3
1544	1575	4	4
1544	1575	5	5
1544	1575	6	6
1544	1575	7	7
1544	1575	8	8
1544	1575	9	9
1545	1576	0	0
1545	1576	1	1
1545	1576	2	2
1545	1576	3	3
1545	1576	4	4
1545	1576	5	5
1545	1576	6	6
1545	1576	7	7
1545	1576	8	8
1545	1576	9	9
1546	1577	0	0
1546	1577	1	1
1546	1577	2	2
1546	1577	3	3
1546	1577	4	4
1546	1577	5	5
1546	1577	6	6
1546	1577	7	7
1546	1577	8	8
1546	1577	9	9
1547	1578	0	0
1547	1578	1	1
1547	1578	2	2
1547	1578	3	3
1547	1578	4	4
1547	1578	5	5
1547	1578	6	6
1547	1578	7	7
1547	1578	8	8
1547	1578	9	9
1548	1579	0	0
1549	1580	0	0
1549	1580	1	1
1549	1580	2	2
1549	1580	3	3
1549	1580	4	4
1549	1580	5	5
1549	1580	6	6
1549	1580	7	7
1549	1580	8	8
1549	1580	9	9
1550	1581	<epsilon>	n
1551	1582	<epsilon>	c
1552	1583	<epsilon>	t
1553	1584	<space>	o
1553	1585	*	o
1553	1585	x	o
1553	1586	<194>	o
1553	1587	<195>	o
1554	1585	<space>	o
1554	1588	1	o
1555	1585	<183>	o
1556	1585	<151>	o
1557	1589	0	o
1558	1589	<space>	o
1558	1590	^	o
1559	1591	<epsilon>	o
1559	1590	<space>	o
1560	1591	<epsilon>	o
1561	1592	,	<epsilon>
1562	1448	<epsilon>	"
1562	1593	<space>	<epsilon>
1563	1464	<space>	<epsilon>
1564	1594	<epsilon>	<space>
1564	1564	<9>	<epsilon>
1564	1564	<10>	<epsilon>
1564	1564	<13>	<epsilon>
1564	1564	<space>	<epsilon>
1565	1595	<epsilon>	r
1566	1596	<epsilon>	a
1567	1597	<space>	x
1567	1598	*	x
1567	1598	x	x
1567	1599	<194>	x
1567	1600	<195>	x
1568	1598	<space>	x
1568	1601	1	x
1569	1598	<183>	x
1570	1598	<151>	x
1571	1602	0	x
1572	1603	<epsilon>	x
1573	1486	<epsilon>	"
1573	1573	0	0
1573	1573	1	1
1573	1573	2	2
1573	1573	3	3
1573	1573	4	4
1573	1573	5	5
1573	1573	6	6
1573	1573	7	7
1573	1573	8	8
1573	1573	9	9
1574	1514	,	<epsilon>
1575	1486	<epsilon>	"
1575	1604	<space>	<epsilon>
1576	1605	0	0
1576	1605	1	1
1576	1605	2	2
1576	1605	3	3
1576	1605	4	4
1576	1605	5	5
1576	1605	6	6
1576	1605	7	7
1576	1605	8	8
1576	1605	9	9
1577	1606	0	0
1577	1606	1	1
1577	1606	2	2
1577	1606	3	3
1577	1606	4	4
1577	1606	5	5
1577	1606	6	6
1577	1606	7	7
1577	1606	8	8
1577	1606	9	9
1578	1486	<epsilon>	"
1578	1543	,	<epsilon>
1579	1607	0	0
1580	1608	<epsilon>	"
1580	1580	0	0
1580	1580	1	1
1580	1580	2	2
1580	1580	3	3
1580	1580	4	4
1580	1580	5	5
1580	1580	6	6
1580	1580	7	7
1580	1580	8	8
1580	1580	9	9
1581	1609	<epsilon>	i
1582	1610	<epsilon>	t
1583	1611	<epsilon>	i
1584	1612	<space>	n
1584	1613	*	n
1584	1613	x	n
1584	1614	<194>	n
1584	1615	<195>	n
1585	1613	<space>	n
1585	1616	1	n
1586	1613	<183>	n
1587	1613	<151>	n
1588	1617	0	n
1589	1617	<space>	n
1589	1618	^	n
1590	1619	<epsilon>	n
1590	1618	<space>	n
1591	1619	<epsilon>	n
1592	1481	0	0
1592	1481	1	1
1592	1481	2	2
1592	1481	3	3
1592	1481	4	4
1592	1481	5	5
1592	1481	6	6
1592	1481	7	7
1592	1481	8	8
1592	1481	9	9
1593	1620	,	<epsilon>
1594	1621	<epsilon>	u
1595	1622	<epsilon>	a
1596	1623	<epsilon>	n
1597	1624	<space>	p
1597	1625	*	p
1597	1625	x	p
1597	1626	<194>	p
1597	1627	<195>	p
1598	1625	<space>	p
1598	1628	1	p
1599	1625	<183>	p
1600	1625	<151>	p
1601	1629	0	p
1602	1629	<space>	p
1602	1630	^	p
1603	1631	<epsilon>	p
1604	1513	0	0
1604	1513	1	1
1604	1513	2	2
1604	1513	3	3
1604	1513	4	4
1604	1513	5	5
1604	1513	6	6
1604	1513	7	7
1604	1513	8	8
1604	1513	9	9
1605	1486	<epsilon>	"
1605	1632	<space>	<epsilon>
1606	1633	0	0
1606	1633	1	1
1606	1633	2	2
1606	1633	3	3
1606	1633	4	4
1606	1633	5	5
1606	1633	6	6
1606	1633	7	7
1606	1633	8	8
1606	1633	9	9
1607	1486	<epsilon>	"
1607	1634	,	<epsilon>
1608	1533	<epsilon>	<space>	20
1608	1536	<space>	<space>	20
1608	1537	*	<space>	20
1608	1538	E	<space>	20
1608	1538	e	<space>	20
1608	1537	x	<space>	20
1608	1539	<194>	<space>	20
1608	1540	<195>	<space>	20
1609	1635	<epsilon>	t
1610	1636	<epsilon>	i
1611	1637	<epsilon>	t
1612	1638	<space>	e
1612	1639	*	e
1612	1639	x	e
1612	1640	<194>	e
1612	1641	<195>	e
1613	1639	<space>	e
1613	1642	1	e
1614	1639	<183>	e
1615	1639	<151>	e
1616	1643	0	e
1617	1643	<space>	e
1617	1644	^	e
1618	1645	<epsilon>	e
1618	1644	<space>	e
1619	1645	<epsilon>	e
1620	1482	<space>	<epsilon>
1621	1646	<epsilon>	n
1622	1647	<epsilon>	c
1623	1648	<epsilon>	t
1624	1649	<space>	o
1624	1650	*	o
1624	1650	x	o
1624	1651	<194>	o
1624	1652	<195>	o
1625	1650	<space>	o
1625	1653	1	o
1626	1650	<183>	o
1627	1650	<151>	o
1628	1654	0	o
1629	1654	<space>	o
1629	1655	^	o
1630	1656	<epsilon>	o
1630	1655	<space>	o
1631	1656	<epsilon>	o
1632	1657	,	<epsilon>
1633	1486	<epsilon>	"
1633	1658	<space>	<epsilon>
1634	1516	<space>	<epsilon>
1635	1659	<epsilon>	s
1636	1660	<epsilon>	o
1637	1661	<epsilon>	y
1638	1662	<space>	n
1638	1663	*	n
1638	1663	x	n
1638	1664	<194>	n
1638	1665	<195>	n
1639	1663	<space>	n
1639	1666	1	n
1640	1663	<183>	n
1641	1663	<151>	n
1642	1667	0	n
1643	1667	<space>	n
1643	1668	^	n
1644	1669	<epsilon>	n
1644	1668	<space>	n
1645	1669	<epsilon>	n
1646	1670	<epsilon>	i
1647	1671	<epsilon>	t
1648	1672	<epsilon>	i
1649	1673	<space>	n
1649	1674	*	n
1649	1674	x	n
1649	1675	<194>	n
1649	1676	<195>	n
1650	1674	<space>	n
1650	1677	1	n
1651	1674	<183>	n
1652	1674	<151>	n
1653	1678	0	n
1654	1678	<space>	n
1654	1679	^	n
1655	1680	<epsilon>	n
1655	1679	<space>	n
1656	1680	<epsilon>	n
1657	1545	0	0
1657	1545	1	1
1657	1545	2	2
1657	1545	3	3
1657	1545	4	4
1657	1545	5	5
1657	1545	6	6
1657	1545	7	7
1657	1545	8	8
1657	1545	9	9
1658	1681	,	<epsilon>
1659	1682	<epsilon>	:
1660	1683	<epsilon>	n
1661	1684	<epsilon>	:
1662	1685	<space>	t
1662	1686	*	t
1662	1686	x	t
1662	1687	<194>	t
1662	1688	<195>	t
1663	1686	<space>	t
1663	1689	1	t
1664	1686	<183>	t
1665	1686	<151>	t
1666	1690	0	t
1667	1690	<space>	t
1667	1691	^	t
1668	1692	<epsilon>	t
1668	1691	<space>	t
1669	1692	<epsilon>	t
1670	1693	<epsilon>	t
1671	1694	<epsilon>	i
1672	1695	<epsilon>	t
1673	1696	<space>	e
1673	1697	*	e
1673	1697	x	e
1673	1698	<194>	e
1673	1699	<195>	e
1674	1697	<space>	e
1674	1700	1	e
1675	1697	<183>	e
1676	1697	<151>	e
1677	1701	0	e
1678	1701	<space>	e
1678	1702	^	e
1679	1703	<epsilon>	e
1679	1702	<space>	e
1680	1703	<epsilon>	e
1681	1546	<space>	<epsilon>
1682	1704	<epsilon>	<space>
1683	1705	<epsilon>	a
1684	1706	<epsilon>	<space>
1684	1707	<space>	<space>
1685	1708	<space>	:
1685	1709	*	:
1685	1709	x	:
1685	1710	<194>	:
1685	1711	<195>	:
1686	1709	<space>	:
1686	1712	1	:
1687	1709	<183>	:
1688	1709	<151>	:
1689	1713	0	:
1690	1713	<space>	:
1690	1714	^	:
1691	1715	<epsilon>	:
1691	1714	<space>	:
1692	1715	<epsilon>	:
1693	1716	<epsilon>	s
1694	1717	<epsilon>	o
1695	1718	<epsilon>	y
1696	1719	<space>	n
1696	1720	*	n
1696	1720	x	n
1696	1721	<194>	n
1696	1722	<195>	n
1697	1720	<space>	n
1697	1723	1	n
1698	1720	<183>	n
1699	1720	<151>	n
1700	1724	0	n
1701	1724	<space>	n
1701	1725	^	n
1702	1726	<epsilon>	n
1702	1725	<space>	n
1703	1726	<epsilon>	n
1704	1727	<epsilon>	"
1705	1728	<epsilon>	l
1706	1729	<epsilon>	"
1707	1729	<epsilon>	"
1707	1707	<space>	<epsilon>
1708	1730	<space>	<space>
1708	1731	*	<space>
1708	1731	x	<space>
1708	1732	<194>	<space>
1708	1733	<195>	<space>
1709	1731	<space>	<space>
1709	1734	1	<space>
1710	1731	<183>	<space>
1711	1731	<151>	<space>
1712	1735	0	<space>
1713	1735	<space>	<space>
1713	1736	^	<space>
1714	1737	<epsilon>	<space>
1714	1736	<space>	<space>
1715	1737	<epsilon>	<space>
1716	1738	<epsilon>	:
1717	1739	<epsilon>	n
1718	1740	<epsilon>	:
1719	1741	<space>	t
1719	1742	*	t
1719	1742	x	t
1719	1743	<194>	t
1719	1744	<195>	t
1720	1742	<space>	t
1720	1745	1	t
1721	1742	<183>	t
1722	1742	<151>	t
1723	1746	0	t
1724	1746	<space>	t
1724	1747	^	t
1725	1748	<epsilon>	t
1725	1747	<space>	t
1726	1748	<epsilon>	t
1727	1749	s	s
1728	1750	<epsilon>	_
1729	1751	b	b
1729	1751	m	m
1729	1752	q	q
1729	1753	t	t
1730	1730	<space>	<epsilon>
1730	1731	*	<epsilon>
1730	1731	x	<epsilon>
1730	1732	<194>	<epsilon>
1730	1733	<195>	<epsilon>
1731	1731	<space>	<epsilon>
1731	1734	1	<epsilon>
1732	1731	<183>	<epsilon>
1733	1731	<151>	<epsilon>
1734	1735	0	<epsilon>
1735	1735	<space>	<epsilon>
1735	1736	^	<epsilon>
1736	1754	<epsilon>	"
1736	1736	<space>	<epsilon>
1737	1754	<epsilon>	"
1738	1755	<epsilon>	<space>
1739	1756	<epsilon>	a
1740	1757	<epsilon>	<space>
1740	1758	<space>	<space>
1741	1759	<space>	:
1741	1760	*	:
1741	1760	x	:
1741	1761	<194>	:
1741	1762	<195>	:
1742	1760	<space>	:
1742	1763	1	:
1743	1760	<183>	:
1744	1760	<151>	:
1745	1764	0	:
1746	1764	<space>	:
1746	1765	^	:
1747	1766	<epsilon>	:
1747	1765	<space>	:
1748	1766	<epsilon>	:
1749	1767	<epsilon>	e
1750	1768	<epsilon>	p
1751	1769	i	i
1752	1770	u	u
1753	1771	h	h
1753	1751	r	r
1754	1774	-	-
1754	1772	0	0
1754	1773	1	1
1754	1773	2	2
1754	1773	3	3
1754	1773	4	4
1754	1773	5	5
1754	1773	6	6
1754	1773	7	7
1754	1773	8	8
1754	1773	9	9
1755	1775	<epsilon>	"
1756	1776	<epsilon>	l
1757	1777	<epsilon>	"
1758	1777	<epsilon>	"
1758	1758	<space>	<epsilon>
1759	1778	<space>	<space>
1759	1779	*	<space>
1759	1779	x	<space>
1759	1780	<194>	<space>
1759	1781	<195>	<space>
1760	1779	<space>	<space>
1760	1782	1	<space>
1761	1779	<183>	<space>
1762	1779	<151>	<space>
1763	1783	0	<space>
1764	1783	<space>	<space>
1764	1784	^	<space>
1765	1785	<epsilon>	<space>
1765	1784	<space>	<space>
1766	1785	<epsilon>	<space>
1767	1786	<epsilon>	c
1768	1787	<epsilon>	a
1769	1788	l	l
1770	1789	a	a
1771	1790	o	o
1772	1791	<epsilon>	"
1773	1791	<epsilon>	"
1773	1794	<space>	<epsilon>
1773	1795	,	<epsilon>
1773	1792	0	0
1773	1793	1	1
1773	1793	2	2
1773	1793	3	3
1773	1793	4	4
1773	1793	5	5
1773	1793	6	6
1773	1793	7	7
1773	1793	8	8
1773	1793	9	9
1774	1772	0	0
1774	1773	1	1
1774	1773	2	2
1774	1773	3	3
1774	1773	4	4
1774	1773	5	5
1774	1773	6	6
1774	1773	7	7
1774	1773	8	8
1774	1773	9	9
1775	1796	"	s
1776	1797	<epsilon>	_
1777	1798	b	b
1777	1798	m	m
1777	1799	q	q
1777	1800	t	t
1778	1778	<space>	<epsilon>
1778	1779	*	<epsilon>
1778	1779	x	<epsilon>
1778	1780	<194>	<epsilon>
1778	1781	<195>	<epsilon>
1779	1779	<space>	<epsilon>
1779	1782	1	<epsilon>
1780	1779	<183>	<epsilon>
1781	1779	<151>	<epsilon>
1782	1783	0	<epsilon>
1783	1783	<space>	<epsilon>
1783	1784	^	<epsilon>
1784	1801	<epsilon>	"
1784	1784	<space>	<epsilon>
1785	1801	<epsilon>	"
1786	1802	<epsilon>	o
1787	1803	<epsilon>	r
1788	1804	l	l
1789	1805	d	d
1790	1806	u	u
1791	1469	<epsilon>	<space>
1792	1791	<epsilon>	"
1792	1794	<space>	<epsilon>
1792	1795	,	<epsilon>
1792	1807	0	0
1792	1808	1	1
1792	1808	2	2
1792	1808	3	3
1792	1808	4	4
1792	1808	5	5
1792	1808	6	6
1792	1808	7	7
1792	1808	8	8
1792	1808	9	9
1793	1791	<epsilon>	"
1793	1794	<space>	<epsilon>
1793	1795	,	<epsilon>
1793	1807	0	0
1793	1809	1	1
1793	1809	2	2
1793	1809	3	3
1793	1809	4	4
1793	1809	5	5
1793	1809	6	6
1793	1809	7	7
1793	1809	8	8
1793	1809	9	9
1794	1811	,	<epsilon>
1794	1810	0	0
1794	1810	1	1
1794	1810	2	2
1794	1810	3	3
1794	1810	4	4
1794	1810	5	5
1794	1810	6	6
1794	1810	7	7
1794	1810	8	8
1794	1810	9	9
1795	1813	<space>	<epsilon>
1795	1812	0	0
1795	1812	1	1
1795	1812	2	2
1795	1812	3	3
1795	1812	4	4
1795	1812	5	5
1795	1812	6	6
1795	1812	7	7
1795	1812	8	8
1795	1812	9	9
1796	1814	<epsilon>	e
1797	1815	<epsilon>	p
1798	1816	i	i
1799	1817	u	u
1800	1818	h	h
1800	1798	r	r
1801	1821	-	-
1801	1819	0	0
1801	1820	1	1
1801	1820	2	2
1801	1820	3	3
1801	1820	4	4
1801	1820	5	5
1801	1820	6	6
1801	1820	7	7
1801	1820	8	8
1801	1820	9	9
1802	1822	<epsilon>	n
1803	1823	<epsilon>	t
1804	1824	i	i
1805	1751	r	r
1806	1825	s	s
1807	1791	<epsilon>	"
1807	1794	<space>	<epsilon>
1807	1795	,	<epsilon>
1807	1826	0	0
1807	1827	1	1
1807	1827	2	2
1807	1827	3	3
1807	1827	4	4
1807	1827	5	5
1807	1827	6	6
1807	1827	7	7
1807	1827	8	8
1807	1827	9	9
1808	1791	<epsilon>	"
1808	1794	<space>	<epsilon>
1808	1828	,	<epsilon>
1808	1827	0	0
1808	1827	1	1
1808	1827	2	2
1808	1827	3	3
1808	1827	4	4
1808	1827	5	5
1808	1827	6	6
1808	1827	7	7
1808	1827	8	8
1808	1827	9	9
1809	1791	<epsilon>	"
1809	1794	<space>	<epsilon>
1809	1795	,	<epsilon>
1809	1826	0	0
1809	1826	1	1
1809	1826	2	2
1809	1826	3	3
1809	1826	4	4
1809	1826	5	5
1809	1826	6	6
1809	1826	7	7
1809	1826	8	8
1809	1826	9	9
1810	1829	0	0
1810	1829	1	1
1810	1829	2	2
1810	1829	3	3
1810	1829	4	4
1810	1829	5	5
1810	1829	6	6
1810	1829	7	7
1810	1829	8	8
1810	1829	9	9
1811	1831	<space>	<epsilon>
1811	1830	0	0
1811	1830	1	1
1811	1830	2	2
1811	1830	3	3
1811	1830	4	4
1811	1830	5	5
1811	1830	6	6
1811	1830	7	7
1811	1830	8	8
1811	1830	9	9
1812	1832	0	0
1812	1832	1	1
1812	1832	2	2
1812	1832	3	3
1812	1832	4	4
1812	1832	5	5
1812	1832	6	6
1812	1832	7	7
1812	1832	8	8
1812	1832	9	9
1813	1833	0	0
1814	1834	<epsilon>	c
1815	1835	<epsilon>	a
1816	1836	l	l
1817	1837	a	a
1818	1838	o	o
1819	1839	<epsilon>	"
1820	1839	<epsilon>	"
1820	1842	<space>	<epsilon>
1820	1843	,	<epsilon>
1820	1840	0	0
1820	1841	1	1
1820	1841	2	2
1820	1841	3	3
1820	1841	4	4
1820	1841	5	5
1820	1841	6	6
1820	1841	7	7
1820	1841	8	8
1820	1841	9	9
1821	1819	0	0
1821	1820	1	1
1821	1820	2	2
1821	1820	3	3
1821	1820	4	4
1821	1820	5	5
1821	1820	6	6
1821	1820	7	7
1821	1820	8	8
1821	1820	9	9
1822	485	<epsilon>	d
1823	1844	<epsilon>	:
1824	1845	o	o
1825	1846	a	a
1826	1791	<epsilon>	"
1826	1848	<space>	<epsilon>
1826	1795	,	<epsilon>
1826	1847	0	0
1826	1847	1	1
1826	1847	2	2
1826	1847	3	3
1826	1847	4	4
1826	1847	5	5
1826	1847	6	6
1826	1847	7	7
1826	1847	8	8
1826	1847	9	9
1827	1791	<epsilon>	"
1827	1848	<space>	<epsilon>
1827	1828	,	<epsilon>
1827	1847	0	0
1827	1847	1	1
1827	1847	2	2
1827	1847	3	3
1827	1847	4	4
1827	1847	5	5
1827	1847	6	6
1827	1847	7	7
1827	1847	8	8
1827	1847	9	9
1828	1812	0	0
1828	1812	1	1
1828	1812	2	2
1828	1812	3	3
1828	1812	4	4
1828	1812	5	5
1828	1812	6	6
1828	1812	7	7
1828	1812	8	8
1828	1812	9	9
1829	1849	0	0
1829	1849	1	1
1829	1849	2	2
1829	1849	3	3
1829	1849	4	4
1829	1849	5	5
1829	1849	6	6
1829	1849	7	7
1829	1849	8	8
1829	1849	9	9
1830	1850	0	0
1830	1850	1	1
1830	1850	2	2
1830	1850	3	3
1830	1850	4	4
1830	1850	5	5
1830	1850	6	6
1830	1850	7	7
1830	1850	8	8
1830	1850	9	9
1831	1851	0	0
1831	1851	1	1
1831	1851	2	2
1831	1851	3	3
1831	1851	4	4
1831	1851	5	5
1831	1851	6	6
1831	1851	7	7
1831	1851	8	8
1831	1851	9	9
1832	1852	0	0
1832	1852	1	1
1832	1852	2	2
1832	1852	3	3
1832	1852	4	4
1832	1852	5	5
1832	1852	6	6
1832	1852	7	7
1832	1852	8	8
1832	1852	9	9
1833	1853	0	0
1834	1854	<epsilon>	o
1835	1855	<epsilon>	r
1836	1856	l	l
1837	1857	d	d
1838	1858	u	u
1839	1533	<epsilon>	<space>
1840	1839	<epsilon>	"
1840	1842	<space>	<epsilon>
1840	1843	,	<epsilon>
1840	1859	0	0
1840	1860	1	1
1840	1860	2	2
1840	1860	3	3
1840	1860	4	4
1840	1860	5	5
1840	1860	6	6
1840	1860	7	7
1840	1860	8	8
1840	1860	9	9
1841	1839	<epsilon>	"
1841	1842	<space>	<epsilon>
1841	1843	,	<epsilon>
1841	1859	0	0
1841	1861	1	1
1841	1861	2	2
1841	1861	3	3
1841	1861	4	4
1841	1861	5	5
1841	1861	6	6
1841	1861	7	7
1841	1861	8	8
1841	1861	9	9
1842	1863	,	<epsilon>
1842	1862	0	0
1842	1862	1	1
1842	1862	2	2
1842	1862	3	3
1842	1862	4	4
1842	1862	5	5
1842	1862	6	6
1842	1862	7	7
1842	1862	8	8
1842	1862	9	9
1843	1865	<space>	<epsilon>
1843	1864	0	0
1843	1864	1	1
1843	1864	2	2
1843	1864	3	3
1843	1864	4	4
1843	1864	5	5
1843	1864	6	6
1843	1864	7	7
1843	1864	8	8
1843	1864	9	9
1844	1867	<epsilon>	<space>
1845	1868	n	n
1846	1869	n	n
1847	1791	<epsilon>	"
1847	1847	0	0
1847	1847	1	1
1847	1847	2	2
1847	1847	3	3
1847	1847	4	4
1847	1847	5	5
1847	1847	6	6
1847	1847	7	7
1847	1847	8	8
1847	1847	9	9
1848	1811	,	<epsilon>
1849	1791	<epsilon>	"
1849	1870	<space>	<epsilon>
1850	1871	0	0
1850	1871	1	1
1850	1871	2	2
1850	1871	3	3
1850	1871	4	4
1850	1871	5	5
1850	1871	6	6
1850	1871	7	7
1850	1871	8	8
1850	1871	9	9
1851	1872	0	0
1851	1872	1	1
1851	1872	2	2
1851	1872	3	3
1851	1872	4	4
1851	1872	5	5
1851	1872	6	6
1851	1872	7	7
1851	1872	8	8
1851	1872	9	9
1852	1791	<epsilon>	"
1852	1828	,	<epsilon>
1853	1873	0	0
1854	1874	<epsilon>	n
1855	1875	<epsilon>	t
1856	1876	i	i
1857	1798	r	r
1858	1877	s	s
1859	1839	<epsilon>	"
1859	1842	<space>	<epsilon>
1859	1843	,	<epsilon>
1859	1878	0	0
1859	1879	1	1
1859	1879	2	2
1859	1879	3	3
1859	1879	4	4
1859	1879	5	5
1859	1879	6	6
1859	1879	7	7
1859	1879	8	8
1859	1879	9	9
1860	1839	<epsilon>	"
1860	1842	<space>	<epsilon>
1860	1880	,	<epsilon>
1860	1879	0	0
1860	1879	1	1
1860	1879	2	2
1860	1879	3	3
1860	1879	4	4
1860	1879	5	5
1860	1879	6	6
1860	1879	7	7
1860	1879	8	8
1860	1879	9	9
1861	1839	<epsilon>	"
1861	1842	<space>	<epsilon>
1861	1843	,	<epsilon>
1861	1878	0	0
1861	1878	1	1
1861	1878	2	2
1861	1878	3	3
1861	1878	4	4
1861	1878	5	5
1861	1878	6	6
1861	1878	7	7
1861	1878	8	8
1861	1878	9	9
1862	1881	0	0
1862	1881	1	1
1862	1881	2	2
1862	1881	3	3
1862	1881	4	4
1862	1881	5	5
1862	1881	6	6
1862	1881	7	7
1862	1881	8	8
1862	1881	9	9
1863	1883	<space>	<epsilon>
1863	1882	0	0
1863	1882	1	1
1863	1882	2	2
1863	1882	3	3
1863	1882	4	4
1863	1882	5	5
1863	1882	6	6
1863	1882	7	7
1863	1882	8	8
1863	1882	9	9
1864	1884	0	0
1864	1884	1	1
1864	1884	2	2
1864	1884	3	3
1864	1884	4	4
1864	1884	5	5
1864	1884	6	6
1864	1884	7	7
1864	1884	8	8
1864	1884	9	9
1865	1885	0	0
1866	1180	<epsilon>	<space>
1867	1886	<epsilon>	"
1868	1887	<epsilon>	"
1869	1868	d	d
1870	1810	0	0
1870	1810	1	1
1870	1810	2	2
1870	1810	3	3
1870	1810	4	4
1870	1810	5	5
1870	1810	6	6
1870	1810	7	7
1870	1810	8	8
1870	1810	9	9
1871	1791	<epsilon>	"
1871	1888	<space>	<epsilon>
1872	1889	0	0
1872	1889	1	1
1872	1889	2	2
1872	1889	3	3
1872	1889	4	4
1872	1889	5	5
1872	1889	6	6
1872	1889	7	7
1872	1889	8	8
1872	1889	9	9
1873	1791	<epsilon>	"
1873	1890	,	<epsilon>
1874	1891	<epsilon>	d
1875	1892	<epsilon>	:
1876	1893	o	o
1877	1894	a	a
1878	1839	<epsilon>	"
1878	1896	<space>	<epsilon>
1878	1843	,	<epsilon>
1878	1895	0	0
1878	1895	1	1
1878	1895	2	2
1878	1895	3	3
1878	1895	4	4
1878	1895	5	5
1878	1895	6	6
1878	1895	7	7
1878	1895	8	8
1878	1895	9	9
1879	1839	<epsilon>	"
1879	1896	<space>	<epsilon>
1879	1880	,	<epsilon>
1879	1895	0	0
1879	1895	1	1
1879	1895	2	2
1879	1895	3	3
1879	1895	4	4
1879	1895	5	5
1879	1895	6	6
1879	1895	7	7
1879	1895	8	8
1879	1895	9	9
1880	1864	0	0
1880	1864	1	1
1880	1864	2	2
1880	1864	3	3
1880	1864	4	4
1880	1864	5	5
1880	1864	6	6
1880	1864	7	7
1880	1864	8	8
1880	1864	9	9
1881	1897	0	0
1881	1897	1	1
1881	1897	2	2
1881	1897	3	3
1881	1897	4	4
1881	1897	5	5
1881	1897	6	6
1881	1897	7	7
1881	1897	8	8
1881	1897	9	9
1882	1898	0	0
1882	1898	1	1
1882	1898	2	2
1882	1898	3	3
1882	1898	4	4
1882	1898	5	5
1882	1898	6	6
1882	1898	7	7
1882	1898	8	8
1882	1898	9	9
1883	1899	0	0
1883	1899	1	1
1883	1899	2	2
1883	1899	3	3
1883	1899	4	4
1883	1899	5	5
1883	1899	6	6
1883	1899	7	7
1883	1899	8	8
1883	1899	9	9
1884	1900	0	0
1884	1900	1	1
1884	1900	2	2
1884	1900	3	3
1884	1900	4	4
1884	1900	5	5
1884	1900	6	6
1884	1900	7	7
1884	1900	8	8
1884	1900	9	9
1885	1901	0	0
1886	1903	0	0
1886	1903	1	1
1886	1903	2	2
1886	1903	3	3
1886	1903	4	4
1886	1903	5	5
1886	1903	6	6
1886	1903	7	7
1886	1903	8	8
1886	1903	9	9
1887	1469	<epsilon>	<space>
1887	1472	<space>	<space>
1887	1473	*	<space>
1887	1474	E	<space>
1887	1474	e	<space>
1887	1473	x	<space>
1887	1475	<194>	<space>
1887	1476	<195>	<space>
1888	1904	,	<epsilon>
1889	1791	<epsilon>	"
1889	1905	<space>	<epsilon>
1890	1813	<space>	<epsilon>
1891	1906	<epsilon>	"
1892	1907	<epsilon>	<space>
1893	1908	n	n
1894	1909	n	n
1895	1839	<epsilon>	"
1895	1895	0	0
1895	1895	1	1
1895	1895	2	2
1895	1895	3	3
1895	1895	4	4
1895	1895	5	5
1895	1895	6	6
1895	1895	7	7
1895	1895	8	8
1895	1895	9	9
1896	1863	,	<epsilon>
1897	1839	<epsilon>	"
1897	1910	<space>	<epsilon>
1898	1911	0	0
1898	1911	1	1
1898	1911	2	2
1898	1911	3	3
1898	1911	4	4
1898	1911	5	5
1898	1911	6	6
1898	1911	7	7
1898	1911	8	8
1898	1911	9	9
1899	1912	0	0
1899	1912	1	1
1899	1912	2	2
1899	1912	3	3
1899	1912	4	4
1899	1912	5	5
1899	1912	6	6
1899	1912	7	7
1899	1912	8	8
1899	1912	9	9
1900	1839	<epsilon>	"
1900	1880	,	<epsilon>
1901	1913	0	0
1902
1903	1914	<epsilon>	"
1903	1903	0	0
1903	1903	1	1
1903	1903	2	2
1903	1903	3	3
1903	1903	4	4
1903	1903	5	5
1903	1903	6	6
1903	1903	7	7
1903	1903	8	8
1903	1903	9	9
1904	1830	0	0
1904	1830	1	1
1904	1830	2	2
1904	1830	3	3
1904	1830	4	4
1904	1830	5	5
1904	1830	6	6
1904	1830	7	7
1904	1830	8	8
1904	1830	9	9
1905	1915	,	<epsilon>
1906	1916	<epsilon>	<space>
1907	1917	<epsilon>	"
1908	1918	<epsilon>	"
1909	1908	d	d
1910	1862	0	0
1910	1862	1	1
1910	1862	2	2
1910	1862	3	3
1910	1862	4	4
1910	1862	5	5
1910	1862	6	6
1910	1862	7	7
1910	1862	8	8
1910	1862	9	9
1911	1839	<epsilon>	"
1911	1919	<space>	<epsilon>
1912	1920	0	0
1912	1920	1	1
1912	1920	2	2
1912	1920	3	3
1912	1920	4	4
1912	1920	5	5
1912	1920	6	6
1912	1920	7	7
1912	1920	8	8
1912	1920	9	9
1913	1839	<epsilon>	"
1913	1921	,	<epsilon>
1914	1469	<epsilon>	<space>
1914	1471	<epsilon>	q
1914	1472	<space>	<space>
1914	1473	*	<space>
1914	1474	E	<space>
1914	1474	e	<space>
1914	1473	x	<space>
1914	1475	<194>	<space>
1914	1476	<195>	<space>
1915	1831	<space>	<epsilon>
1916	1922	<epsilon>	}
1917	1923	0	0
1917	1923	1	1
1917	1923	2	2
1917	1923	3	3
1917	1923	4	4
1917	1923	5	5
1917	1923	6	6
1917	1923	7	7
1917	1923	8	8
1917	1923	9	9
1918	1533	<epsilon>	<space>
1918	1536	<space>	<space>
1918	1537	*	<space>
1918	1538	E	<space>
1918	1538	e	<space>
1918	1537	x	<space>
1918	1539	<194>	<space>
1918	1540	<195>	<space>
1919	1924	,	<epsilon>
1920	1839	<epsilon>	"
1920	1925	<space>	<epsilon>
1921	1865	<space>	<epsilon>
1922	1926	<epsilon>	<space>
1922
1923	1927	<epsilon>	"
1923	1923	0	0
1923	1923	1	1
1923	1923	2	2
1923	1923	3	3
1923	1923	4	4
1923	1923	5	5
1923	1923	6	6
1923	1923	7	7
1923	1923	8	8
1923	1923	9	9
1924	1882	0	0
1924	1882	1	1
1924	1882	2	2
1924	1882	3	3
1924	1882	4	4
1924	1882	5	5
1924	1882	6	6
1924	1882	7	7
1924	1882	8	8
1924	1882	9	9
1925	1928	,	<epsilon>
1926	1929	<epsilon>	}
1927	1533	<epsilon>	<space>
1927	1535	<epsilon>	q
1927	1536	<space>	<space>
1927	1537	*	<space>
1927	1538	E	<space>
1927	1538	e	<space>
1927	1537	x	<space>
1927	1539	<194>	<space>
1927	1540	<195>	<space>
1928	1883	<space>	<epsilon>
1929	1930	<epsilon>	<space>
1930	1931	<epsilon>	t
1931	1932	<epsilon>	o
1932	1933	<epsilon>	k
1933	1934	<epsilon>	e
1934	1935	<epsilon>	n
1935	1936	<epsilon>	s
1936	1937	<epsilon>	<space>
1937	1938	<epsilon>	{
1938	1939	<epsilon>	<space>
1939	1940	<epsilon>	m
1939	1939	<space>	<epsilon>
1940	1941	<epsilon>	e
1941	1942	<epsilon>	a
1942	1943	<epsilon>	s
1943	1944	<epsilon>	u
1944	1945	<epsilon>	r
1945	1946	<epsilon>	e
1946	1947	<epsilon>	<space>
1947	1948	<epsilon>	{
1948	395	<epsilon>	<space>
