0	1	<epsilon>	d
1	2	<epsilon>	i
2	3	<epsilon>	g
3	4	<epsilon>	i
4	5	<epsilon>	t
5	6	<epsilon>	:
6	7	<epsilon>	<space>
7	8	<epsilon>	"
8	9	0	0
8	9	1	1
8	9	2	2
8	9	3	3
8	9	4	4
8	9	5	5
8	9	6	6
8	9	7	7
8	9	8	8
8	9	9	9
9	10	0	0
9	10	1	1
9	10	2	2
9	10	3	3
9	10	4	4
9	10	5	5
9	10	6	6
9	10	7	7
9	10	8	8
9	10	9	9
10	12	0	0
10	12	1	1
10	12	2	2
10	12	3	3
10	12	4	4
10	12	5	5
10	12	6	6
10	12	7	7
10	12	8	8
10	12	9	9
11
12	11	<epsilon>	"
12	12	0	0
12	12	1	1
12	12	2	2
12	12	3	3
12	12	4	4
12	12	5	5
12	12	6	6
12	12	7	7
12	12	8	8
12	12	9	9
