0	1	<epsilon>	i
0	2	-	n
1	3	<epsilon>	n
2	4	<epsilon>	e
3	5	<epsilon>	t
4	6	<epsilon>	g
5	7	<epsilon>	e
6	8	<epsilon>	a
7	9	<epsilon>	g
8	10	<epsilon>	t
9	11	<epsilon>	e
10	12	<epsilon>	i
11	13	<epsilon>	r
12	14	<epsilon>	v
13	15	<epsilon>	_
14	16	<epsilon>	e
15	17	<epsilon>	p
16	18	<epsilon>	:
17	19	<epsilon>	a
18	20	<epsilon>	<space>
19	21	<epsilon>	r
20	22	<epsilon>	t
21	23	<epsilon>	t
22	24	<epsilon>	r
23	25	<epsilon>	:
24	26	<epsilon>	u
25	27	<epsilon>	<space>
26	28	<epsilon>	e
27	29	<epsilon>	"
28	30	<epsilon>	<space>
29	31	0	0
29	32	1	1
29	32	2	2
29	32	3	3
29	32	4	4
29	32	5	5
29	32	6	6
29	32	7	7
29	32	8	8
29	32	9	9
30	1	<epsilon>	i
31	33	<epsilon>	"
32	33	<epsilon>	"
32	34	<space>	<epsilon>
32	35	,	<epsilon>
32	36	.	<epsilon>
32	37	0	0
32	38	1	1
32	38	2	2
32	38	3	3
32	38	4	4
32	38	5	5
32	38	6	6
32	38	7	7
32	38	8	8
32	38	9	9
33	39	<epsilon>	<space>
34	40	,	<epsilon>
34	41	.	<epsilon>
34	42	0	0
34	42	1	1
34	42	2	2
34	42	3	3
34	42	4	4
34	42	5	5
34	42	6	6
34	42	7	7
34	42	8	8
34	42	9	9
35	43	<space>	<epsilon>
35	44	0	0
35	44	1	1
35	44	2	2
35	44	3	3
35	44	4	4
35	44	5	5
35	44	6	6
35	44	7	7
35	44	8	8
35	44	9	9
36	45	<space>	<epsilon>
36	46	0	0
36	46	1	1
36	46	2	2
36	46	3	3
36	46	4	4
36	46	5	5
36	46	6	6
36	46	7	7
36	46	8	8
36	46	9	9
37	33	<epsilon>	"
37	34	<space>	<epsilon>
37	35	,	<epsilon>
37	36	.	<epsilon>
37	47	0	0
37	48	1	1
37	48	2	2
37	48	3	3
37	48	4	4
37	48	5	5
37	48	6	6
37	48	7	7
37	48	8	8
37	48	9	9
38	33	<epsilon>	"
38	34	<space>	<epsilon>
38	35	,	<epsilon>
38	36	.	<epsilon>
38	47	0	0
38	49	1	1
38	49	2	2
38	49	3	3
38	49	4	4
38	49	5	5
38	49	6	6
38	49	7	7
38	49	8	8
38	49	9	9
39	106	,	<epsilon>
39	50	.	<epsilon>
40	51	<space>	<epsilon>
40	52	0	0
40	52	1	1
40	52	2	2
40	52	3	3
40	52	4	4
40	52	5	5
40	52	6	6
40	52	7	7
40	52	8	8
40	52	9	9
41	53	<space>	<epsilon>
41	54	0	0
41	54	1	1
41	54	2	2
41	54	3	3
41	54	4	4
41	54	5	5
41	54	6	6
41	54	7	7
41	54	8	8
41	54	9	9
42	55	0	0
42	55	1	1
42	55	2	2
42	55	3	3
42	55	4	4
42	55	5	5
42	55	6	6
42	55	7	7
42	55	8	8
42	55	9	9
43	56	0	0
44	57	0	0
44	57	1	1
44	57	2	2
44	57	3	3
44	57	4	4
44	57	5	5
44	57	6	6
44	57	7	7
44	57	8	8
44	57	9	9
45	58	0	0
46	59	0	0
46	59	1	1
46	59	2	2
46	59	3	3
46	59	4	4
46	59	5	5
46	59	6	6
46	59	7	7
46	59	8	8
46	59	9	9
47	33	<epsilon>	"
47	34	<space>	<epsilon>
47	35	,	<epsilon>
47	36	.	<epsilon>
47	60	0	0
47	61	1	1
47	61	2	2
47	61	3	3
47	61	4	4
47	61	5	5
47	61	6	6
47	61	7	7
47	61	8	8
47	61	9	9
48	33	<epsilon>	"
48	34	<space>	<epsilon>
48	62	,	<epsilon>
48	63	.	<epsilon>
48	61	0	0
48	61	1	1
48	61	2	2
48	61	3	3
48	61	4	4
48	61	5	5
48	61	6	6
48	61	7	7
48	61	8	8
48	61	9	9
49	33	<epsilon>	"
49	34	<space>	<epsilon>
49	35	,	<epsilon>
49	36	.	<epsilon>
49	60	0	0
49	60	1	1
49	60	2	2
49	60	3	3
49	60	4	4
49	60	5	5
49	60	6	6
49	60	7	7
49	60	8	8
49	60	9	9
50	65	<epsilon>	f
51	66	0	0
51	66	1	1
51	66	2	2
51	66	3	3
51	66	4	4
51	66	5	5
51	66	6	6
51	66	7	7
51	66	8	8
51	66	9	9
52	67	0	0
52	67	1	1
52	67	2	2
52	67	3	3
52	67	4	4
52	67	5	5
52	67	6	6
52	67	7	7
52	67	8	8
52	67	9	9
53	68	0	0
53	68	1	1
53	68	2	2
53	68	3	3
53	68	4	4
53	68	5	5
53	68	6	6
53	68	7	7
53	68	8	8
53	68	9	9
54	69	0	0
54	69	1	1
54	69	2	2
54	69	3	3
54	69	4	4
54	69	5	5
54	69	6	6
54	69	7	7
54	69	8	8
54	69	9	9
55	70	0	0
55	70	1	1
55	70	2	2
55	70	3	3
55	70	4	4
55	70	5	5
55	70	6	6
55	70	7	7
55	70	8	8
55	70	9	9
56	71	0	0
57	72	0	0
57	72	1	1
57	72	2	2
57	72	3	3
57	72	4	4
57	72	5	5
57	72	6	6
57	72	7	7
57	72	8	8
57	72	9	9
58	73	0	0
59	74	0	0
59	74	1	1
59	74	2	2
59	74	3	3
59	74	4	4
59	74	5	5
59	74	6	6
59	74	7	7
59	74	8	8
59	74	9	9
60	83	<epsilon>	"
60	75	<space>	<epsilon>
60	35	,	<epsilon>
60	36	.	<epsilon>
60	76	0	0
60	76	1	1
60	76	2	2
60	76	3	3
60	76	4	4
60	76	5	5
60	76	6	6
60	76	7	7
60	76	8	8
60	76	9	9
61	83	<epsilon>	"
61	75	<space>	<epsilon>
61	62	,	<epsilon>
61	63	.	<epsilon>
61	76	0	0
61	76	1	1
61	76	2	2
61	76	3	3
61	76	4	4
61	76	5	5
61	76	6	6
61	76	7	7
61	76	8	8
61	76	9	9
62	44	0	0
62	44	1	1
62	44	2	2
62	44	3	3
62	44	4	4
62	44	5	5
62	44	6	6
62	44	7	7
62	44	8	8
62	44	9	9
63	46	0	0
63	46	1	1
63	46	2	2
63	46	3	3
63	46	4	4
63	46	5	5
63	46	6	6
63	46	7	7
63	46	8	8
63	46	9	9
64	77	<epsilon>	r
65	78	<epsilon>	r
66	79	0	0
66	79	1	1
66	79	2	2
66	79	3	3
66	79	4	4
66	79	5	5
66	79	6	6
66	79	7	7
66	79	8	8
66	79	9	9
67	80	0	0
67	80	1	1
67	80	2	2
67	80	3	3
67	80	4	4
67	80	5	5
67	80	6	6
67	80	7	7
67	80	8	8
67	80	9	9
68	81	0	0
68	81	1	1
68	81	2	2
68	81	3	3
68	81	4	4
68	81	5	5
68	81	6	6
68	81	7	7
68	81	8	8
68	81	9	9
69	82	0	0
69	82	1	1
69	82	2	2
69	82	3	3
69	82	4	4
69	82	5	5
69	82	6	6
69	82	7	7
69	82	8	8
69	82	9	9
70	83	<epsilon>	"
70	84	<space>	<epsilon>
71	85	0	0
72	86	<epsilon>	"
72	62	,	<epsilon>
73	87	0	0
74	88	<epsilon>	"
74	63	.	<epsilon>
75	40	,	<epsilon>
75	41	.	<epsilon>
76	83	<epsilon>	"
76	76	0	0
76	76	1	1
76	76	2	2
76	76	3	3
76	76	4	4
76	76	5	5
76	76	6	6
76	76	7	7
76	76	8	8
76	76	9	9
77	90	<epsilon>	a
78	91	<epsilon>	a
79	92	0	0
79	92	1	1
79	92	2	2
79	92	3	3
79	92	4	4
79	92	5	5
79	92	6	6
79	92	7	7
79	92	8	8
79	92	9	9
80	86	<epsilon>	"
80	93	<space>	<epsilon>
81	94	0	0
81	94	1	1
81	94	2	2
81	94	3	3
81	94	4	4
81	94	5	5
81	94	6	6
81	94	7	7
81	94	8	8
81	94	9	9
82	88	<epsilon>	"
82	95	<space>	<epsilon>
83	89	<epsilon>	<space>
84	42	0	0
84	42	1	1
84	42	2	2
84	42	3	3
84	42	4	4
84	42	5	5
84	42	6	6
84	42	7	7
84	42	8	8
84	42	9	9
85	86	<epsilon>	"
85	96	,	<epsilon>
86	97	<epsilon>	<space>
87	88	<epsilon>	"
87	98	.	<epsilon>
88	99	<epsilon>	<space>
89	106	,	<epsilon>
89	106	.	<epsilon>
90	100	<epsilon>	c
91	101	<epsilon>	c
92	86	<epsilon>	"
92	102	<space>	<epsilon>
93	103	,	<epsilon>
94	88	<epsilon>	"
94	104	<space>	<epsilon>
95	105	.	<epsilon>
96	43	<space>	<epsilon>
97	106	.	<epsilon>
98	45	<space>	<epsilon>
99	106	,	<epsilon>
100	107	<epsilon>	t
101	108	<epsilon>	t
102	109	,	<epsilon>
103	52	0	0
103	52	1	1
103	52	2	2
103	52	3	3
103	52	4	4
103	52	5	5
103	52	6	6
103	52	7	7
103	52	8	8
103	52	9	9
104	110	.	<epsilon>
105	54	0	0
105	54	1	1
105	54	2	2
105	54	3	3
105	54	4	4
105	54	5	5
105	54	6	6
105	54	7	7
105	54	8	8
105	54	9	9
106	64	<epsilon>	f
107	111	<epsilon>	i
108	112	<epsilon>	i
109	51	<space>	<epsilon>
110	53	<space>	<epsilon>
111	113	<epsilon>	o
112	114	<epsilon>	o
113	115	<epsilon>	n
114	116	<epsilon>	n
115	117	<epsilon>	a
116	118	<epsilon>	a
117	119	<epsilon>	l
118	120	<epsilon>	l
119	121	<epsilon>	_
120	122	<epsilon>	_
121	123	<epsilon>	p
122	124	<epsilon>	p
123	125	<epsilon>	a
124	126	<epsilon>	a
125	127	<epsilon>	r
126	128	<epsilon>	r
127	129	<epsilon>	t
128	130	<epsilon>	t
129	131	<epsilon>	:
130	132	<epsilon>	:
131	133	<epsilon>	<space>
132	134	<epsilon>	<space>
133	135	<epsilon>	"
134	136	<epsilon>	"
135	137	0	0
135	137	1	1
135	137	2	2
135	137	3	3
135	137	4	4
135	137	5	5
135	137	6	6
135	137	7	7
135	137	8	8
135	137	9	9
136	138	0	0
136	138	1	1
136	138	2	2
136	138	3	3
136	138	4	4
136	138	5	5
136	138	6	6
136	138	7	7
136	138	8	8
136	138	9	9
137	139	<epsilon>	"
137	137	0	0
137	137	1	1
137	137	2	2
137	137	3	3
137	137	4	4
137	137	5	5
137	137	6	6
137	137	7	7
137	137	8	8
137	137	9	9
138	139	<epsilon>	"
138	140	0	0
138	140	1	1
138	140	2	2
138	140	3	3
138	140	4	4
138	140	5	5
138	140	6	6
138	140	7	7
138	140	8	8
138	140	9	9
139	141	<space>	<space>
139	142	*	<space>
139	145	E	<space>
139	145	e	<space>
139	142	x	<space>
139	143	<194>	<space>
139	144	<195>	<space>
139
140	139	<epsilon>	"
140	135	0	0
140	135	1	1
140	135	2	2
140	135	3	3
140	135	4	4
140	135	5	5
140	135	6	6
140	135	7	7
140	135	8	8
140	135	9	9
141	146	<space>	e
141	150	*	e
141	150	x	e
141	147	<194>	e
141	148	<195>	e
142	150	<space>	e
142	149	1	e
143	150	<183>	e
144	150	<151>	e
145	151	<epsilon>	e
146	152	<space>	x
146	156	*	x
146	156	x	x
146	153	<194>	x
146	154	<195>	x
147	156	<183>	x
148	156	<151>	x
149	157	0	x
150	156	<space>	x
150	155	1	x
151	158	<epsilon>	x
152	159	<space>	p
152	163	*	p
152	163	x	p
152	160	<194>	p
152	161	<195>	p
153	163	<183>	p
154	163	<151>	p
155	164	0	p
156	163	<space>	p
156	162	1	p
157	164	<space>	p
157	165	^	p
158	166	<epsilon>	p
159	167	<space>	o
159	171	*	o
159	171	x	o
159	168	<194>	o
159	169	<195>	o
160	171	<183>	o
161	171	<151>	o
162	172	0	o
163	171	<space>	o
163	170	1	o
164	172	<space>	o
164	173	^	o
165	174	<epsilon>	o
165	173	<space>	o
166	174	<epsilon>	o
167	175	<space>	n
167	179	*	n
167	179	x	n
167	176	<194>	n
167	177	<195>	n
168	179	<183>	n
169	179	<151>	n
170	180	0	n
171	179	<space>	n
171	178	1	n
172	180	<space>	n
172	181	^	n
173	182	<epsilon>	n
173	181	<space>	n
174	182	<epsilon>	n
175	183	<space>	e
175	187	*	e
175	187	x	e
175	184	<194>	e
175	185	<195>	e
176	187	<183>	e
177	187	<151>	e
178	188	0	e
179	187	<space>	e
179	186	1	e
180	188	<space>	e
180	189	^	e
181	190	<epsilon>	e
181	189	<space>	e
182	190	<epsilon>	e
183	191	<space>	n
183	195	*	n
183	195	x	n
183	192	<194>	n
183	193	<195>	n
184	195	<183>	n
185	195	<151>	n
186	196	0	n
187	195	<space>	n
187	194	1	n
188	196	<space>	n
188	197	^	n
189	198	<epsilon>	n
189	197	<space>	n
190	198	<epsilon>	n
191	199	<space>	t
191	203	*	t
191	203	x	t
191	200	<194>	t
191	201	<195>	t
192	203	<183>	t
193	203	<151>	t
194	204	0	t
195	203	<space>	t
195	202	1	t
196	204	<space>	t
196	205	^	t
197	206	<epsilon>	t
197	205	<space>	t
198	206	<epsilon>	t
199	207	<space>	:
199	211	*	:
199	211	x	:
199	208	<194>	:
199	209	<195>	:
200	211	<183>	:
201	211	<151>	:
202	212	0	:
203	211	<space>	:
203	210	1	:
204	212	<space>	:
204	213	^	:
205	214	<epsilon>	:
205	213	<space>	:
206	214	<epsilon>	:
207	215	<space>	<space>
207	219	*	<space>
207	219	x	<space>
207	216	<194>	<space>
207	217	<195>	<space>
208	219	<183>	<space>
209	219	<151>	<space>
210	220	0	<space>
211	219	<space>	<space>
211	218	1	<space>
212	220	<space>	<space>
212	221	^	<space>
213	222	<epsilon>	<space>
213	221	<space>	<space>
214	222	<epsilon>	<space>
215	215	<space>	<epsilon>
215	219	*	<epsilon>
215	219	x	<epsilon>
215	216	<194>	<epsilon>
215	217	<195>	<epsilon>
216	219	<183>	<epsilon>
217	219	<151>	<epsilon>
218	220	0	<epsilon>
219	219	<space>	<epsilon>
219	218	1	<epsilon>
220	220	<space>	<epsilon>
220	221	^	<epsilon>
221	223	<epsilon>	"
221	221	<space>	<epsilon>
222	223	<epsilon>	"
223	226	-	-
223	224	0	0
223	225	1	1
223	225	2	2
223	225	3	3
223	225	4	4
223	225	5	5
223	225	6	6
223	225	7	7
223	225	8	8
223	225	9	9
224	227	<epsilon>	"
225	227	<epsilon>	"
225	228	<space>	<epsilon>
225	229	,	<epsilon>
225	230	.	<epsilon>
225	231	0	0
225	232	1	1
225	232	2	2
225	232	3	3
225	232	4	4
225	232	5	5
225	232	6	6
225	232	7	7
225	232	8	8
225	232	9	9
226	224	0	0
226	225	1	1
226	225	2	2
226	225	3	3
226	225	4	4
226	225	5	5
226	225	6	6
226	225	7	7
226	225	8	8
226	225	9	9
227
228	233	,	<epsilon>
228	234	.	<epsilon>
228	235	0	0
228	235	1	1
228	235	2	2
228	235	3	3
228	235	4	4
228	235	5	5
228	235	6	6
228	235	7	7
228	235	8	8
228	235	9	9
229	236	<space>	<epsilon>
229	237	0	0
229	237	1	1
229	237	2	2
229	237	3	3
229	237	4	4
229	237	5	5
229	237	6	6
229	237	7	7
229	237	8	8
229	237	9	9
230	238	<space>	<epsilon>
230	239	0	0
230	239	1	1
230	239	2	2
230	239	3	3
230	239	4	4
230	239	5	5
230	239	6	6
230	239	7	7
230	239	8	8
230	239	9	9
231	227	<epsilon>	"
231	228	<space>	<epsilon>
231	229	,	<epsilon>
231	230	.	<epsilon>
231	240	0	0
231	241	1	1
231	241	2	2
231	241	3	3
231	241	4	4
231	241	5	5
231	241	6	6
231	241	7	7
231	241	8	8
231	241	9	9
232	227	<epsilon>	"
232	228	<space>	<epsilon>
232	229	,	<epsilon>
232	230	.	<epsilon>
232	240	0	0
232	242	1	1
232	242	2	2
232	242	3	3
232	242	4	4
232	242	5	5
232	242	6	6
232	242	7	7
232	242	8	8
232	242	9	9
233	243	<space>	<epsilon>
233	244	0	0
233	244	1	1
233	244	2	2
233	244	3	3
233	244	4	4
233	244	5	5
233	244	6	6
233	244	7	7
233	244	8	8
233	244	9	9
234	245	<space>	<epsilon>
234	246	0	0
234	246	1	1
234	246	2	2
234	246	3	3
234	246	4	4
234	246	5	5
234	246	6	6
234	246	7	7
234	246	8	8
234	246	9	9
235	247	0	0
235	247	1	1
235	247	2	2
235	247	3	3
235	247	4	4
235	247	5	5
235	247	6	6
235	247	7	7
235	247	8	8
235	247	9	9
236	248	0	0
236	248	1	1
236	248	2	2
236	248	3	3
236	248	4	4
236	248	5	5
236	248	6	6
236	248	7	7
236	248	8	8
236	248	9	9
237	249	0	0
237	249	1	1
237	249	2	2
237	249	3	3
237	249	4	4
237	249	5	5
237	249	6	6
237	249	7	7
237	249	8	8
237	249	9	9
238	250	0	0
239	251	0	0
239	251	1	1
239	251	2	2
239	251	3	3
239	251	4	4
239	251	5	5
239	251	6	6
239	251	7	7
239	251	8	8
239	251	9	9
240	227	<epsilon>	"
240	228	<space>	<epsilon>
240	229	,	<epsilon>
240	230	.	<epsilon>
240	252	0	0
240	253	1	1
240	253	2	2
240	253	3	3
240	253	4	4
240	253	5	5
240	253	6	6
240	253	7	7
240	253	8	8
240	253	9	9
241	227	<epsilon>	"
241	228	<space>	<epsilon>
241	229	,	<epsilon>
241	254	.	<epsilon>
241	253	0	0
241	253	1	1
241	253	2	2
241	253	3	3
241	253	4	4
241	253	5	5
241	253	6	6
241	253	7	7
241	253	8	8
241	253	9	9
242	227	<epsilon>	"
242	228	<space>	<epsilon>
242	229	,	<epsilon>
242	230	.	<epsilon>
242	252	0	0
242	252	1	1
242	252	2	2
242	252	3	3
242	252	4	4
242	252	5	5
242	252	6	6
242	252	7	7
242	252	8	8
242	252	9	9
243	255	0	0
243	255	1	1
243	255	2	2
243	255	3	3
243	255	4	4
243	255	5	5
243	255	6	6
243	255	7	7
243	255	8	8
243	255	9	9
244	256	0	0
244	256	1	1
244	256	2	2
244	256	3	3
244	256	4	4
244	256	5	5
244	256	6	6
244	256	7	7
244	256	8	8
244	256	9	9
245	257	0	0
245	257	1	1
245	257	2	2
245	257	3	3
245	257	4	4
245	257	5	5
245	257	6	6
245	257	7	7
245	257	8	8
245	257	9	9
246	258	0	0
246	258	1	1
246	258	2	2
246	258	3	3
246	258	4	4
246	258	5	5
246	258	6	6
246	258	7	7
246	258	8	8
246	258	9	9
247	259	0	0
247	259	1	1
247	259	2	2
247	259	3	3
247	259	4	4
247	259	5	5
247	259	6	6
247	259	7	7
247	259	8	8
247	259	9	9
248	260	0	0
248	260	1	1
248	260	2	2
248	260	3	3
248	260	4	4
248	260	5	5
248	260	6	6
248	260	7	7
248	260	8	8
248	260	9	9
249	261	0	0
249	261	1	1
249	261	2	2
249	261	3	3
249	261	4	4
249	261	5	5
249	261	6	6
249	261	7	7
249	261	8	8
249	261	9	9
250	262	0	0
251	263	0	0
251	263	1	1
251	263	2	2
251	263	3	3
251	263	4	4
251	263	5	5
251	263	6	6
251	263	7	7
251	263	8	8
251	263	9	9
252	227	<epsilon>	"
252	264	<space>	<epsilon>
252	230	.	<epsilon>
252	265	0	0
252	265	1	1
252	265	2	2
252	265	3	3
252	265	4	4
252	265	5	5
252	265	6	6
252	265	7	7
252	265	8	8
252	265	9	9
253	227	<epsilon>	"
253	264	<space>	<epsilon>
253	254	.	<epsilon>
253	265	0	0
253	265	1	1
253	265	2	2
253	265	3	3
253	265	4	4
253	265	5	5
253	265	6	6
253	265	7	7
253	265	8	8
253	265	9	9
254	239	0	0
254	239	1	1
254	239	2	2
254	239	3	3
254	239	4	4
254	239	5	5
254	239	6	6
254	239	7	7
254	239	8	8
254	239	9	9
255	266	0	0
255	266	1	1
255	266	2	2
255	266	3	3
255	266	4	4
255	266	5	5
255	266	6	6
255	266	7	7
255	266	8	8
255	266	9	9
256	267	0	0
256	267	1	1
256	267	2	2
256	267	3	3
256	267	4	4
256	267	5	5
256	267	6	6
256	267	7	7
256	267	8	8
256	267	9	9
257	268	0	0
257	268	1	1
257	268	2	2
257	268	3	3
257	268	4	4
257	268	5	5
257	268	6	6
257	268	7	7
257	268	8	8
257	268	9	9
258	269	0	0
258	269	1	1
258	269	2	2
258	269	3	3
258	269	4	4
258	269	5	5
258	269	6	6
258	269	7	7
258	269	8	8
258	269	9	9
259	227	<epsilon>	"
259	270	<space>	<epsilon>
260	271	0	0
260	271	1	1
260	271	2	2
260	271	3	3
260	271	4	4
260	271	5	5
260	271	6	6
260	271	7	7
260	271	8	8
260	271	9	9
261	272	,	<epsilon>
262	273	0	0
263	227	<epsilon>	"
263	254	.	<epsilon>
264	234	.	<epsilon>
265	227	<epsilon>	"
265	265	0	0
265	265	1	1
265	265	2	2
265	265	3	3
265	265	4	4
265	265	5	5
265	265	6	6
265	265	7	7
265	265	8	8
265	265	9	9
266	274	0	0
266	274	1	1
266	274	2	2
266	274	3	3
266	274	4	4
266	274	5	5
266	274	6	6
266	274	7	7
266	274	8	8
266	274	9	9
267	275	<space>	<epsilon>
268	276	0	0
268	276	1	1
268	276	2	2
268	276	3	3
268	276	4	4
268	276	5	5
268	276	6	6
268	276	7	7
268	276	8	8
268	276	9	9
269	227	<epsilon>	"
269	277	<space>	<epsilon>
270	235	0	0
270	235	1	1
270	235	2	2
270	235	3	3
270	235	4	4
270	235	5	5
270	235	6	6
270	235	7	7
270	235	8	8
270	235	9	9
271	278	,	<epsilon>
272	279	0	0
272	279	1	1
272	279	2	2
272	279	3	3
272	279	4	4
272	279	5	5
272	279	6	6
272	279	7	7
272	279	8	8
272	279	9	9
273	227	<epsilon>	"
273	280	.	<epsilon>
274	281	<space>	<epsilon>
275	282	,	<epsilon>
276	227	<epsilon>	"
276	283	<space>	<epsilon>
277	284	.	<epsilon>
278	285	<space>	<epsilon>
279	286	0	0
279	286	1	1
279	286	2	2
279	286	3	3
279	286	4	4
279	286	5	5
279	286	6	6
279	286	7	7
279	286	8	8
279	286	9	9
280	238	<space>	<epsilon>
281	287	,	<epsilon>
282	288	0	0
282	288	1	1
282	288	2	2
282	288	3	3
282	288	4	4
282	288	5	5
282	288	6	6
282	288	7	7
282	288	8	8
282	288	9	9
283	289	.	<epsilon>
284	246	0	0
284	246	1	1
284	246	2	2
284	246	3	3
284	246	4	4
284	246	5	5
284	246	6	6
284	246	7	7
284	246	8	8
284	246	9	9
285	290	0	0
285	290	1	1
285	290	2	2
285	290	3	3
285	290	4	4
285	290	5	5
285	290	6	6
285	290	7	7
285	290	8	8
285	290	9	9
286	291	0	0
286	291	1	1
286	291	2	2
286	291	3	3
286	291	4	4
286	291	5	5
286	291	6	6
286	291	7	7
286	291	8	8
286	291	9	9
287	292	<space>	<epsilon>
288	293	0	0
288	293	1	1
288	293	2	2
288	293	3	3
288	293	4	4
288	293	5	5
288	293	6	6
288	293	7	7
288	293	8	8
288	293	9	9
289	245	<space>	<epsilon>
290	294	0	0
290	294	1	1
290	294	2	2
290	294	3	3
290	294	4	4
290	294	5	5
290	294	6	6
290	294	7	7
290	294	8	8
290	294	9	9
291	227	<epsilon>	"
291	272	,	<epsilon>
292	295	0	0
292	295	1	1
292	295	2	2
292	295	3	3
292	295	4	4
292	295	5	5
292	295	6	6
292	295	7	7
292	295	8	8
292	295	9	9
293	296	0	0
293	296	1	1
293	296	2	2
293	296	3	3
293	296	4	4
293	296	5	5
293	296	6	6
293	296	7	7
293	296	8	8
293	296	9	9
294	297	0	0
294	297	1	1
294	297	2	2
294	297	3	3
294	297	4	4
294	297	5	5
294	297	6	6
294	297	7	7
294	297	8	8
294	297	9	9
295	298	0	0
295	298	1	1
295	298	2	2
295	298	3	3
295	298	4	4
295	298	5	5
295	298	6	6
295	298	7	7
295	298	8	8
295	298	9	9
296	227	<epsilon>	"
296	275	<space>	<epsilon>
297	227	<epsilon>	"
297	278	,	<epsilon>
298	299	0	0
298	299	1	1
298	299	2	2
298	299	3	3
298	299	4	4
298	299	5	5
298	299	6	6
298	299	7	7
298	299	8	8
298	299	9	9
299	227	<epsilon>	"
299	281	<space>	<epsilon>
