0	1	<epsilon>	i
0	3	-	n
0	2	.	<epsilon>
1	4	<epsilon>	n
2	5	<epsilon>	f
3	6	<epsilon>	e
4	7	<epsilon>	t
5	8	<epsilon>	r
6	9	<epsilon>	g
7	10	<epsilon>	e
8	11	<epsilon>	a
9	12	<epsilon>	a
10	13	<epsilon>	g
11	14	<epsilon>	c
12	15	<epsilon>	t
13	16	<epsilon>	e
14	17	<epsilon>	t
15	18	<epsilon>	i
16	19	<epsilon>	r
17	20	<epsilon>	i
18	21	<epsilon>	v
19	22	<epsilon>	_
20	23	<epsilon>	o
21	24	<epsilon>	e
22	25	<epsilon>	p
23	26	<epsilon>	n
24	27	<epsilon>	:
25	28	<epsilon>	a
26	29	<epsilon>	a
27	30	<epsilon>	<space>
28	31	<epsilon>	r
29	32	<epsilon>	l
30	33	<epsilon>	t
31	34	<epsilon>	t
32	35	<epsilon>	_
33	36	<epsilon>	r
34	37	<epsilon>	:
35	38	<epsilon>	p
36	39	<epsilon>	u
37	40	<epsilon>	<space>
38	41	<epsilon>	a
39	42	<epsilon>	e
40	43	<epsilon>	"
41	44	<epsilon>	r
42	45	<epsilon>	<space>
43	46	0	0
43	47	1	1
43	47	2	2
43	47	3	3
43	47	4	4
43	47	5	5
43	47	6	6
43	47	7	7
43	47	8	8
43	47	9	9
44	48	<epsilon>	t
45	1	<epsilon>	i
45	2	.	<epsilon>
46	49	<epsilon>	"
47	49	<epsilon>	"
47	50	<space>	<epsilon>
47	51	,	<epsilon>
47	52	0	0
47	53	1	1
47	53	2	2
47	53	3	3
47	53	4	4
47	53	5	5
47	53	6	6
47	53	7	7
47	53	8	8
47	53	9	9
48	54	<epsilon>	:
49	55	<epsilon>	<space>
50	56	,	<epsilon>
50	57	0	0
50	57	1	1
50	57	2	2
50	57	3	3
50	57	4	4
50	57	5	5
50	57	6	6
50	57	7	7
50	57	8	8
50	57	9	9
51	58	<space>	<epsilon>
51	59	0	0
51	59	1	1
51	59	2	2
51	59	3	3
51	59	4	4
51	59	5	5
51	59	6	6
51	59	7	7
51	59	8	8
51	59	9	9
52	49	<epsilon>	"
52	50	<space>	<epsilon>
52	51	,	<epsilon>
52	60	0	0
52	61	1	1
52	61	2	2
52	61	3	3
52	61	4	4
52	61	5	5
52	61	6	6
52	61	7	7
52	61	8	8
52	61	9	9
53	49	<epsilon>	"
53	50	<space>	<epsilon>
53	51	,	<epsilon>
53	60	0	0
53	62	1	1
53	62	2	2
53	62	3	3
53	62	4	4
53	62	5	5
53	62	6	6
53	62	7	7
53	62	8	8
53	62	9	9
54	63	<epsilon>	<space>
55	64	<epsilon>	q
55	65	.	<epsilon>
56	66	<space>	<epsilon>
56	67	0	0
56	67	1	1
56	67	2	2
56	67	3	3
56	67	4	4
56	67	5	5
56	67	6	6
56	67	7	7
56	67	8	8
56	67	9	9
57	68	0	0
57	68	1	1
57	68	2	2
57	68	3	3
57	68	4	4
57	68	5	5
57	68	6	6
57	68	7	7
57	68	8	8
57	68	9	9
58	69	0	0
59	70	0	0
59	70	1	1
59	70	2	2
59	70	3	3
59	70	4	4
59	70	5	5
59	70	6	6
59	70	7	7
59	70	8	8
59	70	9	9
60	49	<epsilon>	"
60	50	<space>	<epsilon>
60	51	,	<epsilon>
60	71	0	0
60	72	1	1
60	72	2	2
60	72	3	3
60	72	4	4
60	72	5	5
60	72	6	6
60	72	7	7
60	72	8	8
60	72	9	9
61	49	<epsilon>	"
61	50	<space>	<epsilon>
61	73	,	<epsilon>
61	72	0	0
61	72	1	1
61	72	2	2
61	72	3	3
61	72	4	4
61	72	5	5
61	72	6	6
61	72	7	7
61	72	8	8
61	72	9	9
62	49	<epsilon>	"
62	50	<space>	<epsilon>
62	51	,	<epsilon>
62	71	0	0
62	71	1	1
62	71	2	2
62	71	3	3
62	71	4	4
62	71	5	5
62	71	6	6
62	71	7	7
62	71	8	8
62	71	9	9
63	74	<epsilon>	"
64	75	<epsilon>	u
65	76	<epsilon>	f
66	77	0	0
66	77	1	1
66	77	2	2
66	77	3	3
66	77	4	4
66	77	5	5
66	77	6	6
66	77	7	7
66	77	8	8
66	77	9	9
67	78	0	0
67	78	1	1
67	78	2	2
67	78	3	3
67	78	4	4
67	78	5	5
67	78	6	6
67	78	7	7
67	78	8	8
67	78	9	9
68	79	0	0
68	79	1	1
68	79	2	2
68	79	3	3
68	79	4	4
68	79	5	5
68	79	6	6
68	79	7	7
68	79	8	8
68	79	9	9
69	80	0	0
70	81	0	0
70	81	1	1
70	81	2	2
70	81	3	3
70	81	4	4
70	81	5	5
70	81	6	6
70	81	7	7
70	81	8	8
70	81	9	9
71	49	<epsilon>	"
71	82	<space>	<epsilon>
71	51	,	<epsilon>
71	83	0	0
71	83	1	1
71	83	2	2
71	83	3	3
71	83	4	4
71	83	5	5
71	83	6	6
71	83	7	7
71	83	8	8
71	83	9	9
72	49	<epsilon>	"
72	82	<space>	<epsilon>
72	73	,	<epsilon>
72	83	0	0
72	83	1	1
72	83	2	2
72	83	3	3
72	83	4	4
72	83	5	5
72	83	6	6
72	83	7	7
72	83	8	8
72	83	9	9
73	59	0	0
73	59	1	1
73	59	2	2
73	59	3	3
73	59	4	4
73	59	5	5
73	59	6	6
73	59	7	7
73	59	8	8
73	59	9	9
74	84	0	0
74	84	1	1
74	84	2	2
74	84	3	3
74	84	4	4
74	84	5	5
74	84	6	6
74	84	7	7
74	84	8	8
74	84	9	9
75	85	<epsilon>	a
76	86	<epsilon>	r
77	87	0	0
77	87	1	1
77	87	2	2
77	87	3	3
77	87	4	4
77	87	5	5
77	87	6	6
77	87	7	7
77	87	8	8
77	87	9	9
78	88	0	0
78	88	1	1
78	88	2	2
78	88	3	3
78	88	4	4
78	88	5	5
78	88	6	6
78	88	7	7
78	88	8	8
78	88	9	9
79	49	<epsilon>	"
79	89	<space>	<epsilon>
80	90	0	0
81	49	<epsilon>	"
81	73	,	<epsilon>
82	56	,	<epsilon>
83	49	<epsilon>	"
83	83	0	0
83	83	1	1
83	83	2	2
83	83	3	3
83	83	4	4
83	83	5	5
83	83	6	6
83	83	7	7
83	83	8	8
83	83	9	9
84	91	<epsilon>	"
84	84	0	0
84	84	1	1
84	84	2	2
84	84	3	3
84	84	4	4
84	84	5	5
84	84	6	6
84	84	7	7
84	84	8	8
84	84	9	9
85	92	<epsilon>	n
86	93	<epsilon>	a
87	94	0	0
87	94	1	1
87	94	2	2
87	94	3	3
87	94	4	4
87	94	5	5
87	94	6	6
87	94	7	7
87	94	8	8
87	94	9	9
88	49	<epsilon>	"
88	95	<space>	<epsilon>
89	57	0	0
89	57	1	1
89	57	2	2
89	57	3	3
89	57	4	4
89	57	5	5
89	57	6	6
89	57	7	7
89	57	8	8
89	57	9	9
90	49	<epsilon>	"
90	96	,	<epsilon>
91	97	<space>	<space>	20
91	99	*	<space>	20
91	98	E	<space>	20
91	98	e	<space>	20
91	99	x	<space>	20
91	100	<194>	<space>	20
91	101	<195>	<space>	20
91	20
92	102	<epsilon>	t
93	103	<epsilon>	c
94	49	<epsilon>	"
94	104	<space>	<epsilon>
95	105	,	<epsilon>
96	58	<space>	<epsilon>
97	106	<space>	e
97	111	*	e
97	111	x	e
97	107	<194>	e
97	108	<195>	e
98	110	<epsilon>	e
99	111	<space>	e
99	109	1	e
100	111	<183>	e
101	111	<151>	e
102	112	<epsilon>	i
103	113	<epsilon>	t
104	114	,	<epsilon>
105	67	0	0
105	67	1	1
105	67	2	2
105	67	3	3
105	67	4	4
105	67	5	5
105	67	6	6
105	67	7	7
105	67	8	8
105	67	9	9
106	115	<space>	x
106	119	*	x
106	119	x	x
106	116	<194>	x
106	117	<195>	x
107	119	<183>	x
108	119	<151>	x
109	120	0	x
110	121	<epsilon>	x
111	119	<space>	x
111	118	1	x
112	122	<epsilon>	t
113	123	<epsilon>	i
114	66	<space>	<epsilon>
115	124	<space>	p
115	128	*	p
115	128	x	p
115	125	<194>	p
115	126	<195>	p
116	128	<183>	p
117	128	<151>	p
118	129	0	p
119	128	<space>	p
119	127	1	p
120	129	<space>	p
120	130	^	p
121	131	<epsilon>	p
122	132	<epsilon>	y
123	133	<epsilon>	o
124	134	<space>	o
124	138	*	o
124	138	x	o
124	135	<194>	o
124	136	<195>	o
125	138	<183>	o
126	138	<151>	o
127	139	0	o
128	138	<space>	o
128	137	1	o
129	139	<space>	o
129	140	^	o
130	141	<epsilon>	o
130	140	<space>	o
131	141	<epsilon>	o
132	142	<epsilon>	:
133	143	<epsilon>	n
134	144	<space>	n
134	148	*	n
134	148	x	n
134	145	<194>	n
134	146	<195>	n
135	148	<183>	n
136	148	<151>	n
137	149	0	n
138	148	<space>	n
138	147	1	n
139	149	<space>	n
139	150	^	n
140	151	<epsilon>	n
140	150	<space>	n
141	151	<epsilon>	n
142	152	<epsilon>	<space>
142	153	<space>	<space>
143	154	<epsilon>	a
144	155	<space>	e
144	159	*	e
144	159	x	e
144	156	<194>	e
144	157	<195>	e
145	159	<183>	e
146	159	<151>	e
147	160	0	e
148	159	<space>	e
148	158	1	e
149	160	<space>	e
149	161	^	e
150	162	<epsilon>	e
150	161	<space>	e
151	162	<epsilon>	e
152	163	<epsilon>	"
153	163	<epsilon>	"
153	153	<space>	<epsilon>
154	164	<epsilon>	l
155	165	<space>	n
155	169	*	n
155	169	x	n
155	166	<194>	n
155	167	<195>	n
156	169	<183>	n
157	169	<151>	n
158	170	0	n
159	169	<space>	n
159	168	1	n
160	170	<space>	n
160	171	^	n
161	172	<epsilon>	n
161	171	<space>	n
162	172	<epsilon>	n
163	212	b	b
163	212	m	m
163	173	q	q
163	174	t	t
164	175	<epsilon>	_
165	176	<space>	t
165	180	*	t
165	180	x	t
165	177	<194>	t
165	178	<195>	t
166	180	<183>	t
167	180	<151>	t
168	181	0	t
169	180	<space>	t
169	179	1	t
170	181	<space>	t
170	182	^	t
171	183	<epsilon>	t
171	182	<space>	t
172	183	<epsilon>	t
173	185	u	u
174	186	h	h
174	212	r	r
175	187	<epsilon>	p
176	188	<space>	:
176	192	*	:
176	192	x	:
176	189	<194>	:
176	190	<195>	:
177	192	<183>	:
178	192	<151>	:
179	193	0	:
180	192	<space>	:
180	191	1	:
181	193	<space>	:
181	194	^	:
182	195	<epsilon>	:
182	194	<space>	:
183	195	<epsilon>	:
184	226	l	l
185	196	a	a
186	197	o	o
187	198	<epsilon>	a
188	199	<space>	<space>
188	203	*	<space>
188	203	x	<space>
188	200	<194>	<space>
188	201	<195>	<space>
189	203	<183>	<space>
190	203	<151>	<space>
191	204	0	<space>
192	203	<space>	<space>
192	202	1	<space>
193	204	<space>	<space>
193	205	^	<space>
194	206	<epsilon>	<space>
194	205	<space>	<space>
195	206	<epsilon>	<space>
196	208	d	d
197	209	u	u
198	210	<epsilon>	r
199	199	<space>	<epsilon>
199	203	*	<epsilon>
199	203	x	<epsilon>
199	200	<194>	<epsilon>
199	201	<195>	<epsilon>
200	203	<183>	<epsilon>
201	203	<151>	<epsilon>
202	204	0	<epsilon>
203	203	<space>	<epsilon>
203	202	1	<epsilon>
204	204	<space>	<epsilon>
204	205	^	<epsilon>
205	211	<epsilon>	"
205	205	<space>	<epsilon>
206	211	<epsilon>	"
207	246	i	i
208	212	r	r
209	213	s	s
210	214	<epsilon>	t
211	217	-	-
211	215	0	0
211	216	1	1
211	216	2	2
211	216	3	3
211	216	4	4
211	216	5	5
211	216	6	6
211	216	7	7
211	216	8	8
211	216	9	9
212	184	i	i
213	219	a	a
214	220	<epsilon>	:
215	221	<epsilon>	"
216	221	<epsilon>	"
216	222	<space>	<epsilon>
216	223	,	<epsilon>
216	224	0	0
216	225	1	1
216	225	2	2
216	225	3	3
216	225	4	4
216	225	5	5
216	225	6	6
216	225	7	7
216	225	8	8
216	225	9	9
217	215	0	0
217	216	1	1
217	216	2	2
217	216	3	3
217	216	4	4
217	216	5	5
217	216	6	6
217	216	7	7
217	216	8	8
217	216	9	9
218	260	n	n
219	227	n	n
220	228	<epsilon>	<space>
221
222	229	,	<epsilon>
222	230	0	0
222	230	1	1
222	230	2	2
222	230	3	3
222	230	4	4
222	230	5	5
222	230	6	6
222	230	7	7
222	230	8	8
222	230	9	9
223	231	<space>	<epsilon>
223	232	0	0
223	232	1	1
223	232	2	2
223	232	3	3
223	232	4	4
223	232	5	5
223	232	6	6
223	232	7	7
223	232	8	8
223	232	9	9
224	221	<epsilon>	"
224	222	<space>	<epsilon>
224	223	,	<epsilon>
224	233	0	0
224	234	1	1
224	234	2	2
224	234	3	3
224	234	4	4
224	234	5	5
224	234	6	6
224	234	7	7
224	234	8	8
224	234	9	9
225	221	<epsilon>	"
225	222	<space>	<epsilon>
225	223	,	<epsilon>
225	233	0	0
225	235	1	1
225	235	2	2
225	235	3	3
225	235	4	4
225	235	5	5
225	235	6	6
225	235	7	7
225	235	8	8
225	235	9	9
226	207	l	l
227	260	d	d
228	237	<epsilon>	"
229	238	<space>	<epsilon>
229	239	0	0
229	239	1	1
229	239	2	2
229	239	3	3
229	239	4	4
229	239	5	5
229	239	6	6
229	239	7	7
229	239	8	8
229	239	9	9
230	240	0	0
230	240	1	1
230	240	2	2
230	240	3	3
230	240	4	4
230	240	5	5
230	240	6	6
230	240	7	7
230	240	8	8
230	240	9	9
231	241	0	0
232	242	0	0
232	242	1	1
232	242	2	2
232	242	3	3
232	242	4	4
232	242	5	5
232	242	6	6
232	242	7	7
232	242	8	8
232	242	9	9
233	221	<epsilon>	"
233	222	<space>	<epsilon>
233	223	,	<epsilon>
233	243	0	0
233	244	1	1
233	244	2	2
233	244	3	3
233	244	4	4
233	244	5	5
233	244	6	6
233	244	7	7
233	244	8	8
233	244	9	9
234	221	<epsilon>	"
234	222	<space>	<epsilon>
234	245	,	<epsilon>
234	244	0	0
234	244	1	1
234	244	2	2
234	244	3	3
234	244	4	4
234	244	5	5
234	244	6	6
234	244	7	7
234	244	8	8
234	244	9	9
235	221	<epsilon>	"
235	222	<space>	<epsilon>
235	223	,	<epsilon>
235	243	0	0
235	243	1	1
235	243	2	2
235	243	3	3
235	243	4	4
235	243	5	5
235	243	6	6
235	243	7	7
235	243	8	8
235	243	9	9
236	97	<space>	<space>
236	99	*	<space>
236	98	E	<space>
236	98	e	<space>
236	99	x	<space>
236	100	<194>	<space>
236	101	<195>	<space>
236
237	247	0	0
237	247	1	1
237	247	2	2
237	247	3	3
237	247	4	4
237	247	5	5
237	247	6	6
237	247	7	7
237	247	8	8
237	247	9	9
238	248	0	0
238	248	1	1
238	248	2	2
238	248	3	3
238	248	4	4
238	248	5	5
238	248	6	6
238	248	7	7
238	248	8	8
238	248	9	9
239	249	0	0
239	249	1	1
239	249	2	2
239	249	3	3
239	249	4	4
239	249	5	5
239	249	6	6
239	249	7	7
239	249	8	8
239	249	9	9
240	250	0	0
240	250	1	1
240	250	2	2
240	250	3	3
240	250	4	4
240	250	5	5
240	250	6	6
240	250	7	7
240	250	8	8
240	250	9	9
241	251	0	0
242	252	0	0
242	252	1	1
242	252	2	2
242	252	3	3
242	252	4	4
242	252	5	5
242	252	6	6
242	252	7	7
242	252	8	8
242	252	9	9
243	221	<epsilon>	"
243	253	<space>	<epsilon>
243	223	,	<epsilon>
243	254	0	0
243	254	1	1
243	254	2	2
243	254	3	3
243	254	4	4
243	254	5	5
243	254	6	6
243	254	7	7
243	254	8	8
243	254	9	9
244	221	<epsilon>	"
244	253	<space>	<epsilon>
244	245	,	<epsilon>
244	254	0	0
244	254	1	1
244	254	2	2
244	254	3	3
244	254	4	4
244	254	5	5
244	254	6	6
244	254	7	7
244	254	8	8
244	254	9	9
245	232	0	0
245	232	1	1
245	232	2	2
245	232	3	3
245	232	4	4
245	232	5	5
245	232	6	6
245	232	7	7
245	232	8	8
245	232	9	9
246	218	o	o
247	255	<epsilon>	"
247	247	0	0
247	247	1	1
247	247	2	2
247	247	3	3
247	247	4	4
247	247	5	5
247	247	6	6
247	247	7	7
247	247	8	8
247	247	9	9
248	256	0	0
248	256	1	1
248	256	2	2
248	256	3	3
248	256	4	4
248	256	5	5
248	256	6	6
248	256	7	7
248	256	8	8
248	256	9	9
249	257	0	0
249	257	1	1
249	257	2	2
249	257	3	3
249	257	4	4
249	257	5	5
249	257	6	6
249	257	7	7
249	257	8	8
249	257	9	9
250	221	<epsilon>	"
250	258	<space>	<epsilon>
251	259	0	0
252	221	<epsilon>	"
252	245	,	<epsilon>
253	229	,	<epsilon>
254	221	<epsilon>	"
254	254	0	0
254	254	1	1
254	254	2	2
254	254	3	3
254	254	4	4
254	254	5	5
254	254	6	6
254	254	7	7
254	254	8	8
254	254	9	9
255	64	<epsilon>	q
255	97	<space>	<space>
255	99	*	<space>
255	98	E	<space>
255	98	e	<space>
255	99	x	<space>
255	100	<194>	<space>
255	101	<195>	<space>
255
256	261	0	0
256	261	1	1
256	261	2	2
256	261	3	3
256	261	4	4
256	261	5	5
256	261	6	6
256	261	7	7
256	261	8	8
256	261	9	9
257	221	<epsilon>	"
257	262	<space>	<epsilon>
258	230	0	0
258	230	1	1
258	230	2	2
258	230	3	3
258	230	4	4
258	230	5	5
258	230	6	6
258	230	7	7
258	230	8	8
258	230	9	9
259	221	<epsilon>	"
259	263	,	<epsilon>
260	236	<epsilon>	"
261	221	<epsilon>	"
261	264	<space>	<epsilon>
262	265	,	<epsilon>
263	231	<space>	<epsilon>
264	266	,	<epsilon>
265	239	0	0
265	239	1	1
265	239	2	2
265	239	3	3
265	239	4	4
265	239	5	5
265	239	6	6
265	239	7	7
265	239	8	8
265	239	9	9
266	238	<space>	<epsilon>
