0	1	<epsilon>	i
0	2	-	n
1	3	<epsilon>	n
2	4	<epsilon>	e
3	5	<epsilon>	t
4	6	<epsilon>	g
5	7	<epsilon>	e
6	8	<epsilon>	a
7	9	<epsilon>	g
8	10	<epsilon>	t
9	11	<epsilon>	e
10	12	<epsilon>	i
11	13	<epsilon>	r
12	14	<epsilon>	v
13	15	<epsilon>	_
14	16	<epsilon>	e
15	17	<epsilon>	p
16	18	<epsilon>	:
17	19	<epsilon>	a
18	20	<epsilon>	<space>
19	21	<epsilon>	r
20	22	<epsilon>	t
21	23	<epsilon>	t
22	24	<epsilon>	r
23	25	<epsilon>	:
24	26	<epsilon>	u
25	27	<epsilon>	<space>
26	28	<epsilon>	e
27	29	<epsilon>	"
28	30	<epsilon>	<space>
29	31	0	0
29	32	1	1
29	32	2	2
29	32	3	3
29	32	4	4
29	32	5	5
29	32	6	6
29	32	7	7
29	32	8	8
29	32	9	9
30	1	<epsilon>	i
31	33	<epsilon>	"
32	33	<epsilon>	"
32	34	<space>	<epsilon>
32	35	.	<epsilon>
32	36	0	0
32	37	1	1
32	37	2	2
32	37	3	3
32	37	4	4
32	37	5	5
32	37	6	6
32	37	7	7
32	37	8	8
32	37	9	9
33	38	<epsilon>	<space>
34	39	.	<epsilon>
34	40	0	0
34	40	1	1
34	40	2	2
34	40	3	3
34	40	4	4
34	40	5	5
34	40	6	6
34	40	7	7
34	40	8	8
34	40	9	9
35	41	<space>	<epsilon>
35	42	0	0
35	42	1	1
35	42	2	2
35	42	3	3
35	42	4	4
35	42	5	5
35	42	6	6
35	42	7	7
35	42	8	8
35	42	9	9
36	33	<epsilon>	"
36	34	<space>	<epsilon>
36	35	.	<epsilon>
36	43	0	0
36	44	1	1
36	44	2	2
36	44	3	3
36	44	4	4
36	44	5	5
36	44	6	6
36	44	7	7
36	44	8	8
36	44	9	9
37	33	<epsilon>	"
37	34	<space>	<epsilon>
37	35	.	<epsilon>
37	43	0	0
37	45	1	1
37	45	2	2
37	45	3	3
37	45	4	4
37	45	5	5
37	45	6	6
37	45	7	7
37	45	8	8
37	45	9	9
38	46	,	<epsilon>
39	47	<space>	<epsilon>
39	48	0	0
39	48	1	1
39	48	2	2
39	48	3	3
39	48	4	4
39	48	5	5
39	48	6	6
39	48	7	7
39	48	8	8
39	48	9	9
40	49	0	0
40	49	1	1
40	49	2	2
40	49	3	3
40	49	4	4
40	49	5	5
40	49	6	6
40	49	7	7
40	49	8	8
40	49	9	9
41	50	0	0
42	51	0	0
42	51	1	1
42	51	2	2
42	51	3	3
42	51	4	4
42	51	5	5
42	51	6	6
42	51	7	7
42	51	8	8
42	51	9	9
43	33	<epsilon>	"
43	34	<space>	<epsilon>
43	35	.	<epsilon>
43	52	0	0
43	53	1	1
43	53	2	2
43	53	3	3
43	53	4	4
43	53	5	5
43	53	6	6
43	53	7	7
43	53	8	8
43	53	9	9
44	33	<epsilon>	"
44	34	<space>	<epsilon>
44	54	.	<epsilon>
44	53	0	0
44	53	1	1
44	53	2	2
44	53	3	3
44	53	4	4
44	53	5	5
44	53	6	6
44	53	7	7
44	53	8	8
44	53	9	9
45	33	<epsilon>	"
45	34	<space>	<epsilon>
45	35	.	<epsilon>
45	52	0	0
45	52	1	1
45	52	2	2
45	52	3	3
45	52	4	4
45	52	5	5
45	52	6	6
45	52	7	7
45	52	8	8
45	52	9	9
46	55	<epsilon>	f
47	56	0	0
47	56	1	1
47	56	2	2
47	56	3	3
47	56	4	4
47	56	5	5
47	56	6	6
47	56	7	7
47	56	8	8
47	56	9	9
48	57	0	0
48	57	1	1
48	57	2	2
48	57	3	3
48	57	4	4
48	57	5	5
48	57	6	6
48	57	7	7
48	57	8	8
48	57	9	9
49	58	0	0
49	58	1	1
49	58	2	2
49	58	3	3
49	58	4	4
49	58	5	5
49	58	6	6
49	58	7	7
49	58	8	8
49	58	9	9
50	59	0	0
51	60	0	0
51	60	1	1
51	60	2	2
51	60	3	3
51	60	4	4
51	60	5	5
51	60	6	6
51	60	7	7
51	60	8	8
51	60	9	9
52	33	<epsilon>	"
52	61	<space>	<epsilon>
52	35	.	<epsilon>
52	62	0	0
52	62	1	1
52	62	2	2
52	62	3	3
52	62	4	4
52	62	5	5
52	62	6	6
52	62	7	7
52	62	8	8
52	62	9	9
53	33	<epsilon>	"
53	61	<space>	<epsilon>
53	54	.	<epsilon>
53	62	0	0
53	62	1	1
53	62	2	2
53	62	3	3
53	62	4	4
53	62	5	5
53	62	6	6
53	62	7	7
53	62	8	8
53	62	9	9
54	42	0	0
54	42	1	1
54	42	2	2
54	42	3	3
54	42	4	4
54	42	5	5
54	42	6	6
54	42	7	7
54	42	8	8
54	42	9	9
55	63	<epsilon>	r
56	64	0	0
56	64	1	1
56	64	2	2
56	64	3	3
56	64	4	4
56	64	5	5
56	64	6	6
56	64	7	7
56	64	8	8
56	64	9	9
57	65	0	0
57	65	1	1
57	65	2	2
57	65	3	3
57	65	4	4
57	65	5	5
57	65	6	6
57	65	7	7
57	65	8	8
57	65	9	9
58	33	<epsilon>	"
58	66	<space>	<epsilon>
59	67	0	0
60	33	<epsilon>	"
60	54	.	<epsilon>
61	39	.	<epsilon>
62	33	<epsilon>	"
62	62	0	0
62	62	1	1
62	62	2	2
62	62	3	3
62	62	4	4
62	62	5	5
62	62	6	6
62	62	7	7
62	62	8	8
62	62	9	9
63	68	<epsilon>	a
64	69	0	0
64	69	1	1
64	69	2	2
64	69	3	3
64	69	4	4
64	69	5	5
64	69	6	6
64	69	7	7
64	69	8	8
64	69	9	9
65	33	<epsilon>	"
65	70	<space>	<epsilon>
66	40	0	0
66	40	1	1
66	40	2	2
66	40	3	3
66	40	4	4
66	40	5	5
66	40	6	6
66	40	7	7
66	40	8	8
66	40	9	9
67	33	<epsilon>	"
67	71	.	<epsilon>
68	72	<epsilon>	c
69	33	<epsilon>	"
69	73	<space>	<epsilon>
70	74	.	<epsilon>
71	41	<space>	<epsilon>
72	75	<epsilon>	t
73	76	.	<epsilon>
74	48	0	0
74	48	1	1
74	48	2	2
74	48	3	3
74	48	4	4
74	48	5	5
74	48	6	6
74	48	7	7
74	48	8	8
74	48	9	9
75	77	<epsilon>	i
76	47	<space>	<epsilon>
77	78	<epsilon>	o
78	79	<epsilon>	n
79	80	<epsilon>	a
80	81	<epsilon>	l
81	82	<epsilon>	_
82	83	<epsilon>	p
83	84	<epsilon>	a
84	85	<epsilon>	r
85	86	<epsilon>	t
86	87	<epsilon>	:
87	88	<epsilon>	<space>
88	89	<epsilon>	"
89	90	0	0
89	90	1	1
89	90	2	2
89	90	3	3
89	90	4	4
89	90	5	5
89	90	6	6
89	90	7	7
89	90	8	8
89	90	9	9
90	91	<epsilon>	"
90	90	0	0
90	90	1	1
90	90	2	2
90	90	3	3
90	90	4	4
90	90	5	5
90	90	6	6
90	90	7	7
90	90	8	8
90	90	9	9
91	92	<space>	<space>
91	93	*	<space>
91	96	E	<space>
91	96	e	<space>
91	93	x	<space>
91	94	<194>	<space>
91	95	<195>	<space>
91
92	97	<space>	e
92	101	*	e
92	101	x	e
92	98	<194>	e
92	99	<195>	e
93	101	<space>	e
93	100	1	e
94	101	<183>	e
95	101	<151>	e
96	102	<epsilon>	e
97	103	<space>	x
97	107	*	x
97	107	x	x
97	104	<194>	x
97	105	<195>	x
98	107	<183>	x
99	107	<151>	x
100	108	0	x
101	107	<space>	x
101	106	1	x
102	109	<epsilon>	x
103	110	<space>	p
103	114	*	p
103	114	x	p
103	111	<194>	p
103	112	<195>	p
104	114	<183>	p
105	114	<151>	p
106	115	0	p
107	114	<space>	p
107	113	1	p
108	115	<space>	p
108	116	^	p
109	117	<epsilon>	p
110	118	<space>	o
110	122	*	o
110	122	x	o
110	119	<194>	o
110	120	<195>	o
111	122	<183>	o
112	122	<151>	o
113	123	0	o
114	122	<space>	o
114	121	1	o
115	123	<space>	o
115	124	^	o
116	125	<epsilon>	o
116	124	<space>	o
117	125	<epsilon>	o
118	126	<space>	n
118	130	*	n
118	130	x	n
118	127	<194>	n
118	128	<195>	n
119	130	<183>	n
120	130	<151>	n
121	131	0	n
122	130	<space>	n
122	129	1	n
123	131	<space>	n
123	132	^	n
124	133	<epsilon>	n
124	132	<space>	n
125	133	<epsilon>	n
126	134	<space>	e
126	138	*	e
126	138	x	e
126	135	<194>	e
126	136	<195>	e
127	138	<183>	e
128	138	<151>	e
129	139	0	e
130	138	<space>	e
130	137	1	e
131	139	<space>	e
131	140	^	e
132	141	<epsilon>	e
132	140	<space>	e
133	141	<epsilon>	e
134	142	<space>	n
134	146	*	n
134	146	x	n
134	143	<194>	n
134	144	<195>	n
135	146	<183>	n
136	146	<151>	n
137	147	0	n
138	146	<space>	n
138	145	1	n
139	147	<space>	n
139	148	^	n
140	149	<epsilon>	n
140	148	<space>	n
141	149	<epsilon>	n
142	150	<space>	t
142	154	*	t
142	154	x	t
142	151	<194>	t
142	152	<195>	t
143	154	<183>	t
144	154	<151>	t
145	155	0	t
146	154	<space>	t
146	153	1	t
147	155	<space>	t
147	156	^	t
148	157	<epsilon>	t
148	156	<space>	t
149	157	<epsilon>	t
150	158	<space>	:
150	162	*	:
150	162	x	:
150	159	<194>	:
150	160	<195>	:
151	162	<183>	:
152	162	<151>	:
153	163	0	:
154	162	<space>	:
154	161	1	:
155	163	<space>	:
155	164	^	:
156	165	<epsilon>	:
156	164	<space>	:
157	165	<epsilon>	:
158	166	<space>	<space>
158	170	*	<space>
158	170	x	<space>
158	167	<194>	<space>
158	168	<195>	<space>
159	170	<183>	<space>
160	170	<151>	<space>
161	171	0	<space>
162	170	<space>	<space>
162	169	1	<space>
163	171	<space>	<space>
163	172	^	<space>
164	173	<epsilon>	<space>
164	172	<space>	<space>
165	173	<epsilon>	<space>
166	166	<space>	<epsilon>
166	170	*	<epsilon>
166	170	x	<epsilon>
166	167	<194>	<epsilon>
166	168	<195>	<epsilon>
167	170	<183>	<epsilon>
168	170	<151>	<epsilon>
169	171	0	<epsilon>
170	170	<space>	<epsilon>
170	169	1	<epsilon>
171	171	<space>	<epsilon>
171	172	^	<epsilon>
172	174	<epsilon>	"
172	172	<space>	<epsilon>
173	174	<epsilon>	"
174	177	-	-
174	175	0	0
174	176	1	1
174	176	2	2
174	176	3	3
174	176	4	4
174	176	5	5
174	176	6	6
174	176	7	7
174	176	8	8
174	176	9	9
175	178	<epsilon>	"
176	178	<epsilon>	"
176	179	<space>	<epsilon>
176	180	.	<epsilon>
176	181	0	0
176	182	1	1
176	182	2	2
176	182	3	3
176	182	4	4
176	182	5	5
176	182	6	6
176	182	7	7
176	182	8	8
176	182	9	9
177	175	0	0
177	176	1	1
177	176	2	2
177	176	3	3
177	176	4	4
177	176	5	5
177	176	6	6
177	176	7	7
177	176	8	8
177	176	9	9
178
179	183	.	<epsilon>
179	184	0	0
179	184	1	1
179	184	2	2
179	184	3	3
179	184	4	4
179	184	5	5
179	184	6	6
179	184	7	7
179	184	8	8
179	184	9	9
180	185	<space>	<epsilon>
180	186	0	0
180	186	1	1
180	186	2	2
180	186	3	3
180	186	4	4
180	186	5	5
180	186	6	6
180	186	7	7
180	186	8	8
180	186	9	9
181	178	<epsilon>	"
181	179	<space>	<epsilon>
181	180	.	<epsilon>
181	187	0	0
181	188	1	1
181	188	2	2
181	188	3	3
181	188	4	4
181	188	5	5
181	188	6	6
181	188	7	7
181	188	8	8
181	188	9	9
182	178	<epsilon>	"
182	179	<space>	<epsilon>
182	180	.	<epsilon>
182	187	0	0
182	189	1	1
182	189	2	2
182	189	3	3
182	189	4	4
182	189	5	5
182	189	6	6
182	189	7	7
182	189	8	8
182	189	9	9
183	190	<space>	<epsilon>
183	191	0	0
183	191	1	1
183	191	2	2
183	191	3	3
183	191	4	4
183	191	5	5
183	191	6	6
183	191	7	7
183	191	8	8
183	191	9	9
184	192	0	0
184	192	1	1
184	192	2	2
184	192	3	3
184	192	4	4
184	192	5	5
184	192	6	6
184	192	7	7
184	192	8	8
184	192	9	9
185	193	0	0
186	194	0	0
186	194	1	1
186	194	2	2
186	194	3	3
186	194	4	4
186	194	5	5
186	194	6	6
186	194	7	7
186	194	8	8
186	194	9	9
187	178	<epsilon>	"
187	179	<space>	<epsilon>
187	180	.	<epsilon>
187	195	0	0
187	196	1	1
187	196	2	2
187	196	3	3
187	196	4	4
187	196	5	5
187	196	6	6
187	196	7	7
187	196	8	8
187	196	9	9
188	178	<epsilon>	"
188	179	<space>	<epsilon>
188	197	.	<epsilon>
188	196	0	0
188	196	1	1
188	196	2	2
188	196	3	3
188	196	4	4
188	196	5	5
188	196	6	6
188	196	7	7
188	196	8	8
188	196	9	9
189	178	<epsilon>	"
189	179	<space>	<epsilon>
189	180	.	<epsilon>
189	195	0	0
189	195	1	1
189	195	2	2
189	195	3	3
189	195	4	4
189	195	5	5
189	195	6	6
189	195	7	7
189	195	8	8
189	195	9	9
190	198	0	0
190	198	1	1
190	198	2	2
190	198	3	3
190	198	4	4
190	198	5	5
190	198	6	6
190	198	7	7
190	198	8	8
190	198	9	9
191	199	0	0
191	199	1	1
191	199	2	2
191	199	3	3
191	199	4	4
191	199	5	5
191	199	6	6
191	199	7	7
191	199	8	8
191	199	9	9
192	200	0	0
192	200	1	1
192	200	2	2
192	200	3	3
192	200	4	4
192	200	5	5
192	200	6	6
192	200	7	7
192	200	8	8
192	200	9	9
193	201	0	0
194	202	0	0
194	202	1	1
194	202	2	2
194	202	3	3
194	202	4	4
194	202	5	5
194	202	6	6
194	202	7	7
194	202	8	8
194	202	9	9
195	178	<epsilon>	"
195	203	<space>	<epsilon>
195	180	.	<epsilon>
195	204	0	0
195	204	1	1
195	204	2	2
195	204	3	3
195	204	4	4
195	204	5	5
195	204	6	6
195	204	7	7
195	204	8	8
195	204	9	9
196	178	<epsilon>	"
196	203	<space>	<epsilon>
196	197	.	<epsilon>
196	204	0	0
196	204	1	1
196	204	2	2
196	204	3	3
196	204	4	4
196	204	5	5
196	204	6	6
196	204	7	7
196	204	8	8
196	204	9	9
197	186	0	0
197	186	1	1
197	186	2	2
197	186	3	3
197	186	4	4
197	186	5	5
197	186	6	6
197	186	7	7
197	186	8	8
197	186	9	9
198	205	0	0
198	205	1	1
198	205	2	2
198	205	3	3
198	205	4	4
198	205	5	5
198	205	6	6
198	205	7	7
198	205	8	8
198	205	9	9
199	206	0	0
199	206	1	1
199	206	2	2
199	206	3	3
199	206	4	4
199	206	5	5
199	206	6	6
199	206	7	7
199	206	8	8
199	206	9	9
200	178	<epsilon>	"
200	207	<space>	<epsilon>
201	208	0	0
202	178	<epsilon>	"
202	197	.	<epsilon>
203	183	.	<epsilon>
204	178	<epsilon>	"
204	204	0	0
204	204	1	1
204	204	2	2
204	204	3	3
204	204	4	4
204	204	5	5
204	204	6	6
204	204	7	7
204	204	8	8
204	204	9	9
205	209	0	0
205	209	1	1
205	209	2	2
205	209	3	3
205	209	4	4
205	209	5	5
205	209	6	6
205	209	7	7
205	209	8	8
205	209	9	9
206	178	<epsilon>	"
206	210	<space>	<epsilon>
207	184	0	0
207	184	1	1
207	184	2	2
207	184	3	3
207	184	4	4
207	184	5	5
207	184	6	6
207	184	7	7
207	184	8	8
207	184	9	9
208	178	<epsilon>	"
208	211	.	<epsilon>
209	178	<epsilon>	"
209	212	<space>	<epsilon>
210	213	.	<epsilon>
211	185	<space>	<epsilon>
212	214	.	<epsilon>
213	191	0	0
213	191	1	1
213	191	2	2
213	191	3	3
213	191	4	4
213	191	5	5
213	191	6	6
213	191	7	7
213	191	8	8
213	191	9	9
214	190	<space>	<epsilon>
