0	1	<epsilon>	d
1	2	<epsilon>	e
2	3	<epsilon>	c
3	4	<epsilon>	i
4	5	<epsilon>	m
5	6	<epsilon>	a
6	7	<epsilon>	l
7	8	<epsilon>	<space>
8	9	<epsilon>	{
9	10	<epsilon>	<space>
10	11	<epsilon>	i
10	12	-	n
11	13	<epsilon>	n
12	14	<epsilon>	e
13	15	<epsilon>	t
14	16	<epsilon>	g
15	17	<epsilon>	e
16	18	<epsilon>	a
17	19	<epsilon>	g
18	20	<epsilon>	t
19	21	<epsilon>	e
20	22	<epsilon>	i
21	23	<epsilon>	r
22	24	<epsilon>	v
23	25	<epsilon>	_
24	26	<epsilon>	e
25	27	<epsilon>	p
26	28	<epsilon>	:
27	29	<epsilon>	a
28	30	<epsilon>	<space>
29	31	<epsilon>	r
30	32	<epsilon>	t
31	33	<epsilon>	t
32	34	<epsilon>	r
33	35	<epsilon>	:
34	36	<epsilon>	u
35	37	<epsilon>	<space>
36	38	<epsilon>	e
37	39	<epsilon>	"
38	40	<epsilon>	<space>
39	41	0	0
39	42	1	1
39	42	2	2
39	42	3	3
39	42	4	4
39	42	5	5
39	42	6	6
39	42	7	7
39	42	8	8
39	42	9	9
40	11	<epsilon>	i
41	43	<epsilon>	"
42	43	<epsilon>	"
42	46	<space>	<epsilon>
42	47	,	<epsilon>
42	48	.	<epsilon>
42	44	0	0
42	45	1	1
42	45	2	2
42	45	3	3
42	45	4	4
42	45	5	5
42	45	6	6
42	45	7	7
42	45	8	8
42	45	9	9
43	49	<epsilon>	<space>
44	43	<epsilon>	"
44	46	<space>	<epsilon>
44	47	,	<epsilon>
44	48	.	<epsilon>
44	50	0	0
44	51	1	1
44	51	2	2
44	51	3	3
44	51	4	4
44	51	5	5
44	51	6	6
44	51	7	7
44	51	8	8
44	51	9	9
45	43	<epsilon>	"
45	46	<space>	<epsilon>
45	47	,	<epsilon>
45	48	.	<epsilon>
45	50	0	0
45	52	1	1
45	52	2	2
45	52	3	3
45	52	4	4
45	52	5	5
45	52	6	6
45	52	7	7
45	52	8	8
45	52	9	9
46	54	,	<epsilon>
46	55	.	<epsilon>
46	53	0	0
46	53	1	1
46	53	2	2
46	53	3	3
46	53	4	4
46	53	5	5
46	53	6	6
46	53	7	7
46	53	8	8
46	53	9	9
47	57	<space>	<epsilon>
47	56	0	0
47	56	1	1
47	56	2	2
47	56	3	3
47	56	4	4
47	56	5	5
47	56	6	6
47	56	7	7
47	56	8	8
47	56	9	9
48	59	<space>	<epsilon>
48	58	0	0
48	58	1	1
48	58	2	2
48	58	3	3
48	58	4	4
48	58	5	5
48	58	6	6
48	58	7	7
48	58	8	8
48	58	9	9
49	60	,	<epsilon>
49	61	.	<epsilon>
50	43	<epsilon>	"
50	46	<space>	<epsilon>
50	47	,	<epsilon>
50	48	.	<epsilon>
50	62	0	0
50	63	1	1
50	63	2	2
50	63	3	3
50	63	4	4
50	63	5	5
50	63	6	6
50	63	7	7
50	63	8	8
50	63	9	9
51	43	<epsilon>	"
51	46	<space>	<epsilon>
51	64	,	<epsilon>
51	65	.	<epsilon>
51	63	0	0
51	63	1	1
51	63	2	2
51	63	3	3
51	63	4	4
51	63	5	5
51	63	6	6
51	63	7	7
51	63	8	8
51	63	9	9
52	43	<epsilon>	"
52	46	<space>	<epsilon>
52	47	,	<epsilon>
52	48	.	<epsilon>
52	62	0	0
52	62	1	1
52	62	2	2
52	62	3	3
52	62	4	4
52	62	5	5
52	62	6	6
52	62	7	7
52	62	8	8
52	62	9	9
53	66	0	0
53	66	1	1
53	66	2	2
53	66	3	3
53	66	4	4
53	66	5	5
53	66	6	6
53	66	7	7
53	66	8	8
53	66	9	9
54	68	<space>	<epsilon>
54	67	0	0
54	67	1	1
54	67	2	2
54	67	3	3
54	67	4	4
54	67	5	5
54	67	6	6
54	67	7	7
54	67	8	8
54	67	9	9
55	70	<space>	<epsilon>
55	69	0	0
55	69	1	1
55	69	2	2
55	69	3	3
55	69	4	4
55	69	5	5
55	69	6	6
55	69	7	7
55	69	8	8
55	69	9	9
56	71	0	0
56	71	1	1
56	71	2	2
56	71	3	3
56	71	4	4
56	71	5	5
56	71	6	6
56	71	7	7
56	71	8	8
56	71	9	9
57	72	0	0
58	73	0	0
58	73	1	1
58	73	2	2
58	73	3	3
58	73	4	4
58	73	5	5
58	73	6	6
58	73	7	7
58	73	8	8
58	73	9	9
59	74	0	0
60	75	<epsilon>	f
61	76	<epsilon>	f
62	77	<epsilon>	"
62	79	<space>	<epsilon>
62	47	,	<epsilon>
62	48	.	<epsilon>
62	78	0	0
62	78	1	1
62	78	2	2
62	78	3	3
62	78	4	4
62	78	5	5
62	78	6	6
62	78	7	7
62	78	8	8
62	78	9	9
63	77	<epsilon>	"
63	79	<space>	<epsilon>
63	64	,	<epsilon>
63	65	.	<epsilon>
63	78	0	0
63	78	1	1
63	78	2	2
63	78	3	3
63	78	4	4
63	78	5	5
63	78	6	6
63	78	7	7
63	78	8	8
63	78	9	9
64	56	0	0
64	56	1	1
64	56	2	2
64	56	3	3
64	56	4	4
64	56	5	5
64	56	6	6
64	56	7	7
64	56	8	8
64	56	9	9
65	58	0	0
65	58	1	1
65	58	2	2
65	58	3	3
65	58	4	4
65	58	5	5
65	58	6	6
65	58	7	7
65	58	8	8
65	58	9	9
66	80	0	0
66	80	1	1
66	80	2	2
66	80	3	3
66	80	4	4
66	80	5	5
66	80	6	6
66	80	7	7
66	80	8	8
66	80	9	9
67	81	0	0
67	81	1	1
67	81	2	2
67	81	3	3
67	81	4	4
67	81	5	5
67	81	6	6
67	81	7	7
67	81	8	8
67	81	9	9
68	82	0	0
68	82	1	1
68	82	2	2
68	82	3	3
68	82	4	4
68	82	5	5
68	82	6	6
68	82	7	7
68	82	8	8
68	82	9	9
69	83	0	0
69	83	1	1
69	83	2	2
69	83	3	3
69	83	4	4
69	83	5	5
69	83	6	6
69	83	7	7
69	83	8	8
69	83	9	9
70	84	0	0
70	84	1	1
70	84	2	2
70	84	3	3
70	84	4	4
70	84	5	5
70	84	6	6
70	84	7	7
70	84	8	8
70	84	9	9
71	85	0	0
71	85	1	1
71	85	2	2
71	85	3	3
71	85	4	4
71	85	5	5
71	85	6	6
71	85	7	7
71	85	8	8
71	85	9	9
72	86	0	0
73	87	0	0
73	87	1	1
73	87	2	2
73	87	3	3
73	87	4	4
73	87	5	5
73	87	6	6
73	87	7	7
73	87	8	8
73	87	9	9
74	88	0	0
75	89	<epsilon>	r
76	90	<epsilon>	r
77	91	<epsilon>	<space>
78	77	<epsilon>	"
78	78	0	0
78	78	1	1
78	78	2	2
78	78	3	3
78	78	4	4
78	78	5	5
78	78	6	6
78	78	7	7
78	78	8	8
78	78	9	9
79	54	,	<epsilon>
79	55	.	<epsilon>
80	77	<epsilon>	"
80	92	<space>	<epsilon>
81	93	0	0
81	93	1	1
81	93	2	2
81	93	3	3
81	93	4	4
81	93	5	5
81	93	6	6
81	93	7	7
81	93	8	8
81	93	9	9
82	94	0	0
82	94	1	1
82	94	2	2
82	94	3	3
82	94	4	4
82	94	5	5
82	94	6	6
82	94	7	7
82	94	8	8
82	94	9	9
83	95	0	0
83	95	1	1
83	95	2	2
83	95	3	3
83	95	4	4
83	95	5	5
83	95	6	6
83	95	7	7
83	95	8	8
83	95	9	9
84	96	0	0
84	96	1	1
84	96	2	2
84	96	3	3
84	96	4	4
84	96	5	5
84	96	6	6
84	96	7	7
84	96	8	8
84	96	9	9
85	97	<epsilon>	"
85	64	,	<epsilon>
86	98	0	0
87	99	<epsilon>	"
87	65	.	<epsilon>
88	100	0	0
89	101	<epsilon>	a
90	102	<epsilon>	a
91	61	,	<epsilon>
91	61	.	<epsilon>
92	53	0	0
92	53	1	1
92	53	2	2
92	53	3	3
92	53	4	4
92	53	5	5
92	53	6	6
92	53	7	7
92	53	8	8
92	53	9	9
93	97	<epsilon>	"
93	103	<space>	<epsilon>
94	104	0	0
94	104	1	1
94	104	2	2
94	104	3	3
94	104	4	4
94	104	5	5
94	104	6	6
94	104	7	7
94	104	8	8
94	104	9	9
95	99	<epsilon>	"
95	105	<space>	<epsilon>
96	106	0	0
96	106	1	1
96	106	2	2
96	106	3	3
96	106	4	4
96	106	5	5
96	106	6	6
96	106	7	7
96	106	8	8
96	106	9	9
97	107	<epsilon>	<space>
98	97	<epsilon>	"
98	108	,	<epsilon>
99	109	<epsilon>	<space>
100	99	<epsilon>	"
100	110	.	<epsilon>
101	111	<epsilon>	c
102	112	<epsilon>	c
103	113	,	<epsilon>
104	97	<epsilon>	"
104	114	<space>	<epsilon>
105	115	.	<epsilon>
106	99	<epsilon>	"
106	116	<space>	<epsilon>
107	61	.	<epsilon>
108	57	<space>	<epsilon>
109	61	,	<epsilon>
110	59	<space>	<epsilon>
111	117	<epsilon>	t
112	118	<epsilon>	t
113	67	0	0
113	67	1	1
113	67	2	2
113	67	3	3
113	67	4	4
113	67	5	5
113	67	6	6
113	67	7	7
113	67	8	8
113	67	9	9
114	119	,	<epsilon>
115	69	0	0
115	69	1	1
115	69	2	2
115	69	3	3
115	69	4	4
115	69	5	5
115	69	6	6
115	69	7	7
115	69	8	8
115	69	9	9
116	120	.	<epsilon>
117	121	<epsilon>	i
118	122	<epsilon>	i
119	68	<space>	<epsilon>
120	70	<space>	<epsilon>
121	123	<epsilon>	o
122	124	<epsilon>	o
123	125	<epsilon>	n
124	126	<epsilon>	n
125	127	<epsilon>	a
126	128	<epsilon>	a
127	129	<epsilon>	l
128	130	<epsilon>	l
129	131	<epsilon>	_
130	132	<epsilon>	_
131	133	<epsilon>	p
132	134	<epsilon>	p
133	135	<epsilon>	a
134	136	<epsilon>	a
135	137	<epsilon>	r
136	138	<epsilon>	r
137	139	<epsilon>	t
138	140	<epsilon>	t
139	141	<epsilon>	:
140	142	<epsilon>	:
141	143	<epsilon>	<space>
142	144	<epsilon>	<space>
143	145	<epsilon>	"
144	146	<epsilon>	"
145	147	0	0
145	147	1	1
145	147	2	2
145	147	3	3
145	147	4	4
145	147	5	5
145	147	6	6
145	147	7	7
145	147	8	8
145	147	9	9
146	148	0	0
146	148	1	1
146	148	2	2
146	148	3	3
146	148	4	4
146	148	5	5
146	148	6	6
146	148	7	7
146	148	8	8
146	148	9	9
147	149	<epsilon>	"
147	150	0	0
147	150	1	1
147	150	2	2
147	150	3	3
147	150	4	4
147	150	5	5
147	150	6	6
147	150	7	7
147	150	8	8
147	150	9	9
148	149	<epsilon>	"
148	148	0	0
148	148	1	1
148	148	2	2
148	148	3	3
148	148	4	4
148	148	5	5
148	148	6	6
148	148	7	7
148	148	8	8
148	148	9	9
149	151	<epsilon>	<space>
149	152	<space>	<space>
149	153	*	<space>
149	154	E	<space>
149	154	e	<space>
149	153	x	<space>
149	155	<194>	<space>
149	156	<195>	<space>
150	149	<epsilon>	"
150	146	0	0
150	146	1	1
150	146	2	2
150	146	3	3
150	146	4	4
150	146	5	5
150	146	6	6
150	146	7	7
150	146	8	8
150	146	9	9
151	157	<epsilon>	}
152	158	<space>	e
152	159	*	e
152	159	x	e
152	160	<194>	e
152	161	<195>	e
153	159	<space>	e
153	162	1	e
154	163	<epsilon>	e
155	159	<183>	e
156	159	<151>	e
157
158	164	<space>	x
158	165	*	x
158	165	x	x
158	166	<194>	x
158	167	<195>	x
159	165	<space>	x
159	168	1	x
160	165	<183>	x
161	165	<151>	x
162	169	0	x
163	170	<epsilon>	x
164	171	<space>	p
164	172	*	p
164	172	x	p
164	173	<194>	p
164	174	<195>	p
165	172	<space>	p
165	175	1	p
166	172	<183>	p
167	172	<151>	p
168	176	0	p
169	176	<space>	p
169	177	^	p
170	178	<epsilon>	p
171	179	<space>	o
171	180	*	o
171	180	x	o
171	181	<194>	o
171	182	<195>	o
172	180	<space>	o
172	183	1	o
173	180	<183>	o
174	180	<151>	o
175	184	0	o
176	184	<space>	o
176	185	^	o
177	186	<epsilon>	o
177	185	<space>	o
178	186	<epsilon>	o
179	187	<space>	n
179	188	*	n
179	188	x	n
179	189	<194>	n
179	190	<195>	n
180	188	<space>	n
180	191	1	n
181	188	<183>	n
182	188	<151>	n
183	192	0	n
184	192	<space>	n
184	193	^	n
185	194	<epsilon>	n
185	193	<space>	n
186	194	<epsilon>	n
187	195	<space>	e
187	196	*	e
187	196	x	e
187	197	<194>	e
187	198	<195>	e
188	196	<space>	e
188	199	1	e
189	196	<183>	e
190	196	<151>	e
191	200	0	e
192	200	<space>	e
192	201	^	e
193	202	<epsilon>	e
193	201	<space>	e
194	202	<epsilon>	e
195	203	<space>	n
195	204	*	n
195	204	x	n
195	205	<194>	n
195	206	<195>	n
196	204	<space>	n
196	207	1	n
197	204	<183>	n
198	204	<151>	n
199	208	0	n
200	208	<space>	n
200	209	^	n
201	210	<epsilon>	n
201	209	<space>	n
202	210	<epsilon>	n
203	211	<space>	t
203	212	*	t
203	212	x	t
203	213	<194>	t
203	214	<195>	t
204	212	<space>	t
204	215	1	t
205	212	<183>	t
206	212	<151>	t
207	216	0	t
208	216	<space>	t
208	217	^	t
209	218	<epsilon>	t
209	217	<space>	t
210	218	<epsilon>	t
211	219	<space>	:
211	220	*	:
211	220	x	:
211	221	<194>	:
211	222	<195>	:
212	220	<space>	:
212	223	1	:
213	220	<183>	:
214	220	<151>	:
215	224	0	:
216	224	<space>	:
216	225	^	:
217	226	<epsilon>	:
217	225	<space>	:
218	226	<epsilon>	:
219	227	<space>	<space>
219	228	*	<space>
219	228	x	<space>
219	229	<194>	<space>
219	230	<195>	<space>
220	228	<space>	<space>
220	231	1	<space>
221	228	<183>	<space>
222	228	<151>	<space>
223	232	0	<space>
224	232	<space>	<space>
224	233	^	<space>
225	234	<epsilon>	<space>
225	233	<space>	<space>
226	234	<epsilon>	<space>
227	227	<space>	<epsilon>
227	228	*	<epsilon>
227	228	x	<epsilon>
227	229	<194>	<epsilon>
227	230	<195>	<epsilon>
228	228	<space>	<epsilon>
228	231	1	<epsilon>
229	228	<183>	<epsilon>
230	228	<151>	<epsilon>
231	232	0	<epsilon>
232	232	<space>	<epsilon>
232	233	^	<epsilon>
233	235	<epsilon>	"
233	233	<space>	<epsilon>
234	235	<epsilon>	"
235	238	-	-
235	236	0	0
235	237	1	1
235	237	2	2
235	237	3	3
235	237	4	4
235	237	5	5
235	237	6	6
235	237	7	7
235	237	8	8
235	237	9	9
236	239	<epsilon>	"
237	239	<epsilon>	"
237	242	<space>	<epsilon>
237	243	,	<epsilon>
237	244	.	<epsilon>
237	240	0	0
237	241	1	1
237	241	2	2
237	241	3	3
237	241	4	4
237	241	5	5
237	241	6	6
237	241	7	7
237	241	8	8
237	241	9	9
238	236	0	0
238	237	1	1
238	237	2	2
238	237	3	3
238	237	4	4
238	237	5	5
238	237	6	6
238	237	7	7
238	237	8	8
238	237	9	9
239	151	<epsilon>	<space>
240	239	<epsilon>	"
240	242	<space>	<epsilon>
240	243	,	<epsilon>
240	244	.	<epsilon>
240	245	0	0
240	246	1	1
240	246	2	2
240	246	3	3
240	246	4	4
240	246	5	5
240	246	6	6
240	246	7	7
240	246	8	8
240	246	9	9
241	239	<epsilon>	"
241	242	<space>	<epsilon>
241	243	,	<epsilon>
241	244	.	<epsilon>
241	245	0	0
241	247	1	1
241	247	2	2
241	247	3	3
241	247	4	4
241	247	5	5
241	247	6	6
241	247	7	7
241	247	8	8
241	247	9	9
242	249	,	<epsilon>
242	250	.	<epsilon>
242	248	0	0
242	248	1	1
242	248	2	2
242	248	3	3
242	248	4	4
242	248	5	5
242	248	6	6
242	248	7	7
242	248	8	8
242	248	9	9
243	252	<space>	<epsilon>
243	251	0	0
243	251	1	1
243	251	2	2
243	251	3	3
243	251	4	4
243	251	5	5
243	251	6	6
243	251	7	7
243	251	8	8
243	251	9	9
244	254	<space>	<epsilon>
244	253	0	0
244	253	1	1
244	253	2	2
244	253	3	3
244	253	4	4
244	253	5	5
244	253	6	6
244	253	7	7
244	253	8	8
244	253	9	9
245	239	<epsilon>	"
245	242	<space>	<epsilon>
245	243	,	<epsilon>
245	244	.	<epsilon>
245	255	0	0
245	256	1	1
245	256	2	2
245	256	3	3
245	256	4	4
245	256	5	5
245	256	6	6
245	256	7	7
245	256	8	8
245	256	9	9
246	239	<epsilon>	"
246	242	<space>	<epsilon>
246	257	,	<epsilon>
246	244	.	<epsilon>
246	256	0	0
246	256	1	1
246	256	2	2
246	256	3	3
246	256	4	4
246	256	5	5
246	256	6	6
246	256	7	7
246	256	8	8
246	256	9	9
247	239	<epsilon>	"
247	242	<space>	<epsilon>
247	243	,	<epsilon>
247	244	.	<epsilon>
247	255	0	0
247	255	1	1
247	255	2	2
247	255	3	3
247	255	4	4
247	255	5	5
247	255	6	6
247	255	7	7
247	255	8	8
247	255	9	9
248	258	0	0
248	258	1	1
248	258	2	2
248	258	3	3
248	258	4	4
248	258	5	5
248	258	6	6
248	258	7	7
248	258	8	8
248	258	9	9
249	260	<space>	<epsilon>
249	259	0	0
249	259	1	1
249	259	2	2
249	259	3	3
249	259	4	4
249	259	5	5
249	259	6	6
249	259	7	7
249	259	8	8
249	259	9	9
250	262	<space>	<epsilon>
250	261	0	0
250	261	1	1
250	261	2	2
250	261	3	3
250	261	4	4
250	261	5	5
250	261	6	6
250	261	7	7
250	261	8	8
250	261	9	9
251	263	0	0
251	263	1	1
251	263	2	2
251	263	3	3
251	263	4	4
251	263	5	5
251	263	6	6
251	263	7	7
251	263	8	8
251	263	9	9
252	264	0	0
253	265	0	0
253	265	1	1
253	265	2	2
253	265	3	3
253	265	4	4
253	265	5	5
253	265	6	6
253	265	7	7
253	265	8	8
253	265	9	9
254	266	0	0
254	266	1	1
254	266	2	2
254	266	3	3
254	266	4	4
254	266	5	5
254	266	6	6
254	266	7	7
254	266	8	8
254	266	9	9
255	239	<epsilon>	"
255	268	<space>	<epsilon>
255	243	,	<epsilon>
255	267	0	0
255	267	1	1
255	267	2	2
255	267	3	3
255	267	4	4
255	267	5	5
255	267	6	6
255	267	7	7
255	267	8	8
255	267	9	9
256	239	<epsilon>	"
256	268	<space>	<epsilon>
256	257	,	<epsilon>
256	267	0	0
256	267	1	1
256	267	2	2
256	267	3	3
256	267	4	4
256	267	5	5
256	267	6	6
256	267	7	7
256	267	8	8
256	267	9	9
257	251	0	0
257	251	1	1
257	251	2	2
257	251	3	3
257	251	4	4
257	251	5	5
257	251	6	6
257	251	7	7
257	251	8	8
257	251	9	9
258	269	0	0
258	269	1	1
258	269	2	2
258	269	3	3
258	269	4	4
258	269	5	5
258	269	6	6
258	269	7	7
258	269	8	8
258	269	9	9
259	270	0	0
259	270	1	1
259	270	2	2
259	270	3	3
259	270	4	4
259	270	5	5
259	270	6	6
259	270	7	7
259	270	8	8
259	270	9	9
260	271	0	0
260	271	1	1
260	271	2	2
260	271	3	3
260	271	4	4
260	271	5	5
260	271	6	6
260	271	7	7
260	271	8	8
260	271	9	9
261	272	0	0
261	272	1	1
261	272	2	2
261	272	3	3
261	272	4	4
261	272	5	5
261	272	6	6
261	272	7	7
261	272	8	8
261	272	9	9
262	273	0	0
262	273	1	1
262	273	2	2
262	273	3	3
262	273	4	4
262	273	5	5
262	273	6	6
262	273	7	7
262	273	8	8
262	273	9	9
263	274	0	0
263	274	1	1
263	274	2	2
263	274	3	3
263	274	4	4
263	274	5	5
263	274	6	6
263	274	7	7
263	274	8	8
263	274	9	9
264	275	0	0
265	276	0	0
265	276	1	1
265	276	2	2
265	276	3	3
265	276	4	4
265	276	5	5
265	276	6	6
265	276	7	7
265	276	8	8
265	276	9	9
266	277	0	0
266	277	1	1
266	277	2	2
266	277	3	3
266	277	4	4
266	277	5	5
266	277	6	6
266	277	7	7
266	277	8	8
266	277	9	9
267	239	<epsilon>	"
267	267	0	0
267	267	1	1
267	267	2	2
267	267	3	3
267	267	4	4
267	267	5	5
267	267	6	6
267	267	7	7
267	267	8	8
267	267	9	9
268	249	,	<epsilon>
269	239	<epsilon>	"
269	278	<space>	<epsilon>
270	279	0	0
270	279	1	1
270	279	2	2
270	279	3	3
270	279	4	4
270	279	5	5
270	279	6	6
270	279	7	7
270	279	8	8
270	279	9	9
271	280	0	0
271	280	1	1
271	280	2	2
271	280	3	3
271	280	4	4
271	280	5	5
271	280	6	6
271	280	7	7
271	280	8	8
271	280	9	9
272	281	0	0
272	281	1	1
272	281	2	2
272	281	3	3
272	281	4	4
272	281	5	5
272	281	6	6
272	281	7	7
272	281	8	8
272	281	9	9
273	282	0	0
273	282	1	1
273	282	2	2
273	282	3	3
273	282	4	4
273	282	5	5
273	282	6	6
273	282	7	7
273	282	8	8
273	282	9	9
274	239	<epsilon>	"
274	257	,	<epsilon>
275	283	0	0
276	284	.	<epsilon>
277	285	0	0
277	285	1	1
277	285	2	2
277	285	3	3
277	285	4	4
277	285	5	5
277	285	6	6
277	285	7	7
277	285	8	8
277	285	9	9
278	248	0	0
278	248	1	1
278	248	2	2
278	248	3	3
278	248	4	4
278	248	5	5
278	248	6	6
278	248	7	7
278	248	8	8
278	248	9	9
279	239	<epsilon>	"
279	286	<space>	<epsilon>
280	287	0	0
280	287	1	1
280	287	2	2
280	287	3	3
280	287	4	4
280	287	5	5
280	287	6	6
280	287	7	7
280	287	8	8
280	287	9	9
281	288	<space>	<epsilon>
282	289	0	0
282	289	1	1
282	289	2	2
282	289	3	3
282	289	4	4
282	289	5	5
282	289	6	6
282	289	7	7
282	289	8	8
282	289	9	9
283	239	<epsilon>	"
283	290	,	<epsilon>
284	291	0	0
284	291	1	1
284	291	2	2
284	291	3	3
284	291	4	4
284	291	5	5
284	291	6	6
284	291	7	7
284	291	8	8
284	291	9	9
285	292	.	<epsilon>
286	293	,	<epsilon>
287	239	<epsilon>	"
287	294	<space>	<epsilon>
288	295	.	<epsilon>
289	296	<space>	<epsilon>
290	252	<space>	<epsilon>
291	297	0	0
291	297	1	1
291	297	2	2
291	297	3	3
291	297	4	4
291	297	5	5
291	297	6	6
291	297	7	7
291	297	8	8
291	297	9	9
292	298	<space>	<epsilon>
293	259	0	0
293	259	1	1
293	259	2	2
293	259	3	3
293	259	4	4
293	259	5	5
293	259	6	6
293	259	7	7
293	259	8	8
293	259	9	9
294	299	,	<epsilon>
295	300	0	0
295	300	1	1
295	300	2	2
295	300	3	3
295	300	4	4
295	300	5	5
295	300	6	6
295	300	7	7
295	300	8	8
295	300	9	9
296	301	.	<epsilon>
297	302	0	0
297	302	1	1
297	302	2	2
297	302	3	3
297	302	4	4
297	302	5	5
297	302	6	6
297	302	7	7
297	302	8	8
297	302	9	9
298	303	0	0
298	303	1	1
298	303	2	2
298	303	3	3
298	303	4	4
298	303	5	5
298	303	6	6
298	303	7	7
298	303	8	8
298	303	9	9
299	260	<space>	<epsilon>
300	304	0	0
300	304	1	1
300	304	2	2
300	304	3	3
300	304	4	4
300	304	5	5
300	304	6	6
300	304	7	7
300	304	8	8
300	304	9	9
301	305	<space>	<epsilon>
302	239	<epsilon>	"
302	284	.	<epsilon>
303	306	0	0
303	306	1	1
303	306	2	2
303	306	3	3
303	306	4	4
303	306	5	5
303	306	6	6
303	306	7	7
303	306	8	8
303	306	9	9
304	307	0	0
304	307	1	1
304	307	2	2
304	307	3	3
304	307	4	4
304	307	5	5
304	307	6	6
304	307	7	7
304	307	8	8
304	307	9	9
305	308	0	0
305	308	1	1
305	308	2	2
305	308	3	3
305	308	4	4
305	308	5	5
305	308	6	6
305	308	7	7
305	308	8	8
305	308	9	9
306	309	0	0
306	309	1	1
306	309	2	2
306	309	3	3
306	309	4	4
306	309	5	5
306	309	6	6
306	309	7	7
306	309	8	8
306	309	9	9
307	239	<epsilon>	"
307	288	<space>	<epsilon>
308	310	0	0
308	310	1	1
308	310	2	2
308	310	3	3
308	310	4	4
308	310	5	5
308	310	6	6
308	310	7	7
308	310	8	8
308	310	9	9
309	239	<epsilon>	"
309	292	.	<epsilon>
310	311	0	0
310	311	1	1
310	311	2	2
310	311	3	3
310	311	4	4
310	311	5	5
310	311	6	6
310	311	7	7
310	311	8	8
310	311	9	9
311	239	<epsilon>	"
311	296	<space>	<epsilon>
