0	1	<epsilon>	d
1	2	<epsilon>	e
2	3	<epsilon>	c
3	4	<epsilon>	i
4	5	<epsilon>	m
5	6	<epsilon>	a
6	7	<epsilon>	l
7	8	<epsilon>	<space>
8	9	<epsilon>	{
9	10	<epsilon>	<space>
10	11	<epsilon>	i
10	13	-	n
10	12	.	<epsilon>
11	14	<epsilon>	n
12	15	<epsilon>	f
13	16	<epsilon>	e
14	17	<epsilon>	t
15	18	<epsilon>	r
16	19	<epsilon>	g
17	20	<epsilon>	e
18	21	<epsilon>	a
19	22	<epsilon>	a
20	23	<epsilon>	g
21	24	<epsilon>	c
22	25	<epsilon>	t
23	26	<epsilon>	e
24	27	<epsilon>	t
25	28	<epsilon>	i
26	29	<epsilon>	r
27	30	<epsilon>	i
28	31	<epsilon>	v
29	32	<epsilon>	_
30	33	<epsilon>	o
31	34	<epsilon>	e
32	35	<epsilon>	p
33	36	<epsilon>	n
34	37	<epsilon>	:
35	38	<epsilon>	a
36	39	<epsilon>	a
37	40	<epsilon>	<space>
38	41	<epsilon>	r
39	42	<epsilon>	l
40	43	<epsilon>	t
41	44	<epsilon>	t
42	45	<epsilon>	_
43	46	<epsilon>	r
44	47	<epsilon>	:
45	48	<epsilon>	p
46	49	<epsilon>	u
47	50	<epsilon>	<space>
48	51	<epsilon>	a
49	52	<epsilon>	e
50	53	<epsilon>	"
51	54	<epsilon>	r
52	55	<epsilon>	<space>
53	56	0	0
53	57	1	1
53	57	2	2
53	57	3	3
53	57	4	4
53	57	5	5
53	57	6	6
53	57	7	7
53	57	8	8
53	57	9	9
54	58	<epsilon>	t
55	11	<epsilon>	i
55	12	.	<epsilon>
56	59	<epsilon>	"
57	59	<epsilon>	"
57	62	<space>	<epsilon>
57	63	,	<epsilon>
57	60	0	0
57	61	1	1
57	61	2	2
57	61	3	3
57	61	4	4
57	61	5	5
57	61	6	6
57	61	7	7
57	61	8	8
57	61	9	9
58	64	<epsilon>	:
59	65	<epsilon>	<space>
60	59	<epsilon>	"
60	62	<space>	<epsilon>
60	63	,	<epsilon>
60	66	0	0
60	67	1	1
60	67	2	2
60	67	3	3
60	67	4	4
60	67	5	5
60	67	6	6
60	67	7	7
60	67	8	8
60	67	9	9
61	59	<epsilon>	"
61	62	<space>	<epsilon>
61	63	,	<epsilon>
61	66	0	0
61	68	1	1
61	68	2	2
61	68	3	3
61	68	4	4
61	68	5	5
61	68	6	6
61	68	7	7
61	68	8	8
61	68	9	9
62	70	,	<epsilon>
62	69	0	0
62	69	1	1
62	69	2	2
62	69	3	3
62	69	4	4
62	69	5	5
62	69	6	6
62	69	7	7
62	69	8	8
62	69	9	9
63	72	<space>	<epsilon>
63	71	0	0
63	71	1	1
63	71	2	2
63	71	3	3
63	71	4	4
63	71	5	5
63	71	6	6
63	71	7	7
63	71	8	8
63	71	9	9
64	73	<epsilon>	<space>
65	75	<epsilon>	q
65	74	.	<epsilon>
66	59	<epsilon>	"
66	62	<space>	<epsilon>
66	63	,	<epsilon>
66	76	0	0
66	77	1	1
66	77	2	2
66	77	3	3
66	77	4	4
66	77	5	5
66	77	6	6
66	77	7	7
66	77	8	8
66	77	9	9
67	59	<epsilon>	"
67	62	<space>	<epsilon>
67	78	,	<epsilon>
67	77	0	0
67	77	1	1
67	77	2	2
67	77	3	3
67	77	4	4
67	77	5	5
67	77	6	6
67	77	7	7
67	77	8	8
67	77	9	9
68	59	<epsilon>	"
68	62	<space>	<epsilon>
68	63	,	<epsilon>
68	76	0	0
68	76	1	1
68	76	2	2
68	76	3	3
68	76	4	4
68	76	5	5
68	76	6	6
68	76	7	7
68	76	8	8
68	76	9	9
69	79	0	0
69	79	1	1
69	79	2	2
69	79	3	3
69	79	4	4
69	79	5	5
69	79	6	6
69	79	7	7
69	79	8	8
69	79	9	9
70	81	<space>	<epsilon>
70	80	0	0
70	80	1	1
70	80	2	2
70	80	3	3
70	80	4	4
70	80	5	5
70	80	6	6
70	80	7	7
70	80	8	8
70	80	9	9
71	82	0	0
71	82	1	1
71	82	2	2
71	82	3	3
71	82	4	4
71	82	5	5
71	82	6	6
71	82	7	7
71	82	8	8
71	82	9	9
72	83	0	0
73	84	<epsilon>	"
74	85	<epsilon>	f
75	86	<epsilon>	u
76	59	<epsilon>	"
76	88	<space>	<epsilon>
76	63	,	<epsilon>
76	87	0	0
76	87	1	1
76	87	2	2
76	87	3	3
76	87	4	4
76	87	5	5
76	87	6	6
76	87	7	7
76	87	8	8
76	87	9	9
77	59	<epsilon>	"
77	88	<space>	<epsilon>
77	78	,	<epsilon>
77	87	0	0
77	87	1	1
77	87	2	2
77	87	3	3
77	87	4	4
77	87	5	5
77	87	6	6
77	87	7	7
77	87	8	8
77	87	9	9
78	71	0	0
78	71	1	1
78	71	2	2
78	71	3	3
78	71	4	4
78	71	5	5
78	71	6	6
78	71	7	7
78	71	8	8
78	71	9	9
79	89	0	0
79	89	1	1
79	89	2	2
79	89	3	3
79	89	4	4
79	89	5	5
79	89	6	6
79	89	7	7
79	89	8	8
79	89	9	9
80	90	0	0
80	90	1	1
80	90	2	2
80	90	3	3
80	90	4	4
80	90	5	5
80	90	6	6
80	90	7	7
80	90	8	8
80	90	9	9
81	91	0	0
81	91	1	1
81	91	2	2
81	91	3	3
81	91	4	4
81	91	5	5
81	91	6	6
81	91	7	7
81	91	8	8
81	91	9	9
82	92	0	0
82	92	1	1
82	92	2	2
82	92	3	3
82	92	4	4
82	92	5	5
82	92	6	6
82	92	7	7
82	92	8	8
82	92	9	9
83	93	0	0
84	94	0	0
84	94	1	1
84	94	2	2
84	94	3	3
84	94	4	4
84	94	5	5
84	94	6	6
84	94	7	7
84	94	8	8
84	94	9	9
85	95	<epsilon>	r
86	96	<epsilon>	a
87	59	<epsilon>	"
87	87	0	0
87	87	1	1
87	87	2	2
87	87	3	3
87	87	4	4
87	87	5	5
87	87	6	6
87	87	7	7
87	87	8	8
87	87	9	9
88	70	,	<epsilon>
89	59	<epsilon>	"
89	97	<space>	<epsilon>
90	98	0	0
90	98	1	1
90	98	2	2
90	98	3	3
90	98	4	4
90	98	5	5
90	98	6	6
90	98	7	7
90	98	8	8
90	98	9	9
91	99	0	0
91	99	1	1
91	99	2	2
91	99	3	3
91	99	4	4
91	99	5	5
91	99	6	6
91	99	7	7
91	99	8	8
91	99	9	9
92	59	<epsilon>	"
92	78	,	<epsilon>
93	100	0	0
94	101	<epsilon>	"
94	94	0	0
94	94	1	1
94	94	2	2
94	94	3	3
94	94	4	4
94	94	5	5
94	94	6	6
94	94	7	7
94	94	8	8
94	94	9	9
95	102	<epsilon>	a
96	103	<epsilon>	n
97	69	0	0
97	69	1	1
97	69	2	2
97	69	3	3
97	69	4	4
97	69	5	5
97	69	6	6
97	69	7	7
97	69	8	8
97	69	9	9
98	59	<epsilon>	"
98	104	<space>	<epsilon>
99	105	0	0
99	105	1	1
99	105	2	2
99	105	3	3
99	105	4	4
99	105	5	5
99	105	6	6
99	105	7	7
99	105	8	8
99	105	9	9
100	59	<epsilon>	"
100	106	,	<epsilon>
101	107	<epsilon>	<space>	20
101	108	<space>	<space>	20
101	109	*	<space>	20
101	110	E	<space>	20
101	110	e	<space>	20
101	109	x	<space>	20
101	111	<194>	<space>	20
101	112	<195>	<space>	20
102	113	<epsilon>	c
103	114	<epsilon>	t
104	115	,	<epsilon>
105	59	<epsilon>	"
105	116	<space>	<epsilon>
106	72	<space>	<epsilon>
107	117	<epsilon>	}
108	118	<space>	e
108	119	*	e
108	119	x	e
108	120	<194>	e
108	121	<195>	e
109	119	<space>	e
109	122	1	e
110	123	<epsilon>	e
111	119	<183>	e
112	119	<151>	e
113	124	<epsilon>	t
114	125	<epsilon>	i
115	80	0	0
115	80	1	1
115	80	2	2
115	80	3	3
115	80	4	4
115	80	5	5
115	80	6	6
115	80	7	7
115	80	8	8
115	80	9	9
116	126	,	<epsilon>
117
118	127	<space>	x
118	128	*	x
118	128	x	x
118	129	<194>	x
118	130	<195>	x
119	128	<space>	x
119	131	1	x
120	128	<183>	x
121	128	<151>	x
122	132	0	x
123	133	<epsilon>	x
124	134	<epsilon>	i
125	135	<epsilon>	t
126	81	<space>	<epsilon>
127	136	<space>	p
127	137	*	p
127	137	x	p
127	138	<194>	p
127	139	<195>	p
128	137	<space>	p
128	140	1	p
129	137	<183>	p
130	137	<151>	p
131	141	0	p
132	141	<space>	p
132	142	^	p
133	143	<epsilon>	p
134	144	<epsilon>	o
135	145	<epsilon>	y
136	146	<space>	o
136	147	*	o
136	147	x	o
136	148	<194>	o
136	149	<195>	o
137	147	<space>	o
137	150	1	o
138	147	<183>	o
139	147	<151>	o
140	151	0	o
141	151	<space>	o
141	152	^	o
142	153	<epsilon>	o
142	152	<space>	o
143	153	<epsilon>	o
144	154	<epsilon>	n
145	155	<epsilon>	:
146	156	<space>	n
146	157	*	n
146	157	x	n
146	158	<194>	n
146	159	<195>	n
147	157	<space>	n
147	160	1	n
148	157	<183>	n
149	157	<151>	n
150	161	0	n
151	161	<space>	n
151	162	^	n
152	163	<epsilon>	n
152	162	<space>	n
153	163	<epsilon>	n
154	164	<epsilon>	a
155	165	<epsilon>	<space>
155	166	<space>	<space>
156	167	<space>	e
156	168	*	e
156	168	x	e
156	169	<194>	e
156	170	<195>	e
157	168	<space>	e
157	171	1	e
158	168	<183>	e
159	168	<151>	e
160	172	0	e
161	172	<space>	e
161	173	^	e
162	174	<epsilon>	e
162	173	<space>	e
163	174	<epsilon>	e
164	175	<epsilon>	l
165	176	<epsilon>	"
166	176	<epsilon>	"
166	166	<space>	<epsilon>
167	177	<space>	n
167	178	*	n
167	178	x	n
167	179	<194>	n
167	180	<195>	n
168	178	<space>	n
168	181	1	n
169	178	<183>	n
170	178	<151>	n
171	182	0	n
172	182	<space>	n
172	183	^	n
173	184	<epsilon>	n
173	183	<space>	n
174	184	<epsilon>	n
175	185	<epsilon>	_
176	186	b	b
176	186	m	m
176	187	q	q
176	188	t	t
177	189	<space>	t
177	190	*	t
177	190	x	t
177	191	<194>	t
177	192	<195>	t
178	190	<space>	t
178	193	1	t
179	190	<183>	t
180	190	<151>	t
181	194	0	t
182	194	<space>	t
182	195	^	t
183	196	<epsilon>	t
183	195	<space>	t
184	196	<epsilon>	t
185	197	<epsilon>	p
186	198	i	i
187	199	u	u
188	200	h	h
188	186	r	r
189	201	<space>	:
189	202	*	:
189	202	x	:
189	203	<194>	:
189	204	<195>	:
190	202	<space>	:
190	205	1	:
191	202	<183>	:
192	202	<151>	:
193	206	0	:
194	206	<space>	:
194	207	^	:
195	208	<epsilon>	:
195	207	<space>	:
196	208	<epsilon>	:
197	209	<epsilon>	a
198	210	l	l
199	211	a	a
200	212	o	o
201	213	<space>	<space>
201	214	*	<space>
201	214	x	<space>
201	215	<194>	<space>
201	216	<195>	<space>
202	214	<space>	<space>
202	217	1	<space>
203	214	<183>	<space>
204	214	<151>	<space>
205	218	0	<space>
206	218	<space>	<space>
206	219	^	<space>
207	220	<epsilon>	<space>
207	219	<space>	<space>
208	220	<epsilon>	<space>
209	221	<epsilon>	r
210	222	l	l
211	223	d	d
212	224	u	u
213	213	<space>	<epsilon>
213	214	*	<epsilon>
213	214	x	<epsilon>
213	215	<194>	<epsilon>
213	216	<195>	<epsilon>
214	214	<space>	<epsilon>
214	217	1	<epsilon>
215	214	<183>	<epsilon>
216	214	<151>	<epsilon>
217	218	0	<epsilon>
218	218	<space>	<epsilon>
218	219	^	<epsilon>
219	225	<epsilon>	"
219	219	<space>	<epsilon>
220	225	<epsilon>	"
221	226	<epsilon>	t
222	227	i	i
223	186	r	r
224	228	s	s
225	231	-	-
225	229	0	0
225	230	1	1
225	230	2	2
225	230	3	3
225	230	4	4
225	230	5	5
225	230	6	6
225	230	7	7
225	230	8	8
225	230	9	9
226	232	<epsilon>	:
227	233	o	o
228	234	a	a
229	235	<epsilon>	"
230	235	<epsilon>	"
230	238	<space>	<epsilon>
230	239	,	<epsilon>
230	236	0	0
230	237	1	1
230	237	2	2
230	237	3	3
230	237	4	4
230	237	5	5
230	237	6	6
230	237	7	7
230	237	8	8
230	237	9	9
231	229	0	0
231	230	1	1
231	230	2	2
231	230	3	3
231	230	4	4
231	230	5	5
231	230	6	6
231	230	7	7
231	230	8	8
231	230	9	9
232	240	<epsilon>	<space>
233	241	n	n
234	242	n	n
235	107	<epsilon>	<space>
236	235	<epsilon>	"
236	238	<space>	<epsilon>
236	239	,	<epsilon>
236	243	0	0
236	244	1	1
236	244	2	2
236	244	3	3
236	244	4	4
236	244	5	5
236	244	6	6
236	244	7	7
236	244	8	8
236	244	9	9
237	235	<epsilon>	"
237	238	<space>	<epsilon>
237	239	,	<epsilon>
237	243	0	0
237	245	1	1
237	245	2	2
237	245	3	3
237	245	4	4
237	245	5	5
237	245	6	6
237	245	7	7
237	245	8	8
237	245	9	9
238	247	,	<epsilon>
238	246	0	0
238	246	1	1
238	246	2	2
238	246	3	3
238	246	4	4
238	246	5	5
238	246	6	6
238	246	7	7
238	246	8	8
238	246	9	9
239	249	<space>	<epsilon>
239	248	0	0
239	248	1	1
239	248	2	2
239	248	3	3
239	248	4	4
239	248	5	5
239	248	6	6
239	248	7	7
239	248	8	8
239	248	9	9
240	250	<epsilon>	"
241	251	<epsilon>	"
242	241	d	d
243	235	<epsilon>	"
243	238	<space>	<epsilon>
243	239	,	<epsilon>
243	252	0	0
243	253	1	1
243	253	2	2
243	253	3	3
243	253	4	4
243	253	5	5
243	253	6	6
243	253	7	7
243	253	8	8
243	253	9	9
244	235	<epsilon>	"
244	238	<space>	<epsilon>
244	254	,	<epsilon>
244	253	0	0
244	253	1	1
244	253	2	2
244	253	3	3
244	253	4	4
244	253	5	5
244	253	6	6
244	253	7	7
244	253	8	8
244	253	9	9
245	235	<epsilon>	"
245	238	<space>	<epsilon>
245	239	,	<epsilon>
245	252	0	0
245	252	1	1
245	252	2	2
245	252	3	3
245	252	4	4
245	252	5	5
245	252	6	6
245	252	7	7
245	252	8	8
245	252	9	9
246	255	0	0
246	255	1	1
246	255	2	2
246	255	3	3
246	255	4	4
246	255	5	5
246	255	6	6
246	255	7	7
246	255	8	8
246	255	9	9
247	257	<space>	<epsilon>
247	256	0	0
247	256	1	1
247	256	2	2
247	256	3	3
247	256	4	4
247	256	5	5
247	256	6	6
247	256	7	7
247	256	8	8
247	256	9	9
248	258	0	0
248	258	1	1
248	258	2	2
248	258	3	3
248	258	4	4
248	258	5	5
248	258	6	6
248	258	7	7
248	258	8	8
248	258	9	9
249	259	0	0
250	260	0	0
250	260	1	1
250	260	2	2
250	260	3	3
250	260	4	4
250	260	5	5
250	260	6	6
250	260	7	7
250	260	8	8
250	260	9	9
251	107	<epsilon>	<space>
251	108	<space>	<space>
251	109	*	<space>
251	110	E	<space>
251	110	e	<space>
251	109	x	<space>
251	111	<194>	<space>
251	112	<195>	<space>
252	235	<epsilon>	"
252	262	<space>	<epsilon>
252	239	,	<epsilon>
252	261	0	0
252	261	1	1
252	261	2	2
252	261	3	3
252	261	4	4
252	261	5	5
252	261	6	6
252	261	7	7
252	261	8	8
252	261	9	9
253	235	<epsilon>	"
253	262	<space>	<epsilon>
253	254	,	<epsilon>
253	261	0	0
253	261	1	1
253	261	2	2
253	261	3	3
253	261	4	4
253	261	5	5
253	261	6	6
253	261	7	7
253	261	8	8
253	261	9	9
254	248	0	0
254	248	1	1
254	248	2	2
254	248	3	3
254	248	4	4
254	248	5	5
254	248	6	6
254	248	7	7
254	248	8	8
254	248	9	9
255	263	0	0
255	263	1	1
255	263	2	2
255	263	3	3
255	263	4	4
255	263	5	5
255	263	6	6
255	263	7	7
255	263	8	8
255	263	9	9
256	264	0	0
256	264	1	1
256	264	2	2
256	264	3	3
256	264	4	4
256	264	5	5
256	264	6	6
256	264	7	7
256	264	8	8
256	264	9	9
257	265	0	0
257	265	1	1
257	265	2	2
257	265	3	3
257	265	4	4
257	265	5	5
257	265	6	6
257	265	7	7
257	265	8	8
257	265	9	9
258	266	0	0
258	266	1	1
258	266	2	2
258	266	3	3
258	266	4	4
258	266	5	5
258	266	6	6
258	266	7	7
258	266	8	8
258	266	9	9
259	267	0	0
260	268	<epsilon>	"
260	260	0	0
260	260	1	1
260	260	2	2
260	260	3	3
260	260	4	4
260	260	5	5
260	260	6	6
260	260	7	7
260	260	8	8
260	260	9	9
261	235	<epsilon>	"
261	261	0	0
261	261	1	1
261	261	2	2
261	261	3	3
261	261	4	4
261	261	5	5
261	261	6	6
261	261	7	7
261	261	8	8
261	261	9	9
262	247	,	<epsilon>
263	235	<epsilon>	"
263	269	<space>	<epsilon>
264	270	0	0
264	270	1	1
264	270	2	2
264	270	3	3
264	270	4	4
264	270	5	5
264	270	6	6
264	270	7	7
264	270	8	8
264	270	9	9
265	271	0	0
265	271	1	1
265	271	2	2
265	271	3	3
265	271	4	4
265	271	5	5
265	271	6	6
265	271	7	7
265	271	8	8
265	271	9	9
266	235	<epsilon>	"
266	254	,	<epsilon>
267	272	0	0
268	107	<epsilon>	<space>
268	75	<epsilon>	q
268	108	<space>	<space>
268	109	*	<space>
268	110	E	<space>
268	110	e	<space>
268	109	x	<space>
268	111	<194>	<space>
268	112	<195>	<space>
269	246	0	0
269	246	1	1
269	246	2	2
269	246	3	3
269	246	4	4
269	246	5	5
269	246	6	6
269	246	7	7
269	246	8	8
269	246	9	9
270	235	<epsilon>	"
270	273	<space>	<epsilon>
271	274	0	0
271	274	1	1
271	274	2	2
271	274	3	3
271	274	4	4
271	274	5	5
271	274	6	6
271	274	7	7
271	274	8	8
271	274	9	9
272	235	<epsilon>	"
272	275	,	<epsilon>
273	276	,	<epsilon>
274	235	<epsilon>	"
274	277	<space>	<epsilon>
275	249	<space>	<epsilon>
276	256	0	0
276	256	1	1
276	256	2	2
276	256	3	3
276	256	4	4
276	256	5	5
276	256	6	6
276	256	7	7
276	256	8	8
276	256	9	9
277	278	,	<epsilon>
278	257	<space>	<epsilon>
