0	1	<epsilon>	d
1	2	<epsilon>	e
2	3	<epsilon>	c
3	4	<epsilon>	i
4	5	<epsilon>	m
5	6	<epsilon>	a
6	7	<epsilon>	l
7	8	<epsilon>	<space>
8	9	<epsilon>	{
9	10	<epsilon>	<space>
10	11	<epsilon>	i
10	12	-	n
11	13	<epsilon>	n
12	14	<epsilon>	e
13	15	<epsilon>	t
14	16	<epsilon>	g
15	17	<epsilon>	e
16	18	<epsilon>	a
17	19	<epsilon>	g
18	20	<epsilon>	t
19	21	<epsilon>	e
20	22	<epsilon>	i
21	23	<epsilon>	r
22	24	<epsilon>	v
23	25	<epsilon>	_
24	26	<epsilon>	e
25	27	<epsilon>	p
26	28	<epsilon>	:
27	29	<epsilon>	a
28	30	<epsilon>	<space>
29	31	<epsilon>	r
30	32	<epsilon>	t
31	33	<epsilon>	t
32	34	<epsilon>	r
33	35	<epsilon>	:
34	36	<epsilon>	u
35	37	<epsilon>	<space>
36	38	<epsilon>	e
37	39	<epsilon>	"
38	40	<epsilon>	<space>
39	41	0	0
39	42	1	1
39	42	2	2
39	42	3	3
39	42	4	4
39	42	5	5
39	42	6	6
39	42	7	7
39	42	8	8
39	42	9	9
40	11	<epsilon>	i
41	43	<epsilon>	"
42	43	<epsilon>	"
42	46	<space>	<epsilon>
42	47	.	<epsilon>
42	44	0	0
42	45	1	1
42	45	2	2
42	45	3	3
42	45	4	4
42	45	5	5
42	45	6	6
42	45	7	7
42	45	8	8
42	45	9	9
43	48	<epsilon>	<space>
44	43	<epsilon>	"
44	46	<space>	<epsilon>
44	47	.	<epsilon>
44	49	0	0
44	50	1	1
44	50	2	2
44	50	3	3
44	50	4	4
44	50	5	5
44	50	6	6
44	50	7	7
44	50	8	8
44	50	9	9
45	43	<epsilon>	"
45	46	<space>	<epsilon>
45	47	.	<epsilon>
45	49	0	0
45	51	1	1
45	51	2	2
45	51	3	3
45	51	4	4
45	51	5	5
45	51	6	6
45	51	7	7
45	51	8	8
45	51	9	9
46	53	.	<epsilon>
46	52	0	0
46	52	1	1
46	52	2	2
46	52	3	3
46	52	4	4
46	52	5	5
46	52	6	6
46	52	7	7
46	52	8	8
46	52	9	9
47	55	<space>	<epsilon>
47	54	0	0
47	54	1	1
47	54	2	2
47	54	3	3
47	54	4	4
47	54	5	5
47	54	6	6
47	54	7	7
47	54	8	8
47	54	9	9
48	56	,	<epsilon>
49	43	<epsilon>	"
49	46	<space>	<epsilon>
49	47	.	<epsilon>
49	57	0	0
49	58	1	1
49	58	2	2
49	58	3	3
49	58	4	4
49	58	5	5
49	58	6	6
49	58	7	7
49	58	8	8
49	58	9	9
50	43	<epsilon>	"
50	46	<space>	<epsilon>
50	59	.	<epsilon>
50	58	0	0
50	58	1	1
50	58	2	2
50	58	3	3
50	58	4	4
50	58	5	5
50	58	6	6
50	58	7	7
50	58	8	8
50	58	9	9
51	43	<epsilon>	"
51	46	<space>	<epsilon>
51	47	.	<epsilon>
51	57	0	0
51	57	1	1
51	57	2	2
51	57	3	3
51	57	4	4
51	57	5	5
51	57	6	6
51	57	7	7
51	57	8	8
51	57	9	9
52	60	0	0
52	60	1	1
52	60	2	2
52	60	3	3
52	60	4	4
52	60	5	5
52	60	6	6
52	60	7	7
52	60	8	8
52	60	9	9
53	62	<space>	<epsilon>
53	61	0	0
53	61	1	1
53	61	2	2
53	61	3	3
53	61	4	4
53	61	5	5
53	61	6	6
53	61	7	7
53	61	8	8
53	61	9	9
54	63	0	0
54	63	1	1
54	63	2	2
54	63	3	3
54	63	4	4
54	63	5	5
54	63	6	6
54	63	7	7
54	63	8	8
54	63	9	9
55	64	0	0
56	65	<epsilon>	f
57	43	<epsilon>	"
57	67	<space>	<epsilon>
57	47	.	<epsilon>
57	66	0	0
57	66	1	1
57	66	2	2
57	66	3	3
57	66	4	4
57	66	5	5
57	66	6	6
57	66	7	7
57	66	8	8
57	66	9	9
58	43	<epsilon>	"
58	67	<space>	<epsilon>
58	59	.	<epsilon>
58	66	0	0
58	66	1	1
58	66	2	2
58	66	3	3
58	66	4	4
58	66	5	5
58	66	6	6
58	66	7	7
58	66	8	8
58	66	9	9
59	54	0	0
59	54	1	1
59	54	2	2
59	54	3	3
59	54	4	4
59	54	5	5
59	54	6	6
59	54	7	7
59	54	8	8
59	54	9	9
60	68	0	0
60	68	1	1
60	68	2	2
60	68	3	3
60	68	4	4
60	68	5	5
60	68	6	6
60	68	7	7
60	68	8	8
60	68	9	9
61	69	0	0
61	69	1	1
61	69	2	2
61	69	3	3
61	69	4	4
61	69	5	5
61	69	6	6
61	69	7	7
61	69	8	8
61	69	9	9
62	70	0	0
62	70	1	1
62	70	2	2
62	70	3	3
62	70	4	4
62	70	5	5
62	70	6	6
62	70	7	7
62	70	8	8
62	70	9	9
63	71	0	0
63	71	1	1
63	71	2	2
63	71	3	3
63	71	4	4
63	71	5	5
63	71	6	6
63	71	7	7
63	71	8	8
63	71	9	9
64	72	0	0
65	73	<epsilon>	r
66	43	<epsilon>	"
66	66	0	0
66	66	1	1
66	66	2	2
66	66	3	3
66	66	4	4
66	66	5	5
66	66	6	6
66	66	7	7
66	66	8	8
66	66	9	9
67	53	.	<epsilon>
68	43	<epsilon>	"
68	74	<space>	<epsilon>
69	75	0	0
69	75	1	1
69	75	2	2
69	75	3	3
69	75	4	4
69	75	5	5
69	75	6	6
69	75	7	7
69	75	8	8
69	75	9	9
70	76	0	0
70	76	1	1
70	76	2	2
70	76	3	3
70	76	4	4
70	76	5	5
70	76	6	6
70	76	7	7
70	76	8	8
70	76	9	9
71	43	<epsilon>	"
71	59	.	<epsilon>
72	77	0	0
73	78	<epsilon>	a
74	52	0	0
74	52	1	1
74	52	2	2
74	52	3	3
74	52	4	4
74	52	5	5
74	52	6	6
74	52	7	7
74	52	8	8
74	52	9	9
75	43	<epsilon>	"
75	79	<space>	<epsilon>
76	80	0	0
76	80	1	1
76	80	2	2
76	80	3	3
76	80	4	4
76	80	5	5
76	80	6	6
76	80	7	7
76	80	8	8
76	80	9	9
77	43	<epsilon>	"
77	81	.	<epsilon>
78	82	<epsilon>	c
79	83	.	<epsilon>
80	43	<epsilon>	"
80	84	<space>	<epsilon>
81	55	<space>	<epsilon>
82	85	<epsilon>	t
83	61	0	0
83	61	1	1
83	61	2	2
83	61	3	3
83	61	4	4
83	61	5	5
83	61	6	6
83	61	7	7
83	61	8	8
83	61	9	9
84	86	.	<epsilon>
85	87	<epsilon>	i
86	62	<space>	<epsilon>
87	88	<epsilon>	o
88	89	<epsilon>	n
89	90	<epsilon>	a
90	91	<epsilon>	l
91	92	<epsilon>	_
92	93	<epsilon>	p
93	94	<epsilon>	a
94	95	<epsilon>	r
95	96	<epsilon>	t
96	97	<epsilon>	:
97	98	<epsilon>	<space>
98	99	<epsilon>	"
99	100	0	0
99	100	1	1
99	100	2	2
99	100	3	3
99	100	4	4
99	100	5	5
99	100	6	6
99	100	7	7
99	100	8	8
99	100	9	9
100	101	<epsilon>	"
100	100	0	0
100	100	1	1
100	100	2	2
100	100	3	3
100	100	4	4
100	100	5	5
100	100	6	6
100	100	7	7
100	100	8	8
100	100	9	9
101	102	<epsilon>	<space>
101	103	<space>	<space>
101	104	*	<space>
101	105	E	<space>
101	105	e	<space>
101	104	x	<space>
101	106	<194>	<space>
101	107	<195>	<space>
102	108	<epsilon>	}
103	109	<space>	e
103	110	*	e
103	110	x	e
103	111	<194>	e
103	112	<195>	e
104	110	<space>	e
104	113	1	e
105	114	<epsilon>	e
106	110	<183>	e
107	110	<151>	e
108
109	115	<space>	x
109	116	*	x
109	116	x	x
109	117	<194>	x
109	118	<195>	x
110	116	<space>	x
110	119	1	x
111	116	<183>	x
112	116	<151>	x
113	120	0	x
114	121	<epsilon>	x
115	122	<space>	p
115	123	*	p
115	123	x	p
115	124	<194>	p
115	125	<195>	p
116	123	<space>	p
116	126	1	p
117	123	<183>	p
118	123	<151>	p
119	127	0	p
120	127	<space>	p
120	128	^	p
121	129	<epsilon>	p
122	130	<space>	o
122	131	*	o
122	131	x	o
122	132	<194>	o
122	133	<195>	o
123	131	<space>	o
123	134	1	o
124	131	<183>	o
125	131	<151>	o
126	135	0	o
127	135	<space>	o
127	136	^	o
128	137	<epsilon>	o
128	136	<space>	o
129	137	<epsilon>	o
130	138	<space>	n
130	139	*	n
130	139	x	n
130	140	<194>	n
130	141	<195>	n
131	139	<space>	n
131	142	1	n
132	139	<183>	n
133	139	<151>	n
134	143	0	n
135	143	<space>	n
135	144	^	n
136	145	<epsilon>	n
136	144	<space>	n
137	145	<epsilon>	n
138	146	<space>	e
138	147	*	e
138	147	x	e
138	148	<194>	e
138	149	<195>	e
139	147	<space>	e
139	150	1	e
140	147	<183>	e
141	147	<151>	e
142	151	0	e
143	151	<space>	e
143	152	^	e
144	153	<epsilon>	e
144	152	<space>	e
145	153	<epsilon>	e
146	154	<space>	n
146	155	*	n
146	155	x	n
146	156	<194>	n
146	157	<195>	n
147	155	<space>	n
147	158	1	n
148	155	<183>	n
149	155	<151>	n
150	159	0	n
151	159	<space>	n
151	160	^	n
152	161	<epsilon>	n
152	160	<space>	n
153	161	<epsilon>	n
154	162	<space>	t
154	163	*	t
154	163	x	t
154	164	<194>	t
154	165	<195>	t
155	163	<space>	t
155	166	1	t
156	163	<183>	t
157	163	<151>	t
158	167	0	t
159	167	<space>	t
159	168	^	t
160	169	<epsilon>	t
160	168	<space>	t
161	169	<epsilon>	t
162	170	<space>	:
162	171	*	:
162	171	x	:
162	172	<194>	:
162	173	<195>	:
163	171	<space>	:
163	174	1	:
164	171	<183>	:
165	171	<151>	:
166	175	0	:
167	175	<space>	:
167	176	^	:
168	177	<epsilon>	:
168	176	<space>	:
169	177	<epsilon>	:
170	178	<space>	<space>
170	179	*	<space>
170	179	x	<space>
170	180	<194>	<space>
170	181	<195>	<space>
171	179	<space>	<space>
171	182	1	<space>
172	179	<183>	<space>
173	179	<151>	<space>
174	183	0	<space>
175	183	<space>	<space>
175	184	^	<space>
176	185	<epsilon>	<space>
176	184	<space>	<space>
177	185	<epsilon>	<space>
178	178	<space>	<epsilon>
178	179	*	<epsilon>
178	179	x	<epsilon>
178	180	<194>	<epsilon>
178	181	<195>	<epsilon>
179	179	<space>	<epsilon>
179	182	1	<epsilon>
180	179	<183>	<epsilon>
181	179	<151>	<epsilon>
182	183	0	<epsilon>
183	183	<space>	<epsilon>
183	184	^	<epsilon>
184	186	<epsilon>	"
184	184	<space>	<epsilon>
185	186	<epsilon>	"
186	189	-	-
186	187	0	0
186	188	1	1
186	188	2	2
186	188	3	3
186	188	4	4
186	188	5	5
186	188	6	6
186	188	7	7
186	188	8	8
186	188	9	9
187	190	<epsilon>	"
188	190	<epsilon>	"
188	193	<space>	<epsilon>
188	194	.	<epsilon>
188	191	0	0
188	192	1	1
188	192	2	2
188	192	3	3
188	192	4	4
188	192	5	5
188	192	6	6
188	192	7	7
188	192	8	8
188	192	9	9
189	187	0	0
189	188	1	1
189	188	2	2
189	188	3	3
189	188	4	4
189	188	5	5
189	188	6	6
189	188	7	7
189	188	8	8
189	188	9	9
190	102	<epsilon>	<space>
191	190	<epsilon>	"
191	193	<space>	<epsilon>
191	194	.	<epsilon>
191	195	0	0
191	196	1	1
191	196	2	2
191	196	3	3
191	196	4	4
191	196	5	5
191	196	6	6
191	196	7	7
191	196	8	8
191	196	9	9
192	190	<epsilon>	"
192	193	<space>	<epsilon>
192	194	.	<epsilon>
192	195	0	0
192	197	1	1
192	197	2	2
192	197	3	3
192	197	4	4
192	197	5	5
192	197	6	6
192	197	7	7
192	197	8	8
192	197	9	9
193	199	.	<epsilon>
193	198	0	0
193	198	1	1
193	198	2	2
193	198	3	3
193	198	4	4
193	198	5	5
193	198	6	6
193	198	7	7
193	198	8	8
193	198	9	9
194	201	<space>	<epsilon>
194	200	0	0
194	200	1	1
194	200	2	2
194	200	3	3
194	200	4	4
194	200	5	5
194	200	6	6
194	200	7	7
194	200	8	8
194	200	9	9
195	190	<epsilon>	"
195	193	<space>	<epsilon>
195	194	.	<epsilon>
195	202	0	0
195	203	1	1
195	203	2	2
195	203	3	3
195	203	4	4
195	203	5	5
195	203	6	6
195	203	7	7
195	203	8	8
195	203	9	9
196	190	<epsilon>	"
196	193	<space>	<epsilon>
196	204	.	<epsilon>
196	203	0	0
196	203	1	1
196	203	2	2
196	203	3	3
196	203	4	4
196	203	5	5
196	203	6	6
196	203	7	7
196	203	8	8
196	203	9	9
197	190	<epsilon>	"
197	193	<space>	<epsilon>
197	194	.	<epsilon>
197	202	0	0
197	202	1	1
197	202	2	2
197	202	3	3
197	202	4	4
197	202	5	5
197	202	6	6
197	202	7	7
197	202	8	8
197	202	9	9
198	205	0	0
198	205	1	1
198	205	2	2
198	205	3	3
198	205	4	4
198	205	5	5
198	205	6	6
198	205	7	7
198	205	8	8
198	205	9	9
199	207	<space>	<epsilon>
199	206	0	0
199	206	1	1
199	206	2	2
199	206	3	3
199	206	4	4
199	206	5	5
199	206	6	6
199	206	7	7
199	206	8	8
199	206	9	9
200	208	0	0
200	208	1	1
200	208	2	2
200	208	3	3
200	208	4	4
200	208	5	5
200	208	6	6
200	208	7	7
200	208	8	8
200	208	9	9
201	209	0	0
202	190	<epsilon>	"
202	211	<space>	<epsilon>
202	194	.	<epsilon>
202	210	0	0
202	210	1	1
202	210	2	2
202	210	3	3
202	210	4	4
202	210	5	5
202	210	6	6
202	210	7	7
202	210	8	8
202	210	9	9
203	190	<epsilon>	"
203	211	<space>	<epsilon>
203	204	.	<epsilon>
203	210	0	0
203	210	1	1
203	210	2	2
203	210	3	3
203	210	4	4
203	210	5	5
203	210	6	6
203	210	7	7
203	210	8	8
203	210	9	9
204	200	0	0
204	200	1	1
204	200	2	2
204	200	3	3
204	200	4	4
204	200	5	5
204	200	6	6
204	200	7	7
204	200	8	8
204	200	9	9
205	212	0	0
205	212	1	1
205	212	2	2
205	212	3	3
205	212	4	4
205	212	5	5
205	212	6	6
205	212	7	7
205	212	8	8
205	212	9	9
206	213	0	0
206	213	1	1
206	213	2	2
206	213	3	3
206	213	4	4
206	213	5	5
206	213	6	6
206	213	7	7
206	213	8	8
206	213	9	9
207	214	0	0
207	214	1	1
207	214	2	2
207	214	3	3
207	214	4	4
207	214	5	5
207	214	6	6
207	214	7	7
207	214	8	8
207	214	9	9
208	215	0	0
208	215	1	1
208	215	2	2
208	215	3	3
208	215	4	4
208	215	5	5
208	215	6	6
208	215	7	7
208	215	8	8
208	215	9	9
209	216	0	0
210	190	<epsilon>	"
210	210	0	0
210	210	1	1
210	210	2	2
210	210	3	3
210	210	4	4
210	210	5	5
210	210	6	6
210	210	7	7
210	210	8	8
210	210	9	9
211	199	.	<epsilon>
212	190	<epsilon>	"
212	217	<space>	<epsilon>
213	218	0	0
213	218	1	1
213	218	2	2
213	218	3	3
213	218	4	4
213	218	5	5
213	218	6	6
213	218	7	7
213	218	8	8
213	218	9	9
214	219	0	0
214	219	1	1
214	219	2	2
214	219	3	3
214	219	4	4
214	219	5	5
214	219	6	6
214	219	7	7
214	219	8	8
214	219	9	9
215	190	<epsilon>	"
215	204	.	<epsilon>
216	220	0	0
217	198	0	0
217	198	1	1
217	198	2	2
217	198	3	3
217	198	4	4
217	198	5	5
217	198	6	6
217	198	7	7
217	198	8	8
217	198	9	9
218	190	<epsilon>	"
218	221	<space>	<epsilon>
219	222	0	0
219	222	1	1
219	222	2	2
219	222	3	3
219	222	4	4
219	222	5	5
219	222	6	6
219	222	7	7
219	222	8	8
219	222	9	9
220	190	<epsilon>	"
220	223	.	<epsilon>
221	224	.	<epsilon>
222	190	<epsilon>	"
222	225	<space>	<epsilon>
223	201	<space>	<epsilon>
224	206	0	0
224	206	1	1
224	206	2	2
224	206	3	3
224	206	4	4
224	206	5	5
224	206	6	6
224	206	7	7
224	206	8	8
224	206	9	9
225	226	.	<epsilon>
226	207	<space>	<epsilon>
