0	1	<epsilon>	f
1	2	<epsilon>	r
2	3	<epsilon>	a
3	4	<epsilon>	c
4	5	<epsilon>	t
5	6	<epsilon>	i
6	7	<epsilon>	o
7	8	<epsilon>	n
8	9	<epsilon>	<space>
9	10	<epsilon>	{
10	11	<epsilon>	<space>
11	13	<epsilon>	i
11	12	<epsilon>	n
12	14	<epsilon>	u
13	15	<epsilon>	n
14	16	<epsilon>	m
15	17	<epsilon>	t
16	18	<epsilon>	e
17	19	<epsilon>	e
18	20	<epsilon>	r
19	21	<epsilon>	g
20	22	<epsilon>	a
21	23	<epsilon>	e
22	24	<epsilon>	t
23	25	<epsilon>	r
24	26	<epsilon>	o
25	27	<epsilon>	_
26	28	<epsilon>	r
27	29	<epsilon>	p
28	30	<epsilon>	:
29	31	<epsilon>	a
30	32	<epsilon>	<space>
31	33	<epsilon>	r
32	34	-	-
32	35	0	0
32	36	1	1
32	36	2	2
32	36	3	3
32	36	4	4
32	36	5	5
32	36	6	6
32	36	7	7
32	36	8	8
32	36	9	9
32	37	<194>	1
32	38	<194>	3
32	39	<226>	1
32	40	<226>	2
32	41	<226>	3
32	42	<226>	4
32	43	<226>	5
32	44	<226>	7
33	45	<epsilon>	t
34	35	0	0
34	36	1	1
34	36	2	2
34	36	3	3
34	36	4	4
34	36	5	5
34	36	6	6
34	36	7	7
34	36	8	8
34	36	9	9
34	37	<194>	1
34	38	<194>	3
34	39	<226>	1
34	40	<226>	2
34	41	<226>	3
34	42	<226>	4
34	43	<226>	5
34	44	<226>	7
35	35	<9>	<epsilon>
35	35	<10>	<epsilon>
35	35	<13>	<epsilon>
35	35	<space>	<epsilon>
35	46	/	<epsilon>
35	47	<226>	<epsilon>
36	35	<9>	<epsilon>
36	35	<10>	<epsilon>
36	35	<13>	<epsilon>
36	50	<space>	<epsilon>
36	51	,	<epsilon>
36	46	/	<epsilon>
36	48	0	0
36	49	1	1
36	49	2	2
36	49	3	3
36	49	4	4
36	49	5	5
36	49	6	6
36	49	7	7
36	49	8	8
36	49	9	9
36	47	<226>	<epsilon>
37	52	<188>	<epsilon>
37	53	<189>	<epsilon>
38	52	<190>	<epsilon>
39	54	<133>	<epsilon>
40	55	<133>	<epsilon>
41	56	<133>	<epsilon>
42	57	<133>	<epsilon>
43	58	<133>	<epsilon>
44	59	<133>	<epsilon>
45	60	<epsilon>	:
46	61	<epsilon>	<space>
47	62	<129>	<epsilon>
48	35	<9>	<epsilon>
48	35	<10>	<epsilon>
48	35	<13>	<epsilon>
48	50	<space>	<epsilon>
48	51	,	<epsilon>
48	46	/	<epsilon>
48	63	0	0
48	64	1	1
48	64	2	2
48	64	3	3
48	64	4	4
48	64	5	5
48	64	6	6
48	64	7	7
48	64	8	8
48	64	9	9
48	47	<226>	<epsilon>
49	35	<9>	<epsilon>
49	35	<10>	<epsilon>
49	35	<13>	<epsilon>
49	50	<space>	<epsilon>
49	51	,	<epsilon>
49	46	/	<epsilon>
49	63	0	0
49	65	1	1
49	65	2	2
49	65	3	3
49	65	4	4
49	65	5	5
49	65	6	6
49	65	7	7
49	65	8	8
49	65	9	9
49	47	<226>	<epsilon>
50	35	<9>	<epsilon>
50	35	<10>	<epsilon>
50	35	<13>	<epsilon>
50	35	<space>	<epsilon>
50	67	,	<epsilon>
50	46	/	<epsilon>
50	66	0	0
50	66	1	1
50	66	2	2
50	66	3	3
50	66	4	4
50	66	5	5
50	66	6	6
50	66	7	7
50	66	8	8
50	66	9	9
50	47	<226>	<epsilon>
51	69	<space>	<epsilon>
51	68	0	0
51	68	1	1
51	68	2	2
51	68	3	3
51	68	4	4
51	68	5	5
51	68	6	6
51	68	7	7
51	68	8	8
51	68	9	9
52	70	<epsilon>	<space>
53	71	<epsilon>	<space>
54	72	<epsilon>	<space>
55	73	<epsilon>	<space>
56	74	<epsilon>	<space>
57	75	<epsilon>	<space>
58	76	<epsilon>	<space>
59	77	<epsilon>	<space>
60	78	<epsilon>	<space>
61	79	<epsilon>	d
61	61	<9>	<epsilon>
61	61	<10>	<epsilon>
61	61	<13>	<epsilon>
61	61	<space>	<epsilon>
62	46	<132>	<epsilon>
63	35	<9>	<epsilon>
63	35	<10>	<epsilon>
63	35	<13>	<epsilon>
63	50	<space>	<epsilon>
63	51	,	<epsilon>
63	46	/	<epsilon>
63	80	0	0
63	81	1	1
63	81	2	2
63	81	3	3
63	81	4	4
63	81	5	5
63	81	6	6
63	81	7	7
63	81	8	8
63	81	9	9
63	47	<226>	<epsilon>
64	35	<9>	<epsilon>
64	35	<10>	<epsilon>
64	35	<13>	<epsilon>
64	50	<space>	<epsilon>
64	82	,	<epsilon>
64	46	/	<epsilon>
64	81	0	0
64	81	1	1
64	81	2	2
64	81	3	3
64	81	4	4
64	81	5	5
64	81	6	6
64	81	7	7
64	81	8	8
64	81	9	9
64	47	<226>	<epsilon>
65	35	<9>	<epsilon>
65	35	<10>	<epsilon>
65	35	<13>	<epsilon>
65	50	<space>	<epsilon>
65	51	,	<epsilon>
65	46	/	<epsilon>
65	80	0	0
65	80	1	1
65	80	2	2
65	80	3	3
65	80	4	4
65	80	5	5
65	80	6	6
65	80	7	7
65	80	8	8
65	80	9	9
65	47	<226>	<epsilon>
66	83	0	0
66	83	1	1
66	83	2	2
66	83	3	3
66	83	4	4
66	83	5	5
66	83	6	6
66	83	7	7
66	83	8	8
66	83	9	9
67	85	<space>	<epsilon>
67	84	0	0
67	84	1	1
67	84	2	2
67	84	3	3
67	84	4	4
67	84	5	5
67	84	6	6
67	84	7	7
67	84	8	8
67	84	9	9
68	86	0	0
68	86	1	1
68	86	2	2
68	86	3	3
68	86	4	4
68	86	5	5
68	86	6	6
68	86	7	7
68	86	8	8
68	86	9	9
69	87	0	0
70	88	<epsilon>	d
71	89	<epsilon>	d
72	90	<epsilon>	d
73	91	<epsilon>	d
74	92	<epsilon>	d
75	93	<epsilon>	d
76	94	<epsilon>	d
77	95	<epsilon>	d
78	96	-	-
78	97	0	0
78	98	1	1
78	98	2	2
78	98	3	3
78	98	4	4
78	98	5	5
78	98	6	6
78	98	7	7
78	98	8	8
78	98	9	9
79	99	<epsilon>	e
80	35	<9>	<epsilon>
80	35	<10>	<epsilon>
80	35	<13>	<epsilon>
80	101	<space>	<epsilon>
80	51	,	<epsilon>
80	46	/	<epsilon>
80	100	0	0
80	100	1	1
80	100	2	2
80	100	3	3
80	100	4	4
80	100	5	5
80	100	6	6
80	100	7	7
80	100	8	8
80	100	9	9
80	47	<226>	<epsilon>
81	35	<9>	<epsilon>
81	35	<10>	<epsilon>
81	35	<13>	<epsilon>
81	101	<space>	<epsilon>
81	82	,	<epsilon>
81	46	/	<epsilon>
81	100	0	0
81	100	1	1
81	100	2	2
81	100	3	3
81	100	4	4
81	100	5	5
81	100	6	6
81	100	7	7
81	100	8	8
81	100	9	9
81	47	<226>	<epsilon>
82	68	0	0
82	68	1	1
82	68	2	2
82	68	3	3
82	68	4	4
82	68	5	5
82	68	6	6
82	68	7	7
82	68	8	8
82	68	9	9
83	102	0	0
83	102	1	1
83	102	2	2
83	102	3	3
83	102	4	4
83	102	5	5
83	102	6	6
83	102	7	7
83	102	8	8
83	102	9	9
84	103	0	0
84	103	1	1
84	103	2	2
84	103	3	3
84	103	4	4
84	103	5	5
84	103	6	6
84	103	7	7
84	103	8	8
84	103	9	9
85	104	0	0
85	104	1	1
85	104	2	2
85	104	3	3
85	104	4	4
85	104	5	5
85	104	6	6
85	104	7	7
85	104	8	8
85	104	9	9
86	105	0	0
86	105	1	1
86	105	2	2
86	105	3	3
86	105	4	4
86	105	5	5
86	105	6	6
86	105	7	7
86	105	8	8
86	105	9	9
87	106	0	0
88	107	<epsilon>	e
89	108	<epsilon>	e
90	109	<epsilon>	e
91	110	<epsilon>	e
92	111	<epsilon>	e
93	112	<epsilon>	e
94	113	<epsilon>	e
95	114	<epsilon>	e
96	97	0	0
96	98	1	1
96	98	2	2
96	98	3	3
96	98	4	4
96	98	5	5
96	98	6	6
96	98	7	7
96	98	8	8
96	98	9	9
97	115	<epsilon>	<space>
97	116	<9>	<epsilon>
97	116	<10>	<epsilon>
97	116	<13>	<epsilon>
97	116	<space>	<epsilon>
98	115	<epsilon>	<space>
98	116	<9>	<epsilon>
98	116	<10>	<epsilon>
98	116	<13>	<epsilon>
98	119	<space>	<epsilon>
98	120	,	<epsilon>
98	117	0	0
98	118	1	1
98	118	2	2
98	118	3	3
98	118	4	4
98	118	5	5
98	118	6	6
98	118	7	7
98	118	8	8
98	118	9	9
99	121	<epsilon>	n
100	35	<9>	<epsilon>
100	35	<10>	<epsilon>
100	35	<13>	<epsilon>
100	35	<space>	<epsilon>
100	46	/	<epsilon>
100	100	0	0
100	100	1	1
100	100	2	2
100	100	3	3
100	100	4	4
100	100	5	5
100	100	6	6
100	100	7	7
100	100	8	8
100	100	9	9
100	47	<226>	<epsilon>
101	35	<9>	<epsilon>
101	35	<10>	<epsilon>
101	35	<13>	<epsilon>
101	35	<space>	<epsilon>
101	67	,	<epsilon>
101	46	/	<epsilon>
101	47	<226>	<epsilon>
102	35	<9>	<epsilon>
102	35	<10>	<epsilon>
102	35	<13>	<epsilon>
102	122	<space>	<epsilon>
102	46	/	<epsilon>
102	47	<226>	<epsilon>
103	123	0	0
103	123	1	1
103	123	2	2
103	123	3	3
103	123	4	4
103	123	5	5
103	123	6	6
103	123	7	7
103	123	8	8
103	123	9	9
104	124	0	0
104	124	1	1
104	124	2	2
104	124	3	3
104	124	4	4
104	124	5	5
104	124	6	6
104	124	7	7
104	124	8	8
104	124	9	9
105	35	<9>	<epsilon>
105	35	<10>	<epsilon>
105	35	<13>	<epsilon>
105	35	<space>	<epsilon>
105	82	,	<epsilon>
105	46	/	<epsilon>
105	47	<226>	<epsilon>
106	125	0	0
107	126	<epsilon>	n
108	127	<epsilon>	n
109	128	<epsilon>	n
110	129	<epsilon>	n
111	130	<epsilon>	n
112	131	<epsilon>	n
113	132	<epsilon>	n
114	133	<epsilon>	n
115	134	<epsilon>	n
116	135	<epsilon>	<space>
116	116	<9>	<epsilon>
116	116	<10>	<epsilon>
116	116	<13>	<epsilon>
116	116	<space>	<epsilon>
117	115	<epsilon>	<space>
117	116	<9>	<epsilon>
117	116	<10>	<epsilon>
117	116	<13>	<epsilon>
117	119	<space>	<epsilon>
117	120	,	<epsilon>
117	136	0	0
117	137	1	1
117	137	2	2
117	137	3	3
117	137	4	4
117	137	5	5
117	137	6	6
117	137	7	7
117	137	8	8
117	137	9	9
118	115	<epsilon>	<space>
118	116	<9>	<epsilon>
118	116	<10>	<epsilon>
118	116	<13>	<epsilon>
118	119	<space>	<epsilon>
118	120	,	<epsilon>
118	136	0	0
118	138	1	1
118	138	2	2
118	138	3	3
118	138	4	4
118	138	5	5
118	138	6	6
118	138	7	7
118	138	8	8
118	138	9	9
119	135	<epsilon>	<space>
119	116	<9>	<epsilon>
119	116	<10>	<epsilon>
119	116	<13>	<epsilon>
119	116	<space>	<epsilon>
119	140	,	<epsilon>
119	139	0	0
119	139	1	1
119	139	2	2
119	139	3	3
119	139	4	4
119	139	5	5
119	139	6	6
119	139	7	7
119	139	8	8
119	139	9	9
120	142	<space>	<epsilon>
120	141	0	0
120	141	1	1
120	141	2	2
120	141	3	3
120	141	4	4
120	141	5	5
120	141	6	6
120	141	7	7
120	141	8	8
120	141	9	9
121	143	<epsilon>	o
122	35	<9>	<epsilon>
122	35	<10>	<epsilon>
122	35	<13>	<epsilon>
122	35	<space>	<epsilon>
122	46	/	<epsilon>
122	66	0	0
122	66	1	1
122	66	2	2
122	66	3	3
122	66	4	4
122	66	5	5
122	66	6	6
122	66	7	7
122	66	8	8
122	66	9	9
122	47	<226>	<epsilon>
123	35	<9>	<epsilon>
123	35	<10>	<epsilon>
123	35	<13>	<epsilon>
123	144	<space>	<epsilon>
123	46	/	<epsilon>
123	47	<226>	<epsilon>
124	145	0	0
124	145	1	1
124	145	2	2
124	145	3	3
124	145	4	4
124	145	5	5
124	145	6	6
124	145	7	7
124	145	8	8
124	145	9	9
125	35	<9>	<epsilon>
125	35	<10>	<epsilon>
125	35	<13>	<epsilon>
125	35	<space>	<epsilon>
125	146	,	<epsilon>
125	46	/	<epsilon>
125	47	<226>	<epsilon>
126	147	<epsilon>	o
127	148	<epsilon>	o
128	149	<epsilon>	o
129	150	<epsilon>	o
130	151	<epsilon>	o
131	152	<epsilon>	o
132	153	<epsilon>	o
133	154	<epsilon>	o
134	155	<epsilon>	u
135	156	<epsilon>	n
136	115	<epsilon>	<space>
136	116	<9>	<epsilon>
136	116	<10>	<epsilon>
136	116	<13>	<epsilon>
136	119	<space>	<epsilon>
136	120	,	<epsilon>
136	157	0	0
136	158	1	1
136	158	2	2
136	158	3	3
136	158	4	4
136	158	5	5
136	158	6	6
136	158	7	7
136	158	8	8
136	158	9	9
137	115	<epsilon>	<space>
137	116	<9>	<epsilon>
137	116	<10>	<epsilon>
137	116	<13>	<epsilon>
137	119	<space>	<epsilon>
137	159	,	<epsilon>
137	158	0	0
137	158	1	1
137	158	2	2
137	158	3	3
137	158	4	4
137	158	5	5
137	158	6	6
137	158	7	7
137	158	8	8
137	158	9	9
138	115	<epsilon>	<space>
138	116	<9>	<epsilon>
138	116	<10>	<epsilon>
138	116	<13>	<epsilon>
138	119	<space>	<epsilon>
138	120	,	<epsilon>
138	157	0	0
138	157	1	1
138	157	2	2
138	157	3	3
138	157	4	4
138	157	5	5
138	157	6	6
138	157	7	7
138	157	8	8
138	157	9	9
139	160	0	0
139	160	1	1
139	160	2	2
139	160	3	3
139	160	4	4
139	160	5	5
139	160	6	6
139	160	7	7
139	160	8	8
139	160	9	9
140	162	<space>	<epsilon>
140	161	0	0
140	161	1	1
140	161	2	2
140	161	3	3
140	161	4	4
140	161	5	5
140	161	6	6
140	161	7	7
140	161	8	8
140	161	9	9
141	163	0	0
141	163	1	1
141	163	2	2
141	163	3	3
141	163	4	4
141	163	5	5
141	163	6	6
141	163	7	7
141	163	8	8
141	163	9	9
142	164	0	0
143	165	<epsilon>	m
144	35	<9>	<epsilon>
144	35	<10>	<epsilon>
144	35	<13>	<epsilon>
144	35	<space>	<epsilon>
144	166	,	<epsilon>
144	46	/	<epsilon>
144	47	<226>	<epsilon>
145	35	<9>	<epsilon>
145	35	<10>	<epsilon>
145	35	<13>	<epsilon>
145	167	<space>	<epsilon>
145	46	/	<epsilon>
145	47	<226>	<epsilon>
146	69	<space>	<epsilon>
147	168	<epsilon>	m
148	169	<epsilon>	m
149	170	<epsilon>	m
150	171	<epsilon>	m
151	172	<epsilon>	m
152	173	<epsilon>	m
153	174	<epsilon>	m
154	175	<epsilon>	m
155	176	<epsilon>	m
156	177	<epsilon>	u
157	115	<epsilon>	<space>
157	116	<9>	<epsilon>
157	116	<10>	<epsilon>
157	116	<13>	<epsilon>
157	179	<space>	<epsilon>
157	120	,	<epsilon>
157	178	0	0
157	178	1	1
157	178	2	2
157	178	3	3
157	178	4	4
157	178	5	5
157	178	6	6
157	178	7	7
157	178	8	8
157	178	9	9
158	115	<epsilon>	<space>
158	116	<9>	<epsilon>
158	116	<10>	<epsilon>
158	116	<13>	<epsilon>
158	179	<space>	<epsilon>
158	159	,	<epsilon>
158	178	0	0
158	178	1	1
158	178	2	2
158	178	3	3
158	178	4	4
158	178	5	5
158	178	6	6
158	178	7	7
158	178	8	8
158	178	9	9
159	141	0	0
159	141	1	1
159	141	2	2
159	141	3	3
159	141	4	4
159	141	5	5
159	141	6	6
159	141	7	7
159	141	8	8
159	141	9	9
160	180	0	0
160	180	1	1
160	180	2	2
160	180	3	3
160	180	4	4
160	180	5	5
160	180	6	6
160	180	7	7
160	180	8	8
160	180	9	9
161	181	0	0
161	181	1	1
161	181	2	2
161	181	3	3
161	181	4	4
161	181	5	5
161	181	6	6
161	181	7	7
161	181	8	8
161	181	9	9
162	182	0	0
162	182	1	1
162	182	2	2
162	182	3	3
162	182	4	4
162	182	5	5
162	182	6	6
162	182	7	7
162	182	8	8
162	182	9	9
163	183	0	0
163	183	1	1
163	183	2	2
163	183	3	3
163	183	4	4
163	183	5	5
163	183	6	6
163	183	7	7
163	183	8	8
163	183	9	9
164	184	0	0
165	185	<epsilon>	i
166	84	0	0
166	84	1	1
166	84	2	2
166	84	3	3
166	84	4	4
166	84	5	5
166	84	6	6
166	84	7	7
166	84	8	8
166	84	9	9
167	35	<9>	<epsilon>
167	35	<10>	<epsilon>
167	35	<13>	<epsilon>
167	35	<space>	<epsilon>
167	186	,	<epsilon>
167	46	/	<epsilon>
167	47	<226>	<epsilon>
168	187	<epsilon>	i
169	188	<epsilon>	i
170	189	<epsilon>	i
171	190	<epsilon>	i
172	191	<epsilon>	i
173	192	<epsilon>	i
174	193	<epsilon>	i
175	194	<epsilon>	i
176	195	<epsilon>	e
177	196	<epsilon>	m
178	115	<epsilon>	<space>
178	116	<9>	<epsilon>
178	116	<10>	<epsilon>
178	116	<13>	<epsilon>
178	116	<space>	<epsilon>
178	178	0	0
178	178	1	1
178	178	2	2
178	178	3	3
178	178	4	4
178	178	5	5
178	178	6	6
178	178	7	7
178	178	8	8
178	178	9	9
179	135	<epsilon>	<space>
179	116	<9>	<epsilon>
179	116	<10>	<epsilon>
179	116	<13>	<epsilon>
179	116	<space>	<epsilon>
179	140	,	<epsilon>
180	115	<epsilon>	<space>
180	116	<9>	<epsilon>
180	116	<10>	<epsilon>
180	116	<13>	<epsilon>
180	197	<space>	<epsilon>
181	198	0	0
181	198	1	1
181	198	2	2
181	198	3	3
181	198	4	4
181	198	5	5
181	198	6	6
181	198	7	7
181	198	8	8
181	198	9	9
182	199	0	0
182	199	1	1
182	199	2	2
182	199	3	3
182	199	4	4
182	199	5	5
182	199	6	6
182	199	7	7
182	199	8	8
182	199	9	9
183	115	<epsilon>	<space>
183	116	<9>	<epsilon>
183	116	<10>	<epsilon>
183	116	<13>	<epsilon>
183	116	<space>	<epsilon>
183	159	,	<epsilon>
184	200	0	0
185	201	<epsilon>	n
186	85	<space>	<epsilon>
187	202	<epsilon>	n
188	203	<epsilon>	n
189	204	<epsilon>	n
190	205	<epsilon>	n
191	206	<epsilon>	n
192	207	<epsilon>	n
193	208	<epsilon>	n
194	209	<epsilon>	n
195	210	<epsilon>	r
196	211	<epsilon>	e
197	135	<epsilon>	<space>
197	116	<9>	<epsilon>
197	116	<10>	<epsilon>
197	116	<13>	<epsilon>
197	116	<space>	<epsilon>
197	139	0	0
197	139	1	1
197	139	2	2
197	139	3	3
197	139	4	4
197	139	5	5
197	139	6	6
197	139	7	7
197	139	8	8
197	139	9	9
198	115	<epsilon>	<space>
198	116	<9>	<epsilon>
198	116	<10>	<epsilon>
198	116	<13>	<epsilon>
198	212	<space>	<epsilon>
199	213	0	0
199	213	1	1
199	213	2	2
199	213	3	3
199	213	4	4
199	213	5	5
199	213	6	6
199	213	7	7
199	213	8	8
199	213	9	9
200	115	<epsilon>	<space>
200	116	<9>	<epsilon>
200	116	<10>	<epsilon>
200	116	<13>	<epsilon>
200	116	<space>	<epsilon>
200	214	,	<epsilon>
201	215	<epsilon>	a
202	216	<epsilon>	a
203	217	<epsilon>	a
204	218	<epsilon>	a
205	219	<epsilon>	a
206	220	<epsilon>	a
207	221	<epsilon>	a
208	222	<epsilon>	a
209	223	<epsilon>	a
210	224	<epsilon>	a
211	225	<epsilon>	r
212	135	<epsilon>	<space>
212	116	<9>	<epsilon>
212	116	<10>	<epsilon>
212	116	<13>	<epsilon>
212	116	<space>	<epsilon>
212	226	,	<epsilon>
213	115	<epsilon>	<space>
213	116	<9>	<epsilon>
213	116	<10>	<epsilon>
213	116	<13>	<epsilon>
213	227	<space>	<epsilon>
214	142	<space>	<epsilon>
215	228	<epsilon>	t
216	229	<epsilon>	t
217	230	<epsilon>	t
218	231	<epsilon>	t
219	232	<epsilon>	t
220	233	<epsilon>	t
221	234	<epsilon>	t
222	235	<epsilon>	t
223	236	<epsilon>	t
224	237	<epsilon>	t
225	238	<epsilon>	a
226	161	0	0
226	161	1	1
226	161	2	2
226	161	3	3
226	161	4	4
226	161	5	5
226	161	6	6
226	161	7	7
226	161	8	8
226	161	9	9
227	135	<epsilon>	<space>
227	116	<9>	<epsilon>
227	116	<10>	<epsilon>
227	116	<13>	<epsilon>
227	116	<space>	<epsilon>
227	239	,	<epsilon>
228	240	<epsilon>	o
229	241	<epsilon>	o
230	242	<epsilon>	o
231	243	<epsilon>	o
232	244	<epsilon>	o
233	245	<epsilon>	o
234	246	<epsilon>	o
235	247	<epsilon>	o
236	248	<epsilon>	o
237	249	<epsilon>	o
238	250	<epsilon>	t
239	162	<space>	<epsilon>
240	251	<epsilon>	r
241	252	<epsilon>	r
242	253	<epsilon>	r
243	254	<epsilon>	r
244	255	<epsilon>	r
245	256	<epsilon>	r
246	257	<epsilon>	r
247	258	<epsilon>	r
248	259	<epsilon>	r
249	260	<epsilon>	r
250	261	<epsilon>	o
251	262	<epsilon>	:
252	263	<epsilon>	:
253	264	<epsilon>	:
254	265	<epsilon>	:
255	266	<epsilon>	:
256	267	<epsilon>	:
257	268	<epsilon>	:
258	269	<epsilon>	:
259	270	<epsilon>	:
260	271	<epsilon>	:
261	272	<epsilon>	r
262	273	<epsilon>	<space>
263	274	<epsilon>	<space>
264	275	<epsilon>	<space>
265	276	<epsilon>	<space>
266	277	<epsilon>	<space>
267	278	<epsilon>	<space>
268	279	<epsilon>	<space>
269	280	<epsilon>	<space>
270	281	<epsilon>	<space>
271	282	<epsilon>	<space>
272	283	<epsilon>	:
273	284	0	0
273	285	1	1
273	285	2	2
273	285	3	3
273	285	4	4
273	285	5	5
273	285	6	6
273	285	7	7
273	285	8	8
273	285	9	9
274	285	<epsilon>	4
275	285	<epsilon>	2
276	285	<144>	7
276	285	<145>	9
276	286	<146>	1
276	285	<147>	3
276	285	<149>	5
276	285	<153>	6
276	285	<155>	8
277	285	<148>	3
277	285	<150>	5
278	285	<151>	5
278	285	<156>	8
279	285	<152>	5
280	285	<154>	6
280	285	<157>	8
281	285	<158>	8
282	287	<194>	1
282	288	<194>	3
282	289	<226>	1
282	290	<226>	2
282	291	<226>	3
282	292	<226>	4
282	293	<226>	5
282	294	<226>	7
283	295	<epsilon>	<space>
284	296	<epsilon>	<space>	2
285	296	<epsilon>	<space>	2
285	299	<space>	<epsilon>
285	300	,	<epsilon>
285	297	0	0
285	298	1	1
285	298	2	2
285	298	3	3
285	298	4	4
285	298	5	5
285	298	6	6
285	298	7	7
285	298	8	8
285	298	9	9
286	297	<epsilon>	0
287	301	<188>	<epsilon>
287	302	<189>	<epsilon>
288	301	<190>	<epsilon>
289	303	<133>	<epsilon>
290	304	<133>	<epsilon>
291	305	<133>	<epsilon>
292	306	<133>	<epsilon>
293	307	<133>	<epsilon>
294	308	<133>	<epsilon>
295	309	0	0
295	310	1	1
295	310	2	2
295	310	3	3
295	310	4	4
295	310	5	5
295	310	6	6
295	310	7	7
295	310	8	8
295	310	9	9
295	287	<194>	1
295	288	<194>	3
295	289	<226>	1
295	290	<226>	2
295	291	<226>	3
295	292	<226>	4
295	293	<226>	5
295	294	<226>	7
296	311	<epsilon>	}
297	296	<epsilon>	<space>	2
297	299	<space>	<epsilon>
297	300	,	<epsilon>
297	312	0	0
297	313	1	1
297	313	2	2
297	313	3	3
297	313	4	4
297	313	5	5
297	313	6	6
297	313	7	7
297	313	8	8
297	313	9	9
298	296	<epsilon>	<space>	2
298	299	<space>	<epsilon>
298	300	,	<epsilon>
298	312	0	0
298	314	1	1
298	314	2	2
298	314	3	3
298	314	4	4
298	314	5	5
298	314	6	6
298	314	7	7
298	314	8	8
298	314	9	9
299	316	,	<epsilon>
299	315	0	0
299	315	1	1
299	315	2	2
299	315	3	3
299	315	4	4
299	315	5	5
299	315	6	6
299	315	7	7
299	315	8	8
299	315	9	9
300	318	<space>	<epsilon>
300	317	0	0
300	317	1	1
300	317	2	2
300	317	3	3
300	317	4	4
300	317	5	5
300	317	6	6
300	317	7	7
300	317	8	8
300	317	9	9
301	319	<epsilon>	<space>
302	320	<epsilon>	<space>
303	321	<epsilon>	<space>
304	322	<epsilon>	<space>
305	323	<epsilon>	<space>
306	324	<epsilon>	<space>
307	325	<epsilon>	<space>
308	326	<epsilon>	<space>
309	309	<9>	<epsilon>
309	309	<10>	<epsilon>
309	309	<13>	<epsilon>
309	309	<space>	<epsilon>
309	327	/	<epsilon>
309	328	<226>	<epsilon>
310	309	<9>	<epsilon>
310	309	<10>	<epsilon>
310	309	<13>	<epsilon>
310	331	<space>	<epsilon>
310	332	,	<epsilon>
310	327	/	<epsilon>
310	329	0	0
310	330	1	1
310	330	2	2
310	330	3	3
310	330	4	4
310	330	5	5
310	330	6	6
310	330	7	7
310	330	8	8
310	330	9	9
310	328	<226>	<epsilon>
311
312	296	<epsilon>	<space>	2
312	299	<space>	<epsilon>
312	300	,	<epsilon>
312	333	0	0
312	334	1	1
312	334	2	2
312	334	3	3
312	334	4	4
312	334	5	5
312	334	6	6
312	334	7	7
312	334	8	8
312	334	9	9
313	296	<epsilon>	<space>	2
313	299	<space>	<epsilon>
313	335	,	<epsilon>
313	334	0	0
313	334	1	1
313	334	2	2
313	334	3	3
313	334	4	4
313	334	5	5
313	334	6	6
313	334	7	7
313	334	8	8
313	334	9	9
314	296	<epsilon>	<space>	2
314	299	<space>	<epsilon>
314	300	,	<epsilon>
314	333	0	0
314	333	1	1
314	333	2	2
314	333	3	3
314	333	4	4
314	333	5	5
314	333	6	6
314	333	7	7
314	333	8	8
314	333	9	9
315	336	0	0
315	336	1	1
315	336	2	2
315	336	3	3
315	336	4	4
315	336	5	5
315	336	6	6
315	336	7	7
315	336	8	8
315	336	9	9
316	338	<space>	<epsilon>
316	337	0	0
316	337	1	1
316	337	2	2
316	337	3	3
316	337	4	4
316	337	5	5
316	337	6	6
316	337	7	7
316	337	8	8
316	337	9	9
317	339	0	0
317	339	1	1
317	339	2	2
317	339	3	3
317	339	4	4
317	339	5	5
317	339	6	6
317	339	7	7
317	339	8	8
317	339	9	9
318	340	0	0
319	341	<epsilon>	d
320	342	<epsilon>	d
321	343	<epsilon>	d
322	344	<epsilon>	d
323	345	<epsilon>	d
324	346	<epsilon>	d
325	347	<epsilon>	d
326	348	<epsilon>	d
327	349	<epsilon>	<space>
328	350	<129>	<epsilon>
329	309	<9>	<epsilon>
329	309	<10>	<epsilon>
329	309	<13>	<epsilon>
329	331	<space>	<epsilon>
329	332	,	<epsilon>
329	327	/	<epsilon>
329	351	0	0
329	352	1	1
329	352	2	2
329	352	3	3
329	352	4	4
329	352	5	5
329	352	6	6
329	352	7	7
329	352	8	8
329	352	9	9
329	328	<226>	<epsilon>
330	309	<9>	<epsilon>
330	309	<10>	<epsilon>
330	309	<13>	<epsilon>
330	331	<space>	<epsilon>
330	332	,	<epsilon>
330	327	/	<epsilon>
330	351	0	0
330	353	1	1
330	353	2	2
330	353	3	3
330	353	4	4
330	353	5	5
330	353	6	6
330	353	7	7
330	353	8	8
330	353	9	9
330	328	<226>	<epsilon>
331	309	<9>	<epsilon>
331	309	<10>	<epsilon>
331	309	<13>	<epsilon>
331	309	<space>	<epsilon>
331	355	,	<epsilon>
331	327	/	<epsilon>
331	354	0	0
331	354	1	1
331	354	2	2
331	354	3	3
331	354	4	4
331	354	5	5
331	354	6	6
331	354	7	7
331	354	8	8
331	354	9	9
331	328	<226>	<epsilon>
332	357	<space>	<epsilon>
332	356	0	0
332	356	1	1
332	356	2	2
332	356	3	3
332	356	4	4
332	356	5	5
332	356	6	6
332	356	7	7
332	356	8	8
332	356	9	9
333	296	<epsilon>	<space>	2
333	359	<space>	<epsilon>
333	300	,	<epsilon>
333	358	0	0
333	358	1	1
333	358	2	2
333	358	3	3
333	358	4	4
333	358	5	5
333	358	6	6
333	358	7	7
333	358	8	8
333	358	9	9
334	296	<epsilon>	<space>	2
334	359	<space>	<epsilon>
334	335	,	<epsilon>
334	358	0	0
334	358	1	1
334	358	2	2
334	358	3	3
334	358	4	4
334	358	5	5
334	358	6	6
334	358	7	7
334	358	8	8
334	358	9	9
335	317	0	0
335	317	1	1
335	317	2	2
335	317	3	3
335	317	4	4
335	317	5	5
335	317	6	6
335	317	7	7
335	317	8	8
335	317	9	9
336	360	0	0
336	360	1	1
336	360	2	2
336	360	3	3
336	360	4	4
336	360	5	5
336	360	6	6
336	360	7	7
336	360	8	8
336	360	9	9
337	361	0	0
337	361	1	1
337	361	2	2
337	361	3	3
337	361	4	4
337	361	5	5
337	361	6	6
337	361	7	7
337	361	8	8
337	361	9	9
338	362	0	0
338	362	1	1
338	362	2	2
338	362	3	3
338	362	4	4
338	362	5	5
338	362	6	6
338	362	7	7
338	362	8	8
338	362	9	9
339	363	0	0
339	363	1	1
339	363	2	2
339	363	3	3
339	363	4	4
339	363	5	5
339	363	6	6
339	363	7	7
339	363	8	8
339	363	9	9
340	364	0	0
341	365	<epsilon>	e
342	366	<epsilon>	e
343	367	<epsilon>	e
344	368	<epsilon>	e
345	369	<epsilon>	e
346	370	<epsilon>	e
347	371	<epsilon>	e
348	372	<epsilon>	e
349	373	<epsilon>	d
349	349	<9>	<epsilon>
349	349	<10>	<epsilon>
349	349	<13>	<epsilon>
349	349	<space>	<epsilon>
350	327	<132>	<epsilon>
351	309	<9>	<epsilon>
351	309	<10>	<epsilon>
351	309	<13>	<epsilon>
351	331	<space>	<epsilon>
351	332	,	<epsilon>
351	327	/	<epsilon>
351	374	0	0
351	375	1	1
351	375	2	2
351	375	3	3
351	375	4	4
351	375	5	5
351	375	6	6
351	375	7	7
351	375	8	8
351	375	9	9
351	328	<226>	<epsilon>
352	309	<9>	<epsilon>
352	309	<10>	<epsilon>
352	309	<13>	<epsilon>
352	331	<space>	<epsilon>
352	376	,	<epsilon>
352	327	/	<epsilon>
352	375	0	0
352	375	1	1
352	375	2	2
352	375	3	3
352	375	4	4
352	375	5	5
352	375	6	6
352	375	7	7
352	375	8	8
352	375	9	9
352	328	<226>	<epsilon>
353	309	<9>	<epsilon>
353	309	<10>	<epsilon>
353	309	<13>	<epsilon>
353	331	<space>	<epsilon>
353	332	,	<epsilon>
353	327	/	<epsilon>
353	374	0	0
353	374	1	1
353	374	2	2
353	374	3	3
353	374	4	4
353	374	5	5
353	374	6	6
353	374	7	7
353	374	8	8
353	374	9	9
353	328	<226>	<epsilon>
354	377	0	0
354	377	1	1
354	377	2	2
354	377	3	3
354	377	4	4
354	377	5	5
354	377	6	6
354	377	7	7
354	377	8	8
354	377	9	9
355	379	<space>	<epsilon>
355	378	0	0
355	378	1	1
355	378	2	2
355	378	3	3
355	378	4	4
355	378	5	5
355	378	6	6
355	378	7	7
355	378	8	8
355	378	9	9
356	380	0	0
356	380	1	1
356	380	2	2
356	380	3	3
356	380	4	4
356	380	5	5
356	380	6	6
356	380	7	7
356	380	8	8
356	380	9	9
357	381	0	0
358	296	<epsilon>	<space>	2
358	358	0	0
358	358	1	1
358	358	2	2
358	358	3	3
358	358	4	4
358	358	5	5
358	358	6	6
358	358	7	7
358	358	8	8
358	358	9	9
359	316	,	<epsilon>
360	296	<epsilon>	<space>	2
360	382	<space>	<epsilon>
361	383	0	0
361	383	1	1
361	383	2	2
361	383	3	3
361	383	4	4
361	383	5	5
361	383	6	6
361	383	7	7
361	383	8	8
361	383	9	9
362	384	0	0
362	384	1	1
362	384	2	2
362	384	3	3
362	384	4	4
362	384	5	5
362	384	6	6
362	384	7	7
362	384	8	8
362	384	9	9
363	296	<epsilon>	<space>	2
363	335	,	<epsilon>
364	385	0	0
365	386	<epsilon>	n
366	387	<epsilon>	n
367	388	<epsilon>	n
368	389	<epsilon>	n
369	390	<epsilon>	n
370	391	<epsilon>	n
371	392	<epsilon>	n
372	393	<epsilon>	n
373	394	<epsilon>	e
374	309	<9>	<epsilon>
374	309	<10>	<epsilon>
374	309	<13>	<epsilon>
374	396	<space>	<epsilon>
374	332	,	<epsilon>
374	327	/	<epsilon>
374	395	0	0
374	395	1	1
374	395	2	2
374	395	3	3
374	395	4	4
374	395	5	5
374	395	6	6
374	395	7	7
374	395	8	8
374	395	9	9
374	328	<226>	<epsilon>
375	309	<9>	<epsilon>
375	309	<10>	<epsilon>
375	309	<13>	<epsilon>
375	396	<space>	<epsilon>
375	376	,	<epsilon>
375	327	/	<epsilon>
375	395	0	0
375	395	1	1
375	395	2	2
375	395	3	3
375	395	4	4
375	395	5	5
375	395	6	6
375	395	7	7
375	395	8	8
375	395	9	9
375	328	<226>	<epsilon>
376	356	0	0
376	356	1	1
376	356	2	2
376	356	3	3
376	356	4	4
376	356	5	5
376	356	6	6
376	356	7	7
376	356	8	8
376	356	9	9
377	397	0	0
377	397	1	1
377	397	2	2
377	397	3	3
377	397	4	4
377	397	5	5
377	397	6	6
377	397	7	7
377	397	8	8
377	397	9	9
378	398	0	0
378	398	1	1
378	398	2	2
378	398	3	3
378	398	4	4
378	398	5	5
378	398	6	6
378	398	7	7
378	398	8	8
378	398	9	9
379	399	0	0
379	399	1	1
379	399	2	2
379	399	3	3
379	399	4	4
379	399	5	5
379	399	6	6
379	399	7	7
379	399	8	8
379	399	9	9
380	400	0	0
380	400	1	1
380	400	2	2
380	400	3	3
380	400	4	4
380	400	5	5
380	400	6	6
380	400	7	7
380	400	8	8
380	400	9	9
381	401	0	0
382	315	0	0
382	315	1	1
382	315	2	2
382	315	3	3
382	315	4	4
382	315	5	5
382	315	6	6
382	315	7	7
382	315	8	8
382	315	9	9
383	296	<epsilon>	<space>	2
383	402	<space>	<epsilon>
384	403	0	0
384	403	1	1
384	403	2	2
384	403	3	3
384	403	4	4
384	403	5	5
384	403	6	6
384	403	7	7
384	403	8	8
384	403	9	9
385	296	<epsilon>	<space>	2
385	404	,	<epsilon>
386	405	<epsilon>	o
387	406	<epsilon>	o
388	407	<epsilon>	o
389	408	<epsilon>	o
390	409	<epsilon>	o
391	410	<epsilon>	o
392	411	<epsilon>	o
393	412	<epsilon>	o
394	413	<epsilon>	n
395	309	<9>	<epsilon>
395	309	<10>	<epsilon>
395	309	<13>	<epsilon>
395	309	<space>	<epsilon>
395	327	/	<epsilon>
395	395	0	0
395	395	1	1
395	395	2	2
395	395	3	3
395	395	4	4
395	395	5	5
395	395	6	6
395	395	7	7
395	395	8	8
395	395	9	9
395	328	<226>	<epsilon>
396	309	<9>	<epsilon>
396	309	<10>	<epsilon>
396	309	<13>	<epsilon>
396	309	<space>	<epsilon>
396	355	,	<epsilon>
396	327	/	<epsilon>
396	328	<226>	<epsilon>
397	309	<9>	<epsilon>
397	309	<10>	<epsilon>
397	309	<13>	<epsilon>
397	414	<space>	<epsilon>
397	327	/	<epsilon>
397	328	<226>	<epsilon>
398	415	0	0
398	415	1	1
398	415	2	2
398	415	3	3
398	415	4	4
398	415	5	5
398	415	6	6
398	415	7	7
398	415	8	8
398	415	9	9
399	416	0	0
399	416	1	1
399	416	2	2
399	416	3	3
399	416	4	4
399	416	5	5
399	416	6	6
399	416	7	7
399	416	8	8
399	416	9	9
400	309	<9>	<epsilon>
400	309	<10>	<epsilon>
400	309	<13>	<epsilon>
400	309	<space>	<epsilon>
400	376	,	<epsilon>
400	327	/	<epsilon>
400	328	<226>	<epsilon>
401	417	0	0
402	418	,	<epsilon>
403	296	<epsilon>	<space>	2
403	419	<space>	<epsilon>
404	318	<space>	<epsilon>
405	420	<epsilon>	m
406	421	<epsilon>	m
407	422	<epsilon>	m
408	423	<epsilon>	m
409	424	<epsilon>	m
410	425	<epsilon>	m
411	426	<epsilon>	m
412	427	<epsilon>	m
413	428	<epsilon>	o
414	309	<9>	<epsilon>
414	309	<10>	<epsilon>
414	309	<13>	<epsilon>
414	309	<space>	<epsilon>
414	327	/	<epsilon>
414	354	0	0
414	354	1	1
414	354	2	2
414	354	3	3
414	354	4	4
414	354	5	5
414	354	6	6
414	354	7	7
414	354	8	8
414	354	9	9
414	328	<226>	<epsilon>
415	309	<9>	<epsilon>
415	309	<10>	<epsilon>
415	309	<13>	<epsilon>
415	429	<space>	<epsilon>
415	327	/	<epsilon>
415	328	<226>	<epsilon>
416	430	0	0
416	430	1	1
416	430	2	2
416	430	3	3
416	430	4	4
416	430	5	5
416	430	6	6
416	430	7	7
416	430	8	8
416	430	9	9
417	309	<9>	<epsilon>
417	309	<10>	<epsilon>
417	309	<13>	<epsilon>
417	309	<space>	<epsilon>
417	431	,	<epsilon>
417	327	/	<epsilon>
417	328	<226>	<epsilon>
418	337	0	0
418	337	1	1
418	337	2	2
418	337	3	3
418	337	4	4
418	337	5	5
418	337	6	6
418	337	7	7
418	337	8	8
418	337	9	9
419	432	,	<epsilon>
420	433	<epsilon>	i
421	434	<epsilon>	i
422	435	<epsilon>	i
423	436	<epsilon>	i
424	437	<epsilon>	i
425	438	<epsilon>	i
426	439	<epsilon>	i
427	440	<epsilon>	i
428	441	<epsilon>	m
429	309	<9>	<epsilon>
429	309	<10>	<epsilon>
429	309	<13>	<epsilon>
429	309	<space>	<epsilon>
429	442	,	<epsilon>
429	327	/	<epsilon>
429	328	<226>	<epsilon>
430	309	<9>	<epsilon>
430	309	<10>	<epsilon>
430	309	<13>	<epsilon>
430	443	<space>	<epsilon>
430	327	/	<epsilon>
430	328	<226>	<epsilon>
431	357	<space>	<epsilon>
432	338	<space>	<epsilon>
433	444	<epsilon>	n
434	445	<epsilon>	n
435	446	<epsilon>	n
436	447	<epsilon>	n
437	448	<epsilon>	n
438	449	<epsilon>	n
439	450	<epsilon>	n
440	451	<epsilon>	n
441	452	<epsilon>	i
442	378	0	0
442	378	1	1
442	378	2	2
442	378	3	3
442	378	4	4
442	378	5	5
442	378	6	6
442	378	7	7
442	378	8	8
442	378	9	9
443	309	<9>	<epsilon>
443	309	<10>	<epsilon>
443	309	<13>	<epsilon>
443	309	<space>	<epsilon>
443	453	,	<epsilon>
443	327	/	<epsilon>
443	328	<226>	<epsilon>
444	454	<epsilon>	a
445	455	<epsilon>	a
446	456	<epsilon>	a
447	457	<epsilon>	a
448	458	<epsilon>	a
449	459	<epsilon>	a
450	460	<epsilon>	a
451	461	<epsilon>	a
452	462	<epsilon>	n
453	379	<space>	<epsilon>
454	463	<epsilon>	t
455	464	<epsilon>	t
456	465	<epsilon>	t
457	466	<epsilon>	t
458	467	<epsilon>	t
459	468	<epsilon>	t
460	469	<epsilon>	t
461	470	<epsilon>	t
462	471	<epsilon>	a
463	472	<epsilon>	o
464	473	<epsilon>	o
465	474	<epsilon>	o
466	475	<epsilon>	o
467	476	<epsilon>	o
468	477	<epsilon>	o
469	478	<epsilon>	o
470	479	<epsilon>	o
471	480	<epsilon>	t
472	481	<epsilon>	r
473	482	<epsilon>	r
474	483	<epsilon>	r
475	484	<epsilon>	r
476	485	<epsilon>	r
477	486	<epsilon>	r
478	487	<epsilon>	r
479	488	<epsilon>	r
480	489	<epsilon>	o
481	490	<epsilon>	:
482	491	<epsilon>	:
483	492	<epsilon>	:
484	493	<epsilon>	:
485	494	<epsilon>	:
486	495	<epsilon>	:
487	496	<epsilon>	:
488	497	<epsilon>	:
489	498	<epsilon>	r
490	499	<epsilon>	<space>
491	500	<epsilon>	<space>
492	501	<epsilon>	<space>
493	502	<epsilon>	<space>
494	503	<epsilon>	<space>
495	504	<epsilon>	<space>
496	505	<epsilon>	<space>
497	506	<epsilon>	<space>
498	507	<epsilon>	:
499	508	<epsilon>	4
500	508	<epsilon>	2
501	508	<144>	7
501	508	<145>	9
501	509	<146>	1
501	508	<147>	3
501	508	<149>	5
501	508	<153>	6
501	508	<155>	8
502	508	<148>	3
502	508	<150>	5
503	508	<151>	5
503	508	<156>	8
504	508	<152>	5
505	508	<154>	6
505	508	<157>	8
506	508	<158>	8
507	510	<epsilon>	<space>
508	296	<epsilon>	<space>
508	513	<space>	<epsilon>
508	514	,	<epsilon>
508	511	0	0
508	512	1	1
508	512	2	2
508	512	3	3
508	512	4	4
508	512	5	5
508	512	6	6
508	512	7	7
508	512	8	8
508	512	9	9
509	511	<epsilon>	0
510	515	0	0
510	508	1	1
510	508	2	2
510	508	3	3
510	508	4	4
510	508	5	5
510	508	6	6
510	508	7	7
510	508	8	8
510	508	9	9
511	296	<epsilon>	<space>
511	513	<space>	<epsilon>
511	514	,	<epsilon>
511	516	0	0
511	517	1	1
511	517	2	2
511	517	3	3
511	517	4	4
511	517	5	5
511	517	6	6
511	517	7	7
511	517	8	8
511	517	9	9
512	296	<epsilon>	<space>
512	513	<space>	<epsilon>
512	514	,	<epsilon>
512	516	0	0
512	518	1	1
512	518	2	2
512	518	3	3
512	518	4	4
512	518	5	5
512	518	6	6
512	518	7	7
512	518	8	8
512	518	9	9
513	520	,	<epsilon>
513	519	0	0
513	519	1	1
513	519	2	2
513	519	3	3
513	519	4	4
513	519	5	5
513	519	6	6
513	519	7	7
513	519	8	8
513	519	9	9
514	522	<space>	<epsilon>
514	521	0	0
514	521	1	1
514	521	2	2
514	521	3	3
514	521	4	4
514	521	5	5
514	521	6	6
514	521	7	7
514	521	8	8
514	521	9	9
515	296	<epsilon>	<space>
516	296	<epsilon>	<space>
516	513	<space>	<epsilon>
516	514	,	<epsilon>
516	523	0	0
516	524	1	1
516	524	2	2
516	524	3	3
516	524	4	4
516	524	5	5
516	524	6	6
516	524	7	7
516	524	8	8
516	524	9	9
517	296	<epsilon>	<space>
517	513	<space>	<epsilon>
517	525	,	<epsilon>
517	524	0	0
517	524	1	1
517	524	2	2
517	524	3	3
517	524	4	4
517	524	5	5
517	524	6	6
517	524	7	7
517	524	8	8
517	524	9	9
518	296	<epsilon>	<space>
518	513	<space>	<epsilon>
518	514	,	<epsilon>
518	523	0	0
518	523	1	1
518	523	2	2
518	523	3	3
518	523	4	4
518	523	5	5
518	523	6	6
518	523	7	7
518	523	8	8
518	523	9	9
519	526	0	0
519	526	1	1
519	526	2	2
519	526	3	3
519	526	4	4
519	526	5	5
519	526	6	6
519	526	7	7
519	526	8	8
519	526	9	9
520	528	<space>	<epsilon>
520	527	0	0
520	527	1	1
520	527	2	2
520	527	3	3
520	527	4	4
520	527	5	5
520	527	6	6
520	527	7	7
520	527	8	8
520	527	9	9
521	529	0	0
521	529	1	1
521	529	2	2
521	529	3	3
521	529	4	4
521	529	5	5
521	529	6	6
521	529	7	7
521	529	8	8
521	529	9	9
522	530	0	0
523	296	<epsilon>	<space>
523	532	<space>	<epsilon>
523	514	,	<epsilon>
523	531	0	0
523	531	1	1
523	531	2	2
523	531	3	3
523	531	4	4
523	531	5	5
523	531	6	6
523	531	7	7
523	531	8	8
523	531	9	9
524	296	<epsilon>	<space>
524	532	<space>	<epsilon>
524	525	,	<epsilon>
524	531	0	0
524	531	1	1
524	531	2	2
524	531	3	3
524	531	4	4
524	531	5	5
524	531	6	6
524	531	7	7
524	531	8	8
524	531	9	9
525	521	0	0
525	521	1	1
525	521	2	2
525	521	3	3
525	521	4	4
525	521	5	5
525	521	6	6
525	521	7	7
525	521	8	8
525	521	9	9
526	533	0	0
526	533	1	1
526	533	2	2
526	533	3	3
526	533	4	4
526	533	5	5
526	533	6	6
526	533	7	7
526	533	8	8
526	533	9	9
527	534	0	0
527	534	1	1
527	534	2	2
527	534	3	3
527	534	4	4
527	534	5	5
527	534	6	6
527	534	7	7
527	534	8	8
527	534	9	9
528	535	0	0
528	535	1	1
528	535	2	2
528	535	3	3
528	535	4	4
528	535	5	5
528	535	6	6
528	535	7	7
528	535	8	8
528	535	9	9
529	536	0	0
529	536	1	1
529	536	2	2
529	536	3	3
529	536	4	4
529	536	5	5
529	536	6	6
529	536	7	7
529	536	8	8
529	536	9	9
530	537	0	0
531	296	<epsilon>	<space>
531	531	0	0
531	531	1	1
531	531	2	2
531	531	3	3
531	531	4	4
531	531	5	5
531	531	6	6
531	531	7	7
531	531	8	8
531	531	9	9
532	520	,	<epsilon>
533	296	<epsilon>	<space>
533	538	<space>	<epsilon>
534	539	0	0
534	539	1	1
534	539	2	2
534	539	3	3
534	539	4	4
534	539	5	5
534	539	6	6
534	539	7	7
534	539	8	8
534	539	9	9
535	540	0	0
535	540	1	1
535	540	2	2
535	540	3	3
535	540	4	4
535	540	5	5
535	540	6	6
535	540	7	7
535	540	8	8
535	540	9	9
536	296	<epsilon>	<space>
536	525	,	<epsilon>
537	541	0	0
538	519	0	0
538	519	1	1
538	519	2	2
538	519	3	3
538	519	4	4
538	519	5	5
538	519	6	6
538	519	7	7
538	519	8	8
538	519	9	9
539	296	<epsilon>	<space>
539	542	<space>	<epsilon>
540	543	0	0
540	543	1	1
540	543	2	2
540	543	3	3
540	543	4	4
540	543	5	5
540	543	6	6
540	543	7	7
540	543	8	8
540	543	9	9
541	296	<epsilon>	<space>
541	544	,	<epsilon>
542	545	,	<epsilon>
543	296	<epsilon>	<space>
543	546	<space>	<epsilon>
544	522	<space>	<epsilon>
545	527	0	0
545	527	1	1
545	527	2	2
545	527	3	3
545	527	4	4
545	527	5	5
545	527	6	6
545	527	7	7
545	527	8	8
545	527	9	9
546	547	,	<epsilon>
547	528	<space>	<epsilon>
