0	1	<epsilon>	f
1	2	<epsilon>	r
2	3	<epsilon>	a
3	4	<epsilon>	c
4	5	<epsilon>	t
5	6	<epsilon>	i
6	7	<epsilon>	o
7	8	<epsilon>	n
8	9	<epsilon>	<space>
9	10	<epsilon>	{
10	11	<epsilon>	<space>
11	12	<epsilon>	n
12	13	<epsilon>	u
13	14	<epsilon>	m
14	15	<epsilon>	e
15	16	<epsilon>	r
16	17	<epsilon>	a
17	18	<epsilon>	t
18	19	<epsilon>	o
19	20	<epsilon>	r
20	21	<epsilon>	:
21	22	<epsilon>	<space>
22	23	-	-
22	33	0	0
22	24	1	1
22	24	2	2
22	24	3	3
22	24	4	4
22	24	5	5
22	24	6	6
22	24	7	7
22	24	8	8
22	24	9	9
22	25	<194>	1
22	26	<194>	3
22	27	<226>	1
22	28	<226>	2
22	29	<226>	3
22	30	<226>	4
22	31	<226>	5
22	32	<226>	7
23	33	0	0
23	24	1	1
23	24	2	2
23	24	3	3
23	24	4	4
23	24	5	5
23	24	6	6
23	24	7	7
23	24	8	8
23	24	9	9
23	25	<194>	1
23	26	<194>	3
23	27	<226>	1
23	28	<226>	2
23	29	<226>	3
23	30	<226>	4
23	31	<226>	5
23	32	<226>	7
24	33	<9>	<epsilon>
24	33	<10>	<epsilon>
24	33	<13>	<epsilon>
24	36	<space>	<epsilon>
24	37	,	<epsilon>
24	65	/	<epsilon>
24	34	0	0
24	35	1	1
24	35	2	2
24	35	3	3
24	35	4	4
24	35	5	5
24	35	6	6
24	35	7	7
24	35	8	8
24	35	9	9
24	46	<226>	<epsilon>
25	38	<188>	<epsilon>
25	39	<189>	<epsilon>
26	38	<190>	<epsilon>
27	40	<133>	<epsilon>
28	41	<133>	<epsilon>
29	42	<133>	<epsilon>
30	43	<133>	<epsilon>
31	44	<133>	<epsilon>
32	45	<133>	<epsilon>
33	33	<9>	<epsilon>
33	33	<10>	<epsilon>
33	33	<13>	<epsilon>
33	33	<space>	<epsilon>
33	65	/	<epsilon>
33	46	<226>	<epsilon>
34	33	<9>	<epsilon>
34	33	<10>	<epsilon>
34	33	<13>	<epsilon>
34	36	<space>	<epsilon>
34	37	,	<epsilon>
34	65	/	<epsilon>
34	48	0	0
34	49	1	1
34	49	2	2
34	49	3	3
34	49	4	4
34	49	5	5
34	49	6	6
34	49	7	7
34	49	8	8
34	49	9	9
34	46	<226>	<epsilon>
35	33	<9>	<epsilon>
35	33	<10>	<epsilon>
35	33	<13>	<epsilon>
35	36	<space>	<epsilon>
35	37	,	<epsilon>
35	65	/	<epsilon>
35	48	0	0
35	50	1	1
35	50	2	2
35	50	3	3
35	50	4	4
35	50	5	5
35	50	6	6
35	50	7	7
35	50	8	8
35	50	9	9
35	46	<226>	<epsilon>
36	33	<9>	<epsilon>
36	33	<10>	<epsilon>
36	33	<13>	<epsilon>
36	33	<space>	<epsilon>
36	52	,	<epsilon>
36	65	/	<epsilon>
36	51	0	0
36	51	1	1
36	51	2	2
36	51	3	3
36	51	4	4
36	51	5	5
36	51	6	6
36	51	7	7
36	51	8	8
36	51	9	9
36	46	<226>	<epsilon>
37	54	<space>	<epsilon>
37	53	0	0
37	53	1	1
37	53	2	2
37	53	3	3
37	53	4	4
37	53	5	5
37	53	6	6
37	53	7	7
37	53	8	8
37	53	9	9
38	55	<epsilon>	<space>
39	56	<epsilon>	<space>
40	57	<epsilon>	<space>
41	58	<epsilon>	<space>
42	59	<epsilon>	<space>
43	60	<epsilon>	<space>
44	61	<epsilon>	<space>
45	62	<epsilon>	<space>
46	47	<129>	<epsilon>
47	65	<132>	<epsilon>
48	33	<9>	<epsilon>
48	33	<10>	<epsilon>
48	33	<13>	<epsilon>
48	36	<space>	<epsilon>
48	37	,	<epsilon>
48	65	/	<epsilon>
48	66	0	0
48	67	1	1
48	67	2	2
48	67	3	3
48	67	4	4
48	67	5	5
48	67	6	6
48	67	7	7
48	67	8	8
48	67	9	9
48	46	<226>	<epsilon>
49	33	<9>	<epsilon>
49	33	<10>	<epsilon>
49	33	<13>	<epsilon>
49	36	<space>	<epsilon>
49	68	,	<epsilon>
49	65	/	<epsilon>
49	67	0	0
49	67	1	1
49	67	2	2
49	67	3	3
49	67	4	4
49	67	5	5
49	67	6	6
49	67	7	7
49	67	8	8
49	67	9	9
49	46	<226>	<epsilon>
50	33	<9>	<epsilon>
50	33	<10>	<epsilon>
50	33	<13>	<epsilon>
50	36	<space>	<epsilon>
50	37	,	<epsilon>
50	65	/	<epsilon>
50	66	0	0
50	66	1	1
50	66	2	2
50	66	3	3
50	66	4	4
50	66	5	5
50	66	6	6
50	66	7	7
50	66	8	8
50	66	9	9
50	46	<226>	<epsilon>
51	69	0	0
51	69	1	1
51	69	2	2
51	69	3	3
51	69	4	4
51	69	5	5
51	69	6	6
51	69	7	7
51	69	8	8
51	69	9	9
52	71	<space>	<epsilon>
52	70	0	0
52	70	1	1
52	70	2	2
52	70	3	3
52	70	4	4
52	70	5	5
52	70	6	6
52	70	7	7
52	70	8	8
52	70	9	9
53	72	0	0
53	72	1	1
53	72	2	2
53	72	3	3
53	72	4	4
53	72	5	5
53	72	6	6
53	72	7	7
53	72	8	8
53	72	9	9
54	73	0	0
55	74	<epsilon>	d
56	75	<epsilon>	d
57	76	<epsilon>	d
58	77	<epsilon>	d
59	78	<epsilon>	d
60	79	<epsilon>	d
61	80	<epsilon>	d
62	81	<epsilon>	d
63	64	<epsilon>	d
63	63	<9>	<epsilon>
63	63	<10>	<epsilon>
63	63	<13>	<epsilon>
63	63	<space>	<epsilon>
64	82	<epsilon>	e
65	63	<epsilon>	<space>
66	33	<9>	<epsilon>
66	33	<10>	<epsilon>
66	33	<13>	<epsilon>
66	84	<space>	<epsilon>
66	37	,	<epsilon>
66	65	/	<epsilon>
66	83	0	0
66	83	1	1
66	83	2	2
66	83	3	3
66	83	4	4
66	83	5	5
66	83	6	6
66	83	7	7
66	83	8	8
66	83	9	9
66	46	<226>	<epsilon>
67	33	<9>	<epsilon>
67	33	<10>	<epsilon>
67	33	<13>	<epsilon>
67	84	<space>	<epsilon>
67	68	,	<epsilon>
67	65	/	<epsilon>
67	83	0	0
67	83	1	1
67	83	2	2
67	83	3	3
67	83	4	4
67	83	5	5
67	83	6	6
67	83	7	7
67	83	8	8
67	83	9	9
67	46	<226>	<epsilon>
68	53	0	0
68	53	1	1
68	53	2	2
68	53	3	3
68	53	4	4
68	53	5	5
68	53	6	6
68	53	7	7
68	53	8	8
68	53	9	9
69	85	0	0
69	85	1	1
69	85	2	2
69	85	3	3
69	85	4	4
69	85	5	5
69	85	6	6
69	85	7	7
69	85	8	8
69	85	9	9
70	86	0	0
70	86	1	1
70	86	2	2
70	86	3	3
70	86	4	4
70	86	5	5
70	86	6	6
70	86	7	7
70	86	8	8
70	86	9	9
71	87	0	0
71	87	1	1
71	87	2	2
71	87	3	3
71	87	4	4
71	87	5	5
71	87	6	6
71	87	7	7
71	87	8	8
71	87	9	9
72	88	0	0
72	88	1	1
72	88	2	2
72	88	3	3
72	88	4	4
72	88	5	5
72	88	6	6
72	88	7	7
72	88	8	8
72	88	9	9
73	89	0	0
74	90	<epsilon>	e
75	91	<epsilon>	e
76	92	<epsilon>	e
77	93	<epsilon>	e
78	94	<epsilon>	e
79	95	<epsilon>	e
80	96	<epsilon>	e
81	97	<epsilon>	e
82	98	<epsilon>	n
83	33	<9>	<epsilon>
83	33	<10>	<epsilon>
83	33	<13>	<epsilon>
83	33	<space>	<epsilon>
83	65	/	<epsilon>
83	83	0	0
83	83	1	1
83	83	2	2
83	83	3	3
83	83	4	4
83	83	5	5
83	83	6	6
83	83	7	7
83	83	8	8
83	83	9	9
83	46	<226>	<epsilon>
84	33	<9>	<epsilon>
84	33	<10>	<epsilon>
84	33	<13>	<epsilon>
84	33	<space>	<epsilon>
84	52	,	<epsilon>
84	65	/	<epsilon>
84	46	<226>	<epsilon>
85	33	<9>	<epsilon>
85	33	<10>	<epsilon>
85	33	<13>	<epsilon>
85	99	<space>	<epsilon>
85	65	/	<epsilon>
85	46	<226>	<epsilon>
86	100	0	0
86	100	1	1
86	100	2	2
86	100	3	3
86	100	4	4
86	100	5	5
86	100	6	6
86	100	7	7
86	100	8	8
86	100	9	9
87	101	0	0
87	101	1	1
87	101	2	2
87	101	3	3
87	101	4	4
87	101	5	5
87	101	6	6
87	101	7	7
87	101	8	8
87	101	9	9
88	33	<9>	<epsilon>
88	33	<10>	<epsilon>
88	33	<13>	<epsilon>
88	33	<space>	<epsilon>
88	68	,	<epsilon>
88	65	/	<epsilon>
88	46	<226>	<epsilon>
89	102	0	0
90	103	<epsilon>	n
91	104	<epsilon>	n
92	105	<epsilon>	n
93	106	<epsilon>	n
94	107	<epsilon>	n
95	108	<epsilon>	n
96	109	<epsilon>	n
97	110	<epsilon>	n
98	111	<epsilon>	o
99	33	<9>	<epsilon>
99	33	<10>	<epsilon>
99	33	<13>	<epsilon>
99	33	<space>	<epsilon>
99	65	/	<epsilon>
99	51	0	0
99	51	1	1
99	51	2	2
99	51	3	3
99	51	4	4
99	51	5	5
99	51	6	6
99	51	7	7
99	51	8	8
99	51	9	9
99	46	<226>	<epsilon>
100	33	<9>	<epsilon>
100	33	<10>	<epsilon>
100	33	<13>	<epsilon>
100	112	<space>	<epsilon>
100	65	/	<epsilon>
100	46	<226>	<epsilon>
101	113	0	0
101	113	1	1
101	113	2	2
101	113	3	3
101	113	4	4
101	113	5	5
101	113	6	6
101	113	7	7
101	113	8	8
101	113	9	9
102	33	<9>	<epsilon>
102	33	<10>	<epsilon>
102	33	<13>	<epsilon>
102	33	<space>	<epsilon>
102	114	,	<epsilon>
102	65	/	<epsilon>
102	46	<226>	<epsilon>
103	115	<epsilon>	o
104	116	<epsilon>	o
105	117	<epsilon>	o
106	118	<epsilon>	o
107	119	<epsilon>	o
108	120	<epsilon>	o
109	121	<epsilon>	o
110	122	<epsilon>	o
111	123	<epsilon>	m
112	33	<9>	<epsilon>
112	33	<10>	<epsilon>
112	33	<13>	<epsilon>
112	33	<space>	<epsilon>
112	124	,	<epsilon>
112	65	/	<epsilon>
112	46	<226>	<epsilon>
113	33	<9>	<epsilon>
113	33	<10>	<epsilon>
113	33	<13>	<epsilon>
113	125	<space>	<epsilon>
113	65	/	<epsilon>
113	46	<226>	<epsilon>
114	54	<space>	<epsilon>
115	126	<epsilon>	m
116	127	<epsilon>	m
117	128	<epsilon>	m
118	129	<epsilon>	m
119	130	<epsilon>	m
120	131	<epsilon>	m
121	132	<epsilon>	m
122	133	<epsilon>	m
123	134	<epsilon>	i
124	70	0	0
124	70	1	1
124	70	2	2
124	70	3	3
124	70	4	4
124	70	5	5
124	70	6	6
124	70	7	7
124	70	8	8
124	70	9	9
125	33	<9>	<epsilon>
125	33	<10>	<epsilon>
125	33	<13>	<epsilon>
125	33	<space>	<epsilon>
125	135	,	<epsilon>
125	65	/	<epsilon>
125	46	<226>	<epsilon>
126	136	<epsilon>	i
127	137	<epsilon>	i
128	138	<epsilon>	i
129	139	<epsilon>	i
130	140	<epsilon>	i
131	141	<epsilon>	i
132	142	<epsilon>	i
133	143	<epsilon>	i
134	144	<epsilon>	n
135	71	<space>	<epsilon>
136	145	<epsilon>	n
137	146	<epsilon>	n
138	147	<epsilon>	n
139	148	<epsilon>	n
140	149	<epsilon>	n
141	150	<epsilon>	n
142	151	<epsilon>	n
143	152	<epsilon>	n
144	153	<epsilon>	a
145	154	<epsilon>	a
146	155	<epsilon>	a
147	156	<epsilon>	a
148	157	<epsilon>	a
149	158	<epsilon>	a
150	159	<epsilon>	a
151	160	<epsilon>	a
152	161	<epsilon>	a
153	162	<epsilon>	t
154	163	<epsilon>	t
155	164	<epsilon>	t
156	165	<epsilon>	t
157	166	<epsilon>	t
158	167	<epsilon>	t
159	168	<epsilon>	t
160	169	<epsilon>	t
161	170	<epsilon>	t
162	171	<epsilon>	o
163	172	<epsilon>	o
164	173	<epsilon>	o
165	174	<epsilon>	o
166	175	<epsilon>	o
167	176	<epsilon>	o
168	177	<epsilon>	o
169	178	<epsilon>	o
170	179	<epsilon>	o
171	180	<epsilon>	r
172	181	<epsilon>	r
173	182	<epsilon>	r
174	183	<epsilon>	r
175	184	<epsilon>	r
176	185	<epsilon>	r
177	186	<epsilon>	r
178	187	<epsilon>	r
179	188	<epsilon>	r
180	189	<epsilon>	:
181	190	<epsilon>	:
182	191	<epsilon>	:
183	192	<epsilon>	:
184	193	<epsilon>	:
185	194	<epsilon>	:
186	195	<epsilon>	:
187	196	<epsilon>	:
188	197	<epsilon>	:
189	198	<epsilon>	<space>
190	199	<epsilon>	<space>
191	200	<epsilon>	<space>
192	201	<epsilon>	<space>
193	202	<epsilon>	<space>
194	203	<epsilon>	<space>
195	204	<epsilon>	<space>
196	205	<epsilon>	<space>
197	206	<epsilon>	<space>
198	207	0	0
198	208	1	1
198	208	2	2
198	208	3	3
198	208	4	4
198	208	5	5
198	208	6	6
198	208	7	7
198	208	8	8
198	208	9	9
199	208	<epsilon>	4
200	208	<epsilon>	2
201	208	<144>	7
201	208	<145>	9
201	209	<146>	1
201	208	<147>	3
201	208	<149>	5
201	208	<153>	6
201	208	<155>	8
202	208	<148>	3
202	208	<150>	5
203	208	<151>	5
203	208	<156>	8
204	208	<152>	5
205	208	<154>	6
205	208	<157>	8
206	208	<158>	8
207	210	<epsilon>	<space>
208	210	<epsilon>	<space>
208	212	<space>	<epsilon>
208	213	,	<epsilon>
208	214	0	0
208	211	1	1
208	211	2	2
208	211	3	3
208	211	4	4
208	211	5	5
208	211	6	6
208	211	7	7
208	211	8	8
208	211	9	9
209	214	<epsilon>	0
210	215	<epsilon>	}
211	210	<epsilon>	<space>
211	212	<space>	<epsilon>
211	213	,	<epsilon>
211	216	0	0
211	218	1	1
211	218	2	2
211	218	3	3
211	218	4	4
211	218	5	5
211	218	6	6
211	218	7	7
211	218	8	8
211	218	9	9
212	220	,	<epsilon>
212	219	0	0
212	219	1	1
212	219	2	2
212	219	3	3
212	219	4	4
212	219	5	5
212	219	6	6
212	219	7	7
212	219	8	8
212	219	9	9
213	222	<space>	<epsilon>
213	221	0	0
213	221	1	1
213	221	2	2
213	221	3	3
213	221	4	4
213	221	5	5
213	221	6	6
213	221	7	7
213	221	8	8
213	221	9	9
214	210	<epsilon>	<space>
214	212	<space>	<epsilon>
214	213	,	<epsilon>
214	216	0	0
214	217	1	1
214	217	2	2
214	217	3	3
214	217	4	4
214	217	5	5
214	217	6	6
214	217	7	7
214	217	8	8
214	217	9	9
215
216	210	<epsilon>	<space>
216	212	<space>	<epsilon>
216	213	,	<epsilon>
216	223	0	0
216	224	1	1
216	224	2	2
216	224	3	3
216	224	4	4
216	224	5	5
216	224	6	6
216	224	7	7
216	224	8	8
216	224	9	9
217	210	<epsilon>	<space>
217	212	<space>	<epsilon>
217	225	,	<epsilon>
217	224	0	0
217	224	1	1
217	224	2	2
217	224	3	3
217	224	4	4
217	224	5	5
217	224	6	6
217	224	7	7
217	224	8	8
217	224	9	9
218	210	<epsilon>	<space>
218	212	<space>	<epsilon>
218	213	,	<epsilon>
218	223	0	0
218	223	1	1
218	223	2	2
218	223	3	3
218	223	4	4
218	223	5	5
218	223	6	6
218	223	7	7
218	223	8	8
218	223	9	9
219	226	0	0
219	226	1	1
219	226	2	2
219	226	3	3
219	226	4	4
219	226	5	5
219	226	6	6
219	226	7	7
219	226	8	8
219	226	9	9
220	228	<space>	<epsilon>
220	227	0	0
220	227	1	1
220	227	2	2
220	227	3	3
220	227	4	4
220	227	5	5
220	227	6	6
220	227	7	7
220	227	8	8
220	227	9	9
221	229	0	0
221	229	1	1
221	229	2	2
221	229	3	3
221	229	4	4
221	229	5	5
221	229	6	6
221	229	7	7
221	229	8	8
221	229	9	9
222	230	0	0
223	210	<epsilon>	<space>
223	232	<space>	<epsilon>
223	213	,	<epsilon>
223	231	0	0
223	231	1	1
223	231	2	2
223	231	3	3
223	231	4	4
223	231	5	5
223	231	6	6
223	231	7	7
223	231	8	8
223	231	9	9
224	210	<epsilon>	<space>
224	232	<space>	<epsilon>
224	225	,	<epsilon>
224	231	0	0
224	231	1	1
224	231	2	2
224	231	3	3
224	231	4	4
224	231	5	5
224	231	6	6
224	231	7	7
224	231	8	8
224	231	9	9
225	221	0	0
225	221	1	1
225	221	2	2
225	221	3	3
225	221	4	4
225	221	5	5
225	221	6	6
225	221	7	7
225	221	8	8
225	221	9	9
226	233	0	0
226	233	1	1
226	233	2	2
226	233	3	3
226	233	4	4
226	233	5	5
226	233	6	6
226	233	7	7
226	233	8	8
226	233	9	9
227	234	0	0
227	234	1	1
227	234	2	2
227	234	3	3
227	234	4	4
227	234	5	5
227	234	6	6
227	234	7	7
227	234	8	8
227	234	9	9
228	235	0	0
228	235	1	1
228	235	2	2
228	235	3	3
228	235	4	4
228	235	5	5
228	235	6	6
228	235	7	7
228	235	8	8
228	235	9	9
229	236	0	0
229	236	1	1
229	236	2	2
229	236	3	3
229	236	4	4
229	236	5	5
229	236	6	6
229	236	7	7
229	236	8	8
229	236	9	9
230	237	0	0
231	210	<epsilon>	<space>
231	231	0	0
231	231	1	1
231	231	2	2
231	231	3	3
231	231	4	4
231	231	5	5
231	231	6	6
231	231	7	7
231	231	8	8
231	231	9	9
232	220	,	<epsilon>
233	210	<epsilon>	<space>
233	238	<space>	<epsilon>
234	239	0	0
234	239	1	1
234	239	2	2
234	239	3	3
234	239	4	4
234	239	5	5
234	239	6	6
234	239	7	7
234	239	8	8
234	239	9	9
235	240	0	0
235	240	1	1
235	240	2	2
235	240	3	3
235	240	4	4
235	240	5	5
235	240	6	6
235	240	7	7
235	240	8	8
235	240	9	9
236	210	<epsilon>	<space>
236	225	,	<epsilon>
237	241	0	0
238	219	0	0
238	219	1	1
238	219	2	2
238	219	3	3
238	219	4	4
238	219	5	5
238	219	6	6
238	219	7	7
238	219	8	8
238	219	9	9
239	210	<epsilon>	<space>
239	242	<space>	<epsilon>
240	243	0	0
240	243	1	1
240	243	2	2
240	243	3	3
240	243	4	4
240	243	5	5
240	243	6	6
240	243	7	7
240	243	8	8
240	243	9	9
241	210	<epsilon>	<space>
241	244	,	<epsilon>
242	245	,	<epsilon>
243	210	<epsilon>	<space>
243	246	<space>	<epsilon>
244	222	<space>	<epsilon>
245	227	0	0
245	227	1	1
245	227	2	2
245	227	3	3
245	227	4	4
245	227	5	5
245	227	6	6
245	227	7	7
245	227	8	8
245	227	9	9
246	247	,	<epsilon>
247	228	<space>	<epsilon>
