0	1	<epsilon>	f
1	2	<epsilon>	r
2	3	<epsilon>	a
3	4	<epsilon>	c
4	5	<epsilon>	t
5	6	<epsilon>	i
6	7	<epsilon>	o
7	8	<epsilon>	n
8	9	<epsilon>	<space>
9	10	<epsilon>	{
10	11	<epsilon>	<space>
11	12	<epsilon>	i
11	13	<epsilon>	n
12	14	<epsilon>	n
13	15	<epsilon>	u
14	16	<epsilon>	t
15	17	<epsilon>	m
16	18	<epsilon>	e
17	19	<epsilon>	e
18	20	<epsilon>	g
19	21	<epsilon>	r
20	22	<epsilon>	e
21	23	<epsilon>	a
22	24	<epsilon>	r
23	25	<epsilon>	t
24	26	<epsilon>	_
25	27	<epsilon>	o
26	28	<epsilon>	p
27	29	<epsilon>	r
28	30	<epsilon>	a
29	31	<epsilon>	:
30	32	<epsilon>	r
31	33	<epsilon>	<space>
32	34	<epsilon>	t
33	35	-	-
33	36	0	0
33	37	1	1
33	37	2	2
33	37	3	3
33	37	4	4
33	37	5	5
33	37	6	6
33	37	7	7
33	37	8	8
33	37	9	9
33	38	<194>	1
33	39	<194>	3
33	40	<226>	1
33	41	<226>	2
33	42	<226>	3
33	43	<226>	4
33	44	<226>	5
33	45	<226>	7
34	46	<epsilon>	:
35	36	0	0
35	37	1	1
35	37	2	2
35	37	3	3
35	37	4	4
35	37	5	5
35	37	6	6
35	37	7	7
35	37	8	8
35	37	9	9
35	38	<194>	1
35	39	<194>	3
35	40	<226>	1
35	41	<226>	2
35	42	<226>	3
35	43	<226>	4
35	44	<226>	5
35	45	<226>	7
36	36	<9>	<epsilon>
36	36	<10>	<epsilon>
36	36	<13>	<epsilon>
36	36	<space>	<epsilon>
36	47	/	<epsilon>
36	48	<226>	<epsilon>
37	36	<9>	<epsilon>
37	36	<10>	<epsilon>
37	36	<13>	<epsilon>
37	51	<space>	<epsilon>
37	52	.	<epsilon>
37	47	/	<epsilon>
37	49	0	0
37	50	1	1
37	50	2	2
37	50	3	3
37	50	4	4
37	50	5	5
37	50	6	6
37	50	7	7
37	50	8	8
37	50	9	9
37	48	<226>	<epsilon>
38	53	<188>	<epsilon>
38	54	<189>	<epsilon>
39	53	<190>	<epsilon>
40	55	<133>	<epsilon>
41	56	<133>	<epsilon>
42	57	<133>	<epsilon>
43	58	<133>	<epsilon>
44	59	<133>	<epsilon>
45	60	<133>	<epsilon>
46	61	<epsilon>	<space>
47	81	<epsilon>	<space>
48	62	<129>	<epsilon>
49	36	<9>	<epsilon>
49	36	<10>	<epsilon>
49	36	<13>	<epsilon>
49	51	<space>	<epsilon>
49	52	.	<epsilon>
49	47	/	<epsilon>
49	63	0	0
49	64	1	1
49	64	2	2
49	64	3	3
49	64	4	4
49	64	5	5
49	64	6	6
49	64	7	7
49	64	8	8
49	64	9	9
49	48	<226>	<epsilon>
50	36	<9>	<epsilon>
50	36	<10>	<epsilon>
50	36	<13>	<epsilon>
50	51	<space>	<epsilon>
50	52	.	<epsilon>
50	47	/	<epsilon>
50	63	0	0
50	65	1	1
50	65	2	2
50	65	3	3
50	65	4	4
50	65	5	5
50	65	6	6
50	65	7	7
50	65	8	8
50	65	9	9
50	48	<226>	<epsilon>
51	36	<9>	<epsilon>
51	36	<10>	<epsilon>
51	36	<13>	<epsilon>
51	36	<space>	<epsilon>
51	67	.	<epsilon>
51	47	/	<epsilon>
51	66	0	0
51	66	1	1
51	66	2	2
51	66	3	3
51	66	4	4
51	66	5	5
51	66	6	6
51	66	7	7
51	66	8	8
51	66	9	9
51	48	<226>	<epsilon>
52	69	<space>	<epsilon>
52	68	0	0
52	68	1	1
52	68	2	2
52	68	3	3
52	68	4	4
52	68	5	5
52	68	6	6
52	68	7	7
52	68	8	8
52	68	9	9
53	70	<epsilon>	<space>
54	71	<epsilon>	<space>
55	72	<epsilon>	<space>
56	73	<epsilon>	<space>
57	74	<epsilon>	<space>
58	75	<epsilon>	<space>
59	76	<epsilon>	<space>
60	77	<epsilon>	<space>
61	78	-	-
61	79	0	0
61	80	1	1
61	80	2	2
61	80	3	3
61	80	4	4
61	80	5	5
61	80	6	6
61	80	7	7
61	80	8	8
61	80	9	9
62	47	<132>	<epsilon>
63	36	<9>	<epsilon>
63	36	<10>	<epsilon>
63	36	<13>	<epsilon>
63	51	<space>	<epsilon>
63	52	.	<epsilon>
63	47	/	<epsilon>
63	83	0	0
63	84	1	1
63	84	2	2
63	84	3	3
63	84	4	4
63	84	5	5
63	84	6	6
63	84	7	7
63	84	8	8
63	84	9	9
63	48	<226>	<epsilon>
64	36	<9>	<epsilon>
64	36	<10>	<epsilon>
64	36	<13>	<epsilon>
64	51	<space>	<epsilon>
64	85	.	<epsilon>
64	47	/	<epsilon>
64	84	0	0
64	84	1	1
64	84	2	2
64	84	3	3
64	84	4	4
64	84	5	5
64	84	6	6
64	84	7	7
64	84	8	8
64	84	9	9
64	48	<226>	<epsilon>
65	36	<9>	<epsilon>
65	36	<10>	<epsilon>
65	36	<13>	<epsilon>
65	51	<space>	<epsilon>
65	52	.	<epsilon>
65	47	/	<epsilon>
65	83	0	0
65	83	1	1
65	83	2	2
65	83	3	3
65	83	4	4
65	83	5	5
65	83	6	6
65	83	7	7
65	83	8	8
65	83	9	9
65	48	<226>	<epsilon>
66	86	0	0
66	86	1	1
66	86	2	2
66	86	3	3
66	86	4	4
66	86	5	5
66	86	6	6
66	86	7	7
66	86	8	8
66	86	9	9
67	88	<space>	<epsilon>
67	87	0	0
67	87	1	1
67	87	2	2
67	87	3	3
67	87	4	4
67	87	5	5
67	87	6	6
67	87	7	7
67	87	8	8
67	87	9	9
68	89	0	0
68	89	1	1
68	89	2	2
68	89	3	3
68	89	4	4
68	89	5	5
68	89	6	6
68	89	7	7
68	89	8	8
68	89	9	9
69	90	0	0
70	91	<epsilon>	d
71	92	<epsilon>	d
72	93	<epsilon>	d
73	94	<epsilon>	d
74	95	<epsilon>	d
75	96	<epsilon>	d
76	97	<epsilon>	d
77	98	<epsilon>	d
78	79	0	0
78	80	1	1
78	80	2	2
78	80	3	3
78	80	4	4
78	80	5	5
78	80	6	6
78	80	7	7
78	80	8	8
78	80	9	9
79	99	<epsilon>	<space>
79	100	<9>	<epsilon>
79	100	<10>	<epsilon>
79	100	<13>	<epsilon>
79	100	<space>	<epsilon>
80	99	<epsilon>	<space>
80	100	<9>	<epsilon>
80	100	<10>	<epsilon>
80	100	<13>	<epsilon>
80	103	<space>	<epsilon>
80	104	.	<epsilon>
80	101	0	0
80	102	1	1
80	102	2	2
80	102	3	3
80	102	4	4
80	102	5	5
80	102	6	6
80	102	7	7
80	102	8	8
80	102	9	9
81	82	<epsilon>	d
81	81	<9>	<epsilon>
81	81	<10>	<epsilon>
81	81	<13>	<epsilon>
81	81	<space>	<epsilon>
82	105	<epsilon>	e
83	36	<9>	<epsilon>
83	36	<10>	<epsilon>
83	36	<13>	<epsilon>
83	107	<space>	<epsilon>
83	52	.	<epsilon>
83	47	/	<epsilon>
83	106	0	0
83	106	1	1
83	106	2	2
83	106	3	3
83	106	4	4
83	106	5	5
83	106	6	6
83	106	7	7
83	106	8	8
83	106	9	9
83	48	<226>	<epsilon>
84	36	<9>	<epsilon>
84	36	<10>	<epsilon>
84	36	<13>	<epsilon>
84	107	<space>	<epsilon>
84	85	.	<epsilon>
84	47	/	<epsilon>
84	106	0	0
84	106	1	1
84	106	2	2
84	106	3	3
84	106	4	4
84	106	5	5
84	106	6	6
84	106	7	7
84	106	8	8
84	106	9	9
84	48	<226>	<epsilon>
85	68	0	0
85	68	1	1
85	68	2	2
85	68	3	3
85	68	4	4
85	68	5	5
85	68	6	6
85	68	7	7
85	68	8	8
85	68	9	9
86	108	0	0
86	108	1	1
86	108	2	2
86	108	3	3
86	108	4	4
86	108	5	5
86	108	6	6
86	108	7	7
86	108	8	8
86	108	9	9
87	109	0	0
87	109	1	1
87	109	2	2
87	109	3	3
87	109	4	4
87	109	5	5
87	109	6	6
87	109	7	7
87	109	8	8
87	109	9	9
88	110	0	0
88	110	1	1
88	110	2	2
88	110	3	3
88	110	4	4
88	110	5	5
88	110	6	6
88	110	7	7
88	110	8	8
88	110	9	9
89	111	0	0
89	111	1	1
89	111	2	2
89	111	3	3
89	111	4	4
89	111	5	5
89	111	6	6
89	111	7	7
89	111	8	8
89	111	9	9
90	112	0	0
91	113	<epsilon>	e
92	114	<epsilon>	e
93	115	<epsilon>	e
94	116	<epsilon>	e
95	117	<epsilon>	e
96	118	<epsilon>	e
97	119	<epsilon>	e
98	120	<epsilon>	e
99	121	<epsilon>	n
100	122	<epsilon>	<space>
100	100	<9>	<epsilon>
100	100	<10>	<epsilon>
100	100	<13>	<epsilon>
100	100	<space>	<epsilon>
101	99	<epsilon>	<space>
101	100	<9>	<epsilon>
101	100	<10>	<epsilon>
101	100	<13>	<epsilon>
101	103	<space>	<epsilon>
101	104	.	<epsilon>
101	123	0	0
101	124	1	1
101	124	2	2
101	124	3	3
101	124	4	4
101	124	5	5
101	124	6	6
101	124	7	7
101	124	8	8
101	124	9	9
102	99	<epsilon>	<space>
102	100	<9>	<epsilon>
102	100	<10>	<epsilon>
102	100	<13>	<epsilon>
102	103	<space>	<epsilon>
102	104	.	<epsilon>
102	123	0	0
102	125	1	1
102	125	2	2
102	125	3	3
102	125	4	4
102	125	5	5
102	125	6	6
102	125	7	7
102	125	8	8
102	125	9	9
103	122	<epsilon>	<space>
103	100	<9>	<epsilon>
103	100	<10>	<epsilon>
103	100	<13>	<epsilon>
103	100	<space>	<epsilon>
103	127	.	<epsilon>
103	126	0	0
103	126	1	1
103	126	2	2
103	126	3	3
103	126	4	4
103	126	5	5
103	126	6	6
103	126	7	7
103	126	8	8
103	126	9	9
104	129	<space>	<epsilon>
104	128	0	0
104	128	1	1
104	128	2	2
104	128	3	3
104	128	4	4
104	128	5	5
104	128	6	6
104	128	7	7
104	128	8	8
104	128	9	9
105	130	<epsilon>	n
106	36	<9>	<epsilon>
106	36	<10>	<epsilon>
106	36	<13>	<epsilon>
106	36	<space>	<epsilon>
106	47	/	<epsilon>
106	106	0	0
106	106	1	1
106	106	2	2
106	106	3	3
106	106	4	4
106	106	5	5
106	106	6	6
106	106	7	7
106	106	8	8
106	106	9	9
106	48	<226>	<epsilon>
107	36	<9>	<epsilon>
107	36	<10>	<epsilon>
107	36	<13>	<epsilon>
107	36	<space>	<epsilon>
107	67	.	<epsilon>
107	47	/	<epsilon>
107	48	<226>	<epsilon>
108	36	<9>	<epsilon>
108	36	<10>	<epsilon>
108	36	<13>	<epsilon>
108	131	<space>	<epsilon>
108	47	/	<epsilon>
108	48	<226>	<epsilon>
109	132	0	0
109	132	1	1
109	132	2	2
109	132	3	3
109	132	4	4
109	132	5	5
109	132	6	6
109	132	7	7
109	132	8	8
109	132	9	9
110	133	0	0
110	133	1	1
110	133	2	2
110	133	3	3
110	133	4	4
110	133	5	5
110	133	6	6
110	133	7	7
110	133	8	8
110	133	9	9
111	36	<9>	<epsilon>
111	36	<10>	<epsilon>
111	36	<13>	<epsilon>
111	36	<space>	<epsilon>
111	85	.	<epsilon>
111	47	/	<epsilon>
111	48	<226>	<epsilon>
112	134	0	0
113	135	<epsilon>	n
114	136	<epsilon>	n
115	137	<epsilon>	n
116	138	<epsilon>	n
117	139	<epsilon>	n
118	140	<epsilon>	n
119	141	<epsilon>	n
120	142	<epsilon>	n
121	143	<epsilon>	u
122	144	<epsilon>	n
123	99	<epsilon>	<space>
123	100	<9>	<epsilon>
123	100	<10>	<epsilon>
123	100	<13>	<epsilon>
123	103	<space>	<epsilon>
123	104	.	<epsilon>
123	145	0	0
123	146	1	1
123	146	2	2
123	146	3	3
123	146	4	4
123	146	5	5
123	146	6	6
123	146	7	7
123	146	8	8
123	146	9	9
124	99	<epsilon>	<space>
124	100	<9>	<epsilon>
124	100	<10>	<epsilon>
124	100	<13>	<epsilon>
124	103	<space>	<epsilon>
124	147	.	<epsilon>
124	146	0	0
124	146	1	1
124	146	2	2
124	146	3	3
124	146	4	4
124	146	5	5
124	146	6	6
124	146	7	7
124	146	8	8
124	146	9	9
125	99	<epsilon>	<space>
125	100	<9>	<epsilon>
125	100	<10>	<epsilon>
125	100	<13>	<epsilon>
125	103	<space>	<epsilon>
125	104	.	<epsilon>
125	145	0	0
125	145	1	1
125	145	2	2
125	145	3	3
125	145	4	4
125	145	5	5
125	145	6	6
125	145	7	7
125	145	8	8
125	145	9	9
126	148	0	0
126	148	1	1
126	148	2	2
126	148	3	3
126	148	4	4
126	148	5	5
126	148	6	6
126	148	7	7
126	148	8	8
126	148	9	9
127	150	<space>	<epsilon>
127	149	0	0
127	149	1	1
127	149	2	2
127	149	3	3
127	149	4	4
127	149	5	5
127	149	6	6
127	149	7	7
127	149	8	8
127	149	9	9
128	151	0	0
128	151	1	1
128	151	2	2
128	151	3	3
128	151	4	4
128	151	5	5
128	151	6	6
128	151	7	7
128	151	8	8
128	151	9	9
129	152	0	0
130	153	<epsilon>	o
131	36	<9>	<epsilon>
131	36	<10>	<epsilon>
131	36	<13>	<epsilon>
131	36	<space>	<epsilon>
131	47	/	<epsilon>
131	66	0	0
131	66	1	1
131	66	2	2
131	66	3	3
131	66	4	4
131	66	5	5
131	66	6	6
131	66	7	7
131	66	8	8
131	66	9	9
131	48	<226>	<epsilon>
132	36	<9>	<epsilon>
132	36	<10>	<epsilon>
132	36	<13>	<epsilon>
132	154	<space>	<epsilon>
132	47	/	<epsilon>
132	48	<226>	<epsilon>
133	155	0	0
133	155	1	1
133	155	2	2
133	155	3	3
133	155	4	4
133	155	5	5
133	155	6	6
133	155	7	7
133	155	8	8
133	155	9	9
134	36	<9>	<epsilon>
134	36	<10>	<epsilon>
134	36	<13>	<epsilon>
134	36	<space>	<epsilon>
134	156	.	<epsilon>
134	47	/	<epsilon>
134	48	<226>	<epsilon>
135	157	<epsilon>	o
136	158	<epsilon>	o
137	159	<epsilon>	o
138	160	<epsilon>	o
139	161	<epsilon>	o
140	162	<epsilon>	o
141	163	<epsilon>	o
142	164	<epsilon>	o
143	165	<epsilon>	m
144	166	<epsilon>	u
145	99	<epsilon>	<space>
145	100	<9>	<epsilon>
145	100	<10>	<epsilon>
145	100	<13>	<epsilon>
145	168	<space>	<epsilon>
145	104	.	<epsilon>
145	167	0	0
145	167	1	1
145	167	2	2
145	167	3	3
145	167	4	4
145	167	5	5
145	167	6	6
145	167	7	7
145	167	8	8
145	167	9	9
146	99	<epsilon>	<space>
146	100	<9>	<epsilon>
146	100	<10>	<epsilon>
146	100	<13>	<epsilon>
146	168	<space>	<epsilon>
146	147	.	<epsilon>
146	167	0	0
146	167	1	1
146	167	2	2
146	167	3	3
146	167	4	4
146	167	5	5
146	167	6	6
146	167	7	7
146	167	8	8
146	167	9	9
147	128	0	0
147	128	1	1
147	128	2	2
147	128	3	3
147	128	4	4
147	128	5	5
147	128	6	6
147	128	7	7
147	128	8	8
147	128	9	9
148	169	0	0
148	169	1	1
148	169	2	2
148	169	3	3
148	169	4	4
148	169	5	5
148	169	6	6
148	169	7	7
148	169	8	8
148	169	9	9
149	170	0	0
149	170	1	1
149	170	2	2
149	170	3	3
149	170	4	4
149	170	5	5
149	170	6	6
149	170	7	7
149	170	8	8
149	170	9	9
150	171	0	0
150	171	1	1
150	171	2	2
150	171	3	3
150	171	4	4
150	171	5	5
150	171	6	6
150	171	7	7
150	171	8	8
150	171	9	9
151	172	0	0
151	172	1	1
151	172	2	2
151	172	3	3
151	172	4	4
151	172	5	5
151	172	6	6
151	172	7	7
151	172	8	8
151	172	9	9
152	173	0	0
153	174	<epsilon>	m
154	36	<9>	<epsilon>
154	36	<10>	<epsilon>
154	36	<13>	<epsilon>
154	36	<space>	<epsilon>
154	175	.	<epsilon>
154	47	/	<epsilon>
154	48	<226>	<epsilon>
155	36	<9>	<epsilon>
155	36	<10>	<epsilon>
155	36	<13>	<epsilon>
155	176	<space>	<epsilon>
155	47	/	<epsilon>
155	48	<226>	<epsilon>
156	69	<space>	<epsilon>
157	177	<epsilon>	m
158	178	<epsilon>	m
159	179	<epsilon>	m
160	180	<epsilon>	m
161	181	<epsilon>	m
162	182	<epsilon>	m
163	183	<epsilon>	m
164	184	<epsilon>	m
165	185	<epsilon>	e
166	186	<epsilon>	m
167	99	<epsilon>	<space>
167	100	<9>	<epsilon>
167	100	<10>	<epsilon>
167	100	<13>	<epsilon>
167	100	<space>	<epsilon>
167	167	0	0
167	167	1	1
167	167	2	2
167	167	3	3
167	167	4	4
167	167	5	5
167	167	6	6
167	167	7	7
167	167	8	8
167	167	9	9
168	122	<epsilon>	<space>
168	100	<9>	<epsilon>
168	100	<10>	<epsilon>
168	100	<13>	<epsilon>
168	100	<space>	<epsilon>
168	127	.	<epsilon>
169	99	<epsilon>	<space>
169	100	<9>	<epsilon>
169	100	<10>	<epsilon>
169	100	<13>	<epsilon>
169	187	<space>	<epsilon>
170	188	0	0
170	188	1	1
170	188	2	2
170	188	3	3
170	188	4	4
170	188	5	5
170	188	6	6
170	188	7	7
170	188	8	8
170	188	9	9
171	189	0	0
171	189	1	1
171	189	2	2
171	189	3	3
171	189	4	4
171	189	5	5
171	189	6	6
171	189	7	7
171	189	8	8
171	189	9	9
172	99	<epsilon>	<space>
172	100	<9>	<epsilon>
172	100	<10>	<epsilon>
172	100	<13>	<epsilon>
172	100	<space>	<epsilon>
172	147	.	<epsilon>
173	190	0	0
174	191	<epsilon>	i
175	87	0	0
175	87	1	1
175	87	2	2
175	87	3	3
175	87	4	4
175	87	5	5
175	87	6	6
175	87	7	7
175	87	8	8
175	87	9	9
176	36	<9>	<epsilon>
176	36	<10>	<epsilon>
176	36	<13>	<epsilon>
176	36	<space>	<epsilon>
176	192	.	<epsilon>
176	47	/	<epsilon>
176	48	<226>	<epsilon>
177	193	<epsilon>	i
178	194	<epsilon>	i
179	195	<epsilon>	i
180	196	<epsilon>	i
181	197	<epsilon>	i
182	198	<epsilon>	i
183	199	<epsilon>	i
184	200	<epsilon>	i
185	201	<epsilon>	r
186	202	<epsilon>	e
187	122	<epsilon>	<space>
187	100	<9>	<epsilon>
187	100	<10>	<epsilon>
187	100	<13>	<epsilon>
187	100	<space>	<epsilon>
187	126	0	0
187	126	1	1
187	126	2	2
187	126	3	3
187	126	4	4
187	126	5	5
187	126	6	6
187	126	7	7
187	126	8	8
187	126	9	9
188	99	<epsilon>	<space>
188	100	<9>	<epsilon>
188	100	<10>	<epsilon>
188	100	<13>	<epsilon>
188	203	<space>	<epsilon>
189	204	0	0
189	204	1	1
189	204	2	2
189	204	3	3
189	204	4	4
189	204	5	5
189	204	6	6
189	204	7	7
189	204	8	8
189	204	9	9
190	99	<epsilon>	<space>
190	100	<9>	<epsilon>
190	100	<10>	<epsilon>
190	100	<13>	<epsilon>
190	100	<space>	<epsilon>
190	205	.	<epsilon>
191	206	<epsilon>	n
192	88	<space>	<epsilon>
193	207	<epsilon>	n
194	208	<epsilon>	n
195	209	<epsilon>	n
196	210	<epsilon>	n
197	211	<epsilon>	n
198	212	<epsilon>	n
199	213	<epsilon>	n
200	214	<epsilon>	n
201	215	<epsilon>	a
202	216	<epsilon>	r
203	122	<epsilon>	<space>
203	100	<9>	<epsilon>
203	100	<10>	<epsilon>
203	100	<13>	<epsilon>
203	100	<space>	<epsilon>
203	217	.	<epsilon>
204	99	<epsilon>	<space>
204	100	<9>	<epsilon>
204	100	<10>	<epsilon>
204	100	<13>	<epsilon>
204	218	<space>	<epsilon>
205	129	<space>	<epsilon>
206	219	<epsilon>	a
207	220	<epsilon>	a
208	221	<epsilon>	a
209	222	<epsilon>	a
210	223	<epsilon>	a
211	224	<epsilon>	a
212	225	<epsilon>	a
213	226	<epsilon>	a
214	227	<epsilon>	a
215	228	<epsilon>	t
216	229	<epsilon>	a
217	149	0	0
217	149	1	1
217	149	2	2
217	149	3	3
217	149	4	4
217	149	5	5
217	149	6	6
217	149	7	7
217	149	8	8
217	149	9	9
218	122	<epsilon>	<space>
218	100	<9>	<epsilon>
218	100	<10>	<epsilon>
218	100	<13>	<epsilon>
218	100	<space>	<epsilon>
218	230	.	<epsilon>
219	231	<epsilon>	t
220	232	<epsilon>	t
221	233	<epsilon>	t
222	234	<epsilon>	t
223	235	<epsilon>	t
224	236	<epsilon>	t
225	237	<epsilon>	t
226	238	<epsilon>	t
227	239	<epsilon>	t
228	240	<epsilon>	o
229	241	<epsilon>	t
230	150	<space>	<epsilon>
231	242	<epsilon>	o
232	243	<epsilon>	o
233	244	<epsilon>	o
234	245	<epsilon>	o
235	246	<epsilon>	o
236	247	<epsilon>	o
237	248	<epsilon>	o
238	249	<epsilon>	o
239	250	<epsilon>	o
240	251	<epsilon>	r
241	252	<epsilon>	o
242	253	<epsilon>	r
243	254	<epsilon>	r
244	255	<epsilon>	r
245	256	<epsilon>	r
246	257	<epsilon>	r
247	258	<epsilon>	r
248	259	<epsilon>	r
249	260	<epsilon>	r
250	261	<epsilon>	r
251	262	<epsilon>	:
252	263	<epsilon>	r
253	264	<epsilon>	:
254	265	<epsilon>	:
255	266	<epsilon>	:
256	267	<epsilon>	:
257	268	<epsilon>	:
258	269	<epsilon>	:
259	270	<epsilon>	:
260	271	<epsilon>	:
261	272	<epsilon>	:
262	273	<epsilon>	<space>
263	274	<epsilon>	:
264	275	<epsilon>	<space>
265	276	<epsilon>	<space>
266	277	<epsilon>	<space>
267	278	<epsilon>	<space>
268	279	<epsilon>	<space>
269	280	<epsilon>	<space>
270	281	<epsilon>	<space>
271	282	<epsilon>	<space>
272	283	<epsilon>	<space>
273	284	<194>	1
273	285	<194>	3
273	286	<226>	1
273	287	<226>	2
273	288	<226>	3
273	289	<226>	4
273	290	<226>	5
273	291	<226>	7
274	292	<epsilon>	<space>
275	293	0	0
275	294	1	1
275	294	2	2
275	294	3	3
275	294	4	4
275	294	5	5
275	294	6	6
275	294	7	7
275	294	8	8
275	294	9	9
276	294	<epsilon>	4
277	294	<epsilon>	2
278	294	<144>	7
278	294	<145>	9
278	295	<146>	1
278	294	<147>	3
278	294	<149>	5
278	294	<153>	6
278	294	<155>	8
279	294	<148>	3
279	294	<150>	5
280	294	<151>	5
280	294	<156>	8
281	294	<152>	5
282	294	<154>	6
282	294	<157>	8
283	294	<158>	8
284	296	<188>	<epsilon>
284	297	<189>	<epsilon>
285	296	<190>	<epsilon>
286	298	<133>	<epsilon>
287	299	<133>	<epsilon>
288	300	<133>	<epsilon>
289	301	<133>	<epsilon>
290	302	<133>	<epsilon>
291	303	<133>	<epsilon>
292	304	0	0
292	305	1	1
292	305	2	2
292	305	3	3
292	305	4	4
292	305	5	5
292	305	6	6
292	305	7	7
292	305	8	8
292	305	9	9
292	284	<194>	1
292	285	<194>	3
292	286	<226>	1
292	287	<226>	2
292	288	<226>	3
292	289	<226>	4
292	290	<226>	5
292	291	<226>	7
293	306	<epsilon>	<space>	2
294	306	<epsilon>	<space>	2
294	308	<space>	<epsilon>
294	309	.	<epsilon>
294	310	0	0
294	307	1	1
294	307	2	2
294	307	3	3
294	307	4	4
294	307	5	5
294	307	6	6
294	307	7	7
294	307	8	8
294	307	9	9
295	310	<epsilon>	0
296	311	<epsilon>	<space>
297	312	<epsilon>	<space>
298	313	<epsilon>	<space>
299	314	<epsilon>	<space>
300	315	<epsilon>	<space>
301	316	<epsilon>	<space>
302	317	<epsilon>	<space>
303	318	<epsilon>	<space>
304	304	<9>	<epsilon>
304	304	<10>	<epsilon>
304	304	<13>	<epsilon>
304	304	<space>	<epsilon>
304	319	/	<epsilon>
304	320	<226>	<epsilon>
305	304	<9>	<epsilon>
305	304	<10>	<epsilon>
305	304	<13>	<epsilon>
305	323	<space>	<epsilon>
305	324	.	<epsilon>
305	319	/	<epsilon>
305	321	0	0
305	322	1	1
305	322	2	2
305	322	3	3
305	322	4	4
305	322	5	5
305	322	6	6
305	322	7	7
305	322	8	8
305	322	9	9
305	320	<226>	<epsilon>
306	325	<epsilon>	}
307	306	<epsilon>	<space>	2
307	308	<space>	<epsilon>
307	309	.	<epsilon>
307	326	0	0
307	328	1	1
307	328	2	2
307	328	3	3
307	328	4	4
307	328	5	5
307	328	6	6
307	328	7	7
307	328	8	8
307	328	9	9
308	330	.	<epsilon>
308	329	0	0
308	329	1	1
308	329	2	2
308	329	3	3
308	329	4	4
308	329	5	5
308	329	6	6
308	329	7	7
308	329	8	8
308	329	9	9
309	332	<space>	<epsilon>
309	331	0	0
309	331	1	1
309	331	2	2
309	331	3	3
309	331	4	4
309	331	5	5
309	331	6	6
309	331	7	7
309	331	8	8
309	331	9	9
310	306	<epsilon>	<space>	2
310	308	<space>	<epsilon>
310	309	.	<epsilon>
310	326	0	0
310	327	1	1
310	327	2	2
310	327	3	3
310	327	4	4
310	327	5	5
310	327	6	6
310	327	7	7
310	327	8	8
310	327	9	9
311	333	<epsilon>	d
312	334	<epsilon>	d
313	335	<epsilon>	d
314	336	<epsilon>	d
315	337	<epsilon>	d
316	338	<epsilon>	d
317	339	<epsilon>	d
318	340	<epsilon>	d
319	365	<epsilon>	<space>
320	341	<129>	<epsilon>
321	304	<9>	<epsilon>
321	304	<10>	<epsilon>
321	304	<13>	<epsilon>
321	323	<space>	<epsilon>
321	324	.	<epsilon>
321	319	/	<epsilon>
321	342	0	0
321	343	1	1
321	343	2	2
321	343	3	3
321	343	4	4
321	343	5	5
321	343	6	6
321	343	7	7
321	343	8	8
321	343	9	9
321	320	<226>	<epsilon>
322	304	<9>	<epsilon>
322	304	<10>	<epsilon>
322	304	<13>	<epsilon>
322	323	<space>	<epsilon>
322	324	.	<epsilon>
322	319	/	<epsilon>
322	342	0	0
322	344	1	1
322	344	2	2
322	344	3	3
322	344	4	4
322	344	5	5
322	344	6	6
322	344	7	7
322	344	8	8
322	344	9	9
322	320	<226>	<epsilon>
323	304	<9>	<epsilon>
323	304	<10>	<epsilon>
323	304	<13>	<epsilon>
323	304	<space>	<epsilon>
323	346	.	<epsilon>
323	319	/	<epsilon>
323	345	0	0
323	345	1	1
323	345	2	2
323	345	3	3
323	345	4	4
323	345	5	5
323	345	6	6
323	345	7	7
323	345	8	8
323	345	9	9
323	320	<226>	<epsilon>
324	348	<space>	<epsilon>
324	347	0	0
324	347	1	1
324	347	2	2
324	347	3	3
324	347	4	4
324	347	5	5
324	347	6	6
324	347	7	7
324	347	8	8
324	347	9	9
325
326	306	<epsilon>	<space>	2
326	308	<space>	<epsilon>
326	309	.	<epsilon>
326	349	0	0
326	350	1	1
326	350	2	2
326	350	3	3
326	350	4	4
326	350	5	5
326	350	6	6
326	350	7	7
326	350	8	8
326	350	9	9
327	306	<epsilon>	<space>	2
327	308	<space>	<epsilon>
327	351	.	<epsilon>
327	350	0	0
327	350	1	1
327	350	2	2
327	350	3	3
327	350	4	4
327	350	5	5
327	350	6	6
327	350	7	7
327	350	8	8
327	350	9	9
328	306	<epsilon>	<space>	2
328	308	<space>	<epsilon>
328	309	.	<epsilon>
328	349	0	0
328	349	1	1
328	349	2	2
328	349	3	3
328	349	4	4
328	349	5	5
328	349	6	6
328	349	7	7
328	349	8	8
328	349	9	9
329	352	0	0
329	352	1	1
329	352	2	2
329	352	3	3
329	352	4	4
329	352	5	5
329	352	6	6
329	352	7	7
329	352	8	8
329	352	9	9
330	354	<space>	<epsilon>
330	353	0	0
330	353	1	1
330	353	2	2
330	353	3	3
330	353	4	4
330	353	5	5
330	353	6	6
330	353	7	7
330	353	8	8
330	353	9	9
331	355	0	0
331	355	1	1
331	355	2	2
331	355	3	3
331	355	4	4
331	355	5	5
331	355	6	6
331	355	7	7
331	355	8	8
331	355	9	9
332	356	0	0
333	357	<epsilon>	e
334	358	<epsilon>	e
335	359	<epsilon>	e
336	360	<epsilon>	e
337	361	<epsilon>	e
338	362	<epsilon>	e
339	363	<epsilon>	e
340	364	<epsilon>	e
341	319	<132>	<epsilon>
342	304	<9>	<epsilon>
342	304	<10>	<epsilon>
342	304	<13>	<epsilon>
342	323	<space>	<epsilon>
342	324	.	<epsilon>
342	319	/	<epsilon>
342	367	0	0
342	368	1	1
342	368	2	2
342	368	3	3
342	368	4	4
342	368	5	5
342	368	6	6
342	368	7	7
342	368	8	8
342	368	9	9
342	320	<226>	<epsilon>
343	304	<9>	<epsilon>
343	304	<10>	<epsilon>
343	304	<13>	<epsilon>
343	323	<space>	<epsilon>
343	369	.	<epsilon>
343	319	/	<epsilon>
343	368	0	0
343	368	1	1
343	368	2	2
343	368	3	3
343	368	4	4
343	368	5	5
343	368	6	6
343	368	7	7
343	368	8	8
343	368	9	9
343	320	<226>	<epsilon>
344	304	<9>	<epsilon>
344	304	<10>	<epsilon>
344	304	<13>	<epsilon>
344	323	<space>	<epsilon>
344	324	.	<epsilon>
344	319	/	<epsilon>
344	367	0	0
344	367	1	1
344	367	2	2
344	367	3	3
344	367	4	4
344	367	5	5
344	367	6	6
344	367	7	7
344	367	8	8
344	367	9	9
344	320	<226>	<epsilon>
345	370	0	0
345	370	1	1
345	370	2	2
345	370	3	3
345	370	4	4
345	370	5	5
345	370	6	6
345	370	7	7
345	370	8	8
345	370	9	9
346	372	<space>	<epsilon>
346	371	0	0
346	371	1	1
346	371	2	2
346	371	3	3
346	371	4	4
346	371	5	5
346	371	6	6
346	371	7	7
346	371	8	8
346	371	9	9
347	373	0	0
347	373	1	1
347	373	2	2
347	373	3	3
347	373	4	4
347	373	5	5
347	373	6	6
347	373	7	7
347	373	8	8
347	373	9	9
348	374	0	0
349	306	<epsilon>	<space>	2
349	376	<space>	<epsilon>
349	309	.	<epsilon>
349	375	0	0
349	375	1	1
349	375	2	2
349	375	3	3
349	375	4	4
349	375	5	5
349	375	6	6
349	375	7	7
349	375	8	8
349	375	9	9
350	306	<epsilon>	<space>	2
350	376	<space>	<epsilon>
350	351	.	<epsilon>
350	375	0	0
350	375	1	1
350	375	2	2
350	375	3	3
350	375	4	4
350	375	5	5
350	375	6	6
350	375	7	7
350	375	8	8
350	375	9	9
351	331	0	0
351	331	1	1
351	331	2	2
351	331	3	3
351	331	4	4
351	331	5	5
351	331	6	6
351	331	7	7
351	331	8	8
351	331	9	9
352	377	0	0
352	377	1	1
352	377	2	2
352	377	3	3
352	377	4	4
352	377	5	5
352	377	6	6
352	377	7	7
352	377	8	8
352	377	9	9
353	378	0	0
353	378	1	1
353	378	2	2
353	378	3	3
353	378	4	4
353	378	5	5
353	378	6	6
353	378	7	7
353	378	8	8
353	378	9	9
354	379	0	0
354	379	1	1
354	379	2	2
354	379	3	3
354	379	4	4
354	379	5	5
354	379	6	6
354	379	7	7
354	379	8	8
354	379	9	9
355	380	0	0
355	380	1	1
355	380	2	2
355	380	3	3
355	380	4	4
355	380	5	5
355	380	6	6
355	380	7	7
355	380	8	8
355	380	9	9
356	381	0	0
357	382	<epsilon>	n
358	383	<epsilon>	n
359	384	<epsilon>	n
360	385	<epsilon>	n
361	386	<epsilon>	n
362	387	<epsilon>	n
363	388	<epsilon>	n
364	389	<epsilon>	n
365	366	<epsilon>	d
365	365	<9>	<epsilon>
365	365	<10>	<epsilon>
365	365	<13>	<epsilon>
365	365	<space>	<epsilon>
366	390	<epsilon>	e
367	304	<9>	<epsilon>
367	304	<10>	<epsilon>
367	304	<13>	<epsilon>
367	392	<space>	<epsilon>
367	324	.	<epsilon>
367	319	/	<epsilon>
367	391	0	0
367	391	1	1
367	391	2	2
367	391	3	3
367	391	4	4
367	391	5	5
367	391	6	6
367	391	7	7
367	391	8	8
367	391	9	9
367	320	<226>	<epsilon>
368	304	<9>	<epsilon>
368	304	<10>	<epsilon>
368	304	<13>	<epsilon>
368	392	<space>	<epsilon>
368	369	.	<epsilon>
368	319	/	<epsilon>
368	391	0	0
368	391	1	1
368	391	2	2
368	391	3	3
368	391	4	4
368	391	5	5
368	391	6	6
368	391	7	7
368	391	8	8
368	391	9	9
368	320	<226>	<epsilon>
369	347	0	0
369	347	1	1
369	347	2	2
369	347	3	3
369	347	4	4
369	347	5	5
369	347	6	6
369	347	7	7
369	347	8	8
369	347	9	9
370	393	0	0
370	393	1	1
370	393	2	2
370	393	3	3
370	393	4	4
370	393	5	5
370	393	6	6
370	393	7	7
370	393	8	8
370	393	9	9
371	394	0	0
371	394	1	1
371	394	2	2
371	394	3	3
371	394	4	4
371	394	5	5
371	394	6	6
371	394	7	7
371	394	8	8
371	394	9	9
372	395	0	0
372	395	1	1
372	395	2	2
372	395	3	3
372	395	4	4
372	395	5	5
372	395	6	6
372	395	7	7
372	395	8	8
372	395	9	9
373	396	0	0
373	396	1	1
373	396	2	2
373	396	3	3
373	396	4	4
373	396	5	5
373	396	6	6
373	396	7	7
373	396	8	8
373	396	9	9
374	397	0	0
375	306	<epsilon>	<space>	2
375	375	0	0
375	375	1	1
375	375	2	2
375	375	3	3
375	375	4	4
375	375	5	5
375	375	6	6
375	375	7	7
375	375	8	8
375	375	9	9
376	330	.	<epsilon>
377	306	<epsilon>	<space>	2
377	398	<space>	<epsilon>
378	399	0	0
378	399	1	1
378	399	2	2
378	399	3	3
378	399	4	4
378	399	5	5
378	399	6	6
378	399	7	7
378	399	8	8
378	399	9	9
379	400	0	0
379	400	1	1
379	400	2	2
379	400	3	3
379	400	4	4
379	400	5	5
379	400	6	6
379	400	7	7
379	400	8	8
379	400	9	9
380	306	<epsilon>	<space>	2
380	351	.	<epsilon>
381	401	0	0
382	402	<epsilon>	o
383	403	<epsilon>	o
384	404	<epsilon>	o
385	405	<epsilon>	o
386	406	<epsilon>	o
387	407	<epsilon>	o
388	408	<epsilon>	o
389	409	<epsilon>	o
390	410	<epsilon>	n
391	304	<9>	<epsilon>
391	304	<10>	<epsilon>
391	304	<13>	<epsilon>
391	304	<space>	<epsilon>
391	319	/	<epsilon>
391	391	0	0
391	391	1	1
391	391	2	2
391	391	3	3
391	391	4	4
391	391	5	5
391	391	6	6
391	391	7	7
391	391	8	8
391	391	9	9
391	320	<226>	<epsilon>
392	304	<9>	<epsilon>
392	304	<10>	<epsilon>
392	304	<13>	<epsilon>
392	304	<space>	<epsilon>
392	346	.	<epsilon>
392	319	/	<epsilon>
392	320	<226>	<epsilon>
393	304	<9>	<epsilon>
393	304	<10>	<epsilon>
393	304	<13>	<epsilon>
393	411	<space>	<epsilon>
393	319	/	<epsilon>
393	320	<226>	<epsilon>
394	412	0	0
394	412	1	1
394	412	2	2
394	412	3	3
394	412	4	4
394	412	5	5
394	412	6	6
394	412	7	7
394	412	8	8
394	412	9	9
395	413	0	0
395	413	1	1
395	413	2	2
395	413	3	3
395	413	4	4
395	413	5	5
395	413	6	6
395	413	7	7
395	413	8	8
395	413	9	9
396	304	<9>	<epsilon>
396	304	<10>	<epsilon>
396	304	<13>	<epsilon>
396	304	<space>	<epsilon>
396	369	.	<epsilon>
396	319	/	<epsilon>
396	320	<226>	<epsilon>
397	414	0	0
398	329	0	0
398	329	1	1
398	329	2	2
398	329	3	3
398	329	4	4
398	329	5	5
398	329	6	6
398	329	7	7
398	329	8	8
398	329	9	9
399	306	<epsilon>	<space>	2
399	415	<space>	<epsilon>
400	416	0	0
400	416	1	1
400	416	2	2
400	416	3	3
400	416	4	4
400	416	5	5
400	416	6	6
400	416	7	7
400	416	8	8
400	416	9	9
401	306	<epsilon>	<space>	2
401	417	.	<epsilon>
402	418	<epsilon>	m
403	419	<epsilon>	m
404	420	<epsilon>	m
405	421	<epsilon>	m
406	422	<epsilon>	m
407	423	<epsilon>	m
408	424	<epsilon>	m
409	425	<epsilon>	m
410	426	<epsilon>	o
411	304	<9>	<epsilon>
411	304	<10>	<epsilon>
411	304	<13>	<epsilon>
411	304	<space>	<epsilon>
411	319	/	<epsilon>
411	345	0	0
411	345	1	1
411	345	2	2
411	345	3	3
411	345	4	4
411	345	5	5
411	345	6	6
411	345	7	7
411	345	8	8
411	345	9	9
411	320	<226>	<epsilon>
412	304	<9>	<epsilon>
412	304	<10>	<epsilon>
412	304	<13>	<epsilon>
412	427	<space>	<epsilon>
412	319	/	<epsilon>
412	320	<226>	<epsilon>
413	428	0	0
413	428	1	1
413	428	2	2
413	428	3	3
413	428	4	4
413	428	5	5
413	428	6	6
413	428	7	7
413	428	8	8
413	428	9	9
414	304	<9>	<epsilon>
414	304	<10>	<epsilon>
414	304	<13>	<epsilon>
414	304	<space>	<epsilon>
414	429	.	<epsilon>
414	319	/	<epsilon>
414	320	<226>	<epsilon>
415	430	.	<epsilon>
416	306	<epsilon>	<space>	2
416	431	<space>	<epsilon>
417	332	<space>	<epsilon>
418	432	<epsilon>	i
419	433	<epsilon>	i
420	434	<epsilon>	i
421	435	<epsilon>	i
422	436	<epsilon>	i
423	437	<epsilon>	i
424	438	<epsilon>	i
425	439	<epsilon>	i
426	440	<epsilon>	m
427	304	<9>	<epsilon>
427	304	<10>	<epsilon>
427	304	<13>	<epsilon>
427	304	<space>	<epsilon>
427	441	.	<epsilon>
427	319	/	<epsilon>
427	320	<226>	<epsilon>
428	304	<9>	<epsilon>
428	304	<10>	<epsilon>
428	304	<13>	<epsilon>
428	442	<space>	<epsilon>
428	319	/	<epsilon>
428	320	<226>	<epsilon>
429	348	<space>	<epsilon>
430	353	0	0
430	353	1	1
430	353	2	2
430	353	3	3
430	353	4	4
430	353	5	5
430	353	6	6
430	353	7	7
430	353	8	8
430	353	9	9
431	443	.	<epsilon>
432	444	<epsilon>	n
433	445	<epsilon>	n
434	446	<epsilon>	n
435	447	<epsilon>	n
436	448	<epsilon>	n
437	449	<epsilon>	n
438	450	<epsilon>	n
439	451	<epsilon>	n
440	452	<epsilon>	i
441	371	0	0
441	371	1	1
441	371	2	2
441	371	3	3
441	371	4	4
441	371	5	5
441	371	6	6
441	371	7	7
441	371	8	8
441	371	9	9
442	304	<9>	<epsilon>
442	304	<10>	<epsilon>
442	304	<13>	<epsilon>
442	304	<space>	<epsilon>
442	453	.	<epsilon>
442	319	/	<epsilon>
442	320	<226>	<epsilon>
443	354	<space>	<epsilon>
444	454	<epsilon>	a
445	455	<epsilon>	a
446	456	<epsilon>	a
447	457	<epsilon>	a
448	458	<epsilon>	a
449	459	<epsilon>	a
450	460	<epsilon>	a
451	461	<epsilon>	a
452	462	<epsilon>	n
453	372	<space>	<epsilon>
454	463	<epsilon>	t
455	464	<epsilon>	t
456	465	<epsilon>	t
457	466	<epsilon>	t
458	467	<epsilon>	t
459	468	<epsilon>	t
460	469	<epsilon>	t
461	470	<epsilon>	t
462	471	<epsilon>	a
463	472	<epsilon>	o
464	473	<epsilon>	o
465	474	<epsilon>	o
466	475	<epsilon>	o
467	476	<epsilon>	o
468	477	<epsilon>	o
469	478	<epsilon>	o
470	479	<epsilon>	o
471	480	<epsilon>	t
472	481	<epsilon>	r
473	482	<epsilon>	r
474	483	<epsilon>	r
475	484	<epsilon>	r
476	485	<epsilon>	r
477	486	<epsilon>	r
478	487	<epsilon>	r
479	488	<epsilon>	r
480	489	<epsilon>	o
481	490	<epsilon>	:
482	491	<epsilon>	:
483	492	<epsilon>	:
484	493	<epsilon>	:
485	494	<epsilon>	:
486	495	<epsilon>	:
487	496	<epsilon>	:
488	497	<epsilon>	:
489	498	<epsilon>	r
490	499	<epsilon>	<space>
491	500	<epsilon>	<space>
492	501	<epsilon>	<space>
493	502	<epsilon>	<space>
494	503	<epsilon>	<space>
495	504	<epsilon>	<space>
496	505	<epsilon>	<space>
497	506	<epsilon>	<space>
498	507	<epsilon>	:
499	508	<epsilon>	4
500	508	<epsilon>	2
501	508	<144>	7
501	508	<145>	9
501	509	<146>	1
501	508	<147>	3
501	508	<149>	5
501	508	<153>	6
501	508	<155>	8
502	508	<148>	3
502	508	<150>	5
503	508	<151>	5
503	508	<156>	8
504	508	<152>	5
505	508	<154>	6
505	508	<157>	8
506	508	<158>	8
507	510	<epsilon>	<space>
508	306	<epsilon>	<space>
508	512	<space>	<epsilon>
508	513	.	<epsilon>
508	514	0	0
508	511	1	1
508	511	2	2
508	511	3	3
508	511	4	4
508	511	5	5
508	511	6	6
508	511	7	7
508	511	8	8
508	511	9	9
509	514	<epsilon>	0
510	515	0	0
510	508	1	1
510	508	2	2
510	508	3	3
510	508	4	4
510	508	5	5
510	508	6	6
510	508	7	7
510	508	8	8
510	508	9	9
511	306	<epsilon>	<space>
511	512	<space>	<epsilon>
511	513	.	<epsilon>
511	516	0	0
511	518	1	1
511	518	2	2
511	518	3	3
511	518	4	4
511	518	5	5
511	518	6	6
511	518	7	7
511	518	8	8
511	518	9	9
512	520	.	<epsilon>
512	519	0	0
512	519	1	1
512	519	2	2
512	519	3	3
512	519	4	4
512	519	5	5
512	519	6	6
512	519	7	7
512	519	8	8
512	519	9	9
513	522	<space>	<epsilon>
513	521	0	0
513	521	1	1
513	521	2	2
513	521	3	3
513	521	4	4
513	521	5	5
513	521	6	6
513	521	7	7
513	521	8	8
513	521	9	9
514	306	<epsilon>	<space>
514	512	<space>	<epsilon>
514	513	.	<epsilon>
514	516	0	0
514	517	1	1
514	517	2	2
514	517	3	3
514	517	4	4
514	517	5	5
514	517	6	6
514	517	7	7
514	517	8	8
514	517	9	9
515	306	<epsilon>	<space>
516	306	<epsilon>	<space>
516	512	<space>	<epsilon>
516	513	.	<epsilon>
516	523	0	0
516	524	1	1
516	524	2	2
516	524	3	3
516	524	4	4
516	524	5	5
516	524	6	6
516	524	7	7
516	524	8	8
516	524	9	9
517	306	<epsilon>	<space>
517	512	<space>	<epsilon>
517	525	.	<epsilon>
517	524	0	0
517	524	1	1
517	524	2	2
517	524	3	3
517	524	4	4
517	524	5	5
517	524	6	6
517	524	7	7
517	524	8	8
517	524	9	9
518	306	<epsilon>	<space>
518	512	<space>	<epsilon>
518	513	.	<epsilon>
518	523	0	0
518	523	1	1
518	523	2	2
518	523	3	3
518	523	4	4
518	523	5	5
518	523	6	6
518	523	7	7
518	523	8	8
518	523	9	9
519	526	0	0
519	526	1	1
519	526	2	2
519	526	3	3
519	526	4	4
519	526	5	5
519	526	6	6
519	526	7	7
519	526	8	8
519	526	9	9
520	528	<space>	<epsilon>
520	527	0	0
520	527	1	1
520	527	2	2
520	527	3	3
520	527	4	4
520	527	5	5
520	527	6	6
520	527	7	7
520	527	8	8
520	527	9	9
521	529	0	0
521	529	1	1
521	529	2	2
521	529	3	3
521	529	4	4
521	529	5	5
521	529	6	6
521	529	7	7
521	529	8	8
521	529	9	9
522	530	0	0
523	306	<epsilon>	<space>
523	532	<space>	<epsilon>
523	513	.	<epsilon>
523	531	0	0
523	531	1	1
523	531	2	2
523	531	3	3
523	531	4	4
523	531	5	5
523	531	6	6
523	531	7	7
523	531	8	8
523	531	9	9
524	306	<epsilon>	<space>
524	532	<space>	<epsilon>
524	525	.	<epsilon>
524	531	0	0
524	531	1	1
524	531	2	2
524	531	3	3
524	531	4	4
524	531	5	5
524	531	6	6
524	531	7	7
524	531	8	8
524	531	9	9
525	521	0	0
525	521	1	1
525	521	2	2
525	521	3	3
525	521	4	4
525	521	5	5
525	521	6	6
525	521	7	7
525	521	8	8
525	521	9	9
526	533	0	0
526	533	1	1
526	533	2	2
526	533	3	3
526	533	4	4
526	533	5	5
526	533	6	6
526	533	7	7
526	533	8	8
526	533	9	9
527	534	0	0
527	534	1	1
527	534	2	2
527	534	3	3
527	534	4	4
527	534	5	5
527	534	6	6
527	534	7	7
527	534	8	8
527	534	9	9
528	535	0	0
528	535	1	1
528	535	2	2
528	535	3	3
528	535	4	4
528	535	5	5
528	535	6	6
528	535	7	7
528	535	8	8
528	535	9	9
529	536	0	0
529	536	1	1
529	536	2	2
529	536	3	3
529	536	4	4
529	536	5	5
529	536	6	6
529	536	7	7
529	536	8	8
529	536	9	9
530	537	0	0
531	306	<epsilon>	<space>
531	531	0	0
531	531	1	1
531	531	2	2
531	531	3	3
531	531	4	4
531	531	5	5
531	531	6	6
531	531	7	7
531	531	8	8
531	531	9	9
532	520	.	<epsilon>
533	306	<epsilon>	<space>
533	538	<space>	<epsilon>
534	539	0	0
534	539	1	1
534	539	2	2
534	539	3	3
534	539	4	4
534	539	5	5
534	539	6	6
534	539	7	7
534	539	8	8
534	539	9	9
535	540	0	0
535	540	1	1
535	540	2	2
535	540	3	3
535	540	4	4
535	540	5	5
535	540	6	6
535	540	7	7
535	540	8	8
535	540	9	9
536	306	<epsilon>	<space>
536	525	.	<epsilon>
537	541	0	0
538	519	0	0
538	519	1	1
538	519	2	2
538	519	3	3
538	519	4	4
538	519	5	5
538	519	6	6
538	519	7	7
538	519	8	8
538	519	9	9
539	306	<epsilon>	<space>
539	542	<space>	<epsilon>
540	543	0	0
540	543	1	1
540	543	2	2
540	543	3	3
540	543	4	4
540	543	5	5
540	543	6	6
540	543	7	7
540	543	8	8
540	543	9	9
541	306	<epsilon>	<space>
541	544	.	<epsilon>
542	545	.	<epsilon>
543	306	<epsilon>	<space>
543	546	<space>	<epsilon>
544	522	<space>	<epsilon>
545	527	0	0
545	527	1	1
545	527	2	2
545	527	3	3
545	527	4	4
545	527	5	5
545	527	6	6
545	527	7	7
545	527	8	8
545	527	9	9
546	547	.	<epsilon>
547	528	<space>	<epsilon>
