0	1	<epsilon>	f
1	2	<epsilon>	r
2	3	<epsilon>	a
3	4	<epsilon>	c
4	5	<epsilon>	t
5	6	<epsilon>	i
6	7	<epsilon>	o
7	8	<epsilon>	n
8	9	<epsilon>	<space>
9	10	<epsilon>	{
10	11	<epsilon>	<space>
11	12	<epsilon>	i
11	13	<epsilon>	n
12	14	<epsilon>	n
13	15	<epsilon>	u
14	16	<epsilon>	t
15	17	<epsilon>	m
16	18	<epsilon>	e
17	19	<epsilon>	e
18	20	<epsilon>	g
19	21	<epsilon>	r
20	22	<epsilon>	e
21	23	<epsilon>	a
22	24	<epsilon>	r
23	25	<epsilon>	t
24	26	<epsilon>	_
25	27	<epsilon>	o
26	28	<epsilon>	p
27	29	<epsilon>	r
28	30	<epsilon>	a
29	31	<epsilon>	:
30	32	<epsilon>	r
31	33	<epsilon>	<space>
32	34	<epsilon>	t
33	35	-	-
33	36	0	0
33	37	1	1
33	37	2	2
33	37	3	3
33	37	4	4
33	37	5	5
33	37	6	6
33	37	7	7
33	37	8	8
33	37	9	9
33	38	<194>	1
33	39	<194>	3
33	40	<226>	1
33	41	<226>	2
33	42	<226>	3
33	43	<226>	4
33	44	<226>	5
33	45	<226>	7
34	46	<epsilon>	:
35	36	0	0
35	37	1	1
35	37	2	2
35	37	3	3
35	37	4	4
35	37	5	5
35	37	6	6
35	37	7	7
35	37	8	8
35	37	9	9
35	38	<194>	1
35	39	<194>	3
35	40	<226>	1
35	41	<226>	2
35	42	<226>	3
35	43	<226>	4
35	44	<226>	5
35	45	<226>	7
36	36	<9>	<epsilon>
36	36	<10>	<epsilon>
36	36	<13>	<epsilon>
36	36	<space>	<epsilon>
36	47	/	<epsilon>
36	48	<226>	<epsilon>
37	36	<9>	<epsilon>
37	36	<10>	<epsilon>
37	36	<13>	<epsilon>
37	51	<space>	<epsilon>
37	52	,	<epsilon>
37	47	/	<epsilon>
37	49	0	0
37	50	1	1
37	50	2	2
37	50	3	3
37	50	4	4
37	50	5	5
37	50	6	6
37	50	7	7
37	50	8	8
37	50	9	9
37	48	<226>	<epsilon>
38	53	<188>	<epsilon>
38	54	<189>	<epsilon>
39	53	<190>	<epsilon>
40	55	<133>	<epsilon>
41	56	<133>	<epsilon>
42	57	<133>	<epsilon>
43	58	<133>	<epsilon>
44	59	<133>	<epsilon>
45	60	<133>	<epsilon>
46	61	<epsilon>	<space>
47	62	<epsilon>	<space>
48	63	<129>	<epsilon>
49	36	<9>	<epsilon>
49	36	<10>	<epsilon>
49	36	<13>	<epsilon>
49	51	<space>	<epsilon>
49	52	,	<epsilon>
49	47	/	<epsilon>
49	64	0	0
49	65	1	1
49	65	2	2
49	65	3	3
49	65	4	4
49	65	5	5
49	65	6	6
49	65	7	7
49	65	8	8
49	65	9	9
49	48	<226>	<epsilon>
50	36	<9>	<epsilon>
50	36	<10>	<epsilon>
50	36	<13>	<epsilon>
50	51	<space>	<epsilon>
50	52	,	<epsilon>
50	47	/	<epsilon>
50	64	0	0
50	66	1	1
50	66	2	2
50	66	3	3
50	66	4	4
50	66	5	5
50	66	6	6
50	66	7	7
50	66	8	8
50	66	9	9
50	48	<226>	<epsilon>
51	36	<9>	<epsilon>
51	36	<10>	<epsilon>
51	36	<13>	<epsilon>
51	36	<space>	<epsilon>
51	68	,	<epsilon>
51	47	/	<epsilon>
51	67	0	0
51	67	1	1
51	67	2	2
51	67	3	3
51	67	4	4
51	67	5	5
51	67	6	6
51	67	7	7
51	67	8	8
51	67	9	9
51	48	<226>	<epsilon>
52	70	<space>	<epsilon>
52	69	0	0
52	69	1	1
52	69	2	2
52	69	3	3
52	69	4	4
52	69	5	5
52	69	6	6
52	69	7	7
52	69	8	8
52	69	9	9
53	71	<epsilon>	<space>
54	72	<epsilon>	<space>
55	73	<epsilon>	<space>
56	74	<epsilon>	<space>
57	75	<epsilon>	<space>
58	76	<epsilon>	<space>
59	77	<epsilon>	<space>
60	78	<epsilon>	<space>
61	79	-	-
61	80	0	0
61	81	1	1
61	81	2	2
61	81	3	3
61	81	4	4
61	81	5	5
61	81	6	6
61	81	7	7
61	81	8	8
61	81	9	9
62	82	<epsilon>	d
62	62	<9>	<epsilon>
62	62	<10>	<epsilon>
62	62	<13>	<epsilon>
62	62	<space>	<epsilon>
63	47	<132>	<epsilon>
64	36	<9>	<epsilon>
64	36	<10>	<epsilon>
64	36	<13>	<epsilon>
64	51	<space>	<epsilon>
64	52	,	<epsilon>
64	47	/	<epsilon>
64	83	0	0
64	84	1	1
64	84	2	2
64	84	3	3
64	84	4	4
64	84	5	5
64	84	6	6
64	84	7	7
64	84	8	8
64	84	9	9
64	48	<226>	<epsilon>
65	36	<9>	<epsilon>
65	36	<10>	<epsilon>
65	36	<13>	<epsilon>
65	51	<space>	<epsilon>
65	85	,	<epsilon>
65	47	/	<epsilon>
65	84	0	0
65	84	1	1
65	84	2	2
65	84	3	3
65	84	4	4
65	84	5	5
65	84	6	6
65	84	7	7
65	84	8	8
65	84	9	9
65	48	<226>	<epsilon>
66	36	<9>	<epsilon>
66	36	<10>	<epsilon>
66	36	<13>	<epsilon>
66	51	<space>	<epsilon>
66	52	,	<epsilon>
66	47	/	<epsilon>
66	83	0	0
66	83	1	1
66	83	2	2
66	83	3	3
66	83	4	4
66	83	5	5
66	83	6	6
66	83	7	7
66	83	8	8
66	83	9	9
66	48	<226>	<epsilon>
67	86	0	0
67	86	1	1
67	86	2	2
67	86	3	3
67	86	4	4
67	86	5	5
67	86	6	6
67	86	7	7
67	86	8	8
67	86	9	9
68	88	<space>	<epsilon>
68	87	0	0
68	87	1	1
68	87	2	2
68	87	3	3
68	87	4	4
68	87	5	5
68	87	6	6
68	87	7	7
68	87	8	8
68	87	9	9
69	89	0	0
69	89	1	1
69	89	2	2
69	89	3	3
69	89	4	4
69	89	5	5
69	89	6	6
69	89	7	7
69	89	8	8
69	89	9	9
70	90	0	0
71	91	<epsilon>	d
72	92	<epsilon>	d
73	93	<epsilon>	d
74	94	<epsilon>	d
75	95	<epsilon>	d
76	96	<epsilon>	d
77	97	<epsilon>	d
78	98	<epsilon>	d
79	80	0	0
79	81	1	1
79	81	2	2
79	81	3	3
79	81	4	4
79	81	5	5
79	81	6	6
79	81	7	7
79	81	8	8
79	81	9	9
80	99	<epsilon>	<space>
80	100	<9>	<epsilon>
80	100	<10>	<epsilon>
80	100	<13>	<epsilon>
80	100	<space>	<epsilon>
81	99	<epsilon>	<space>
81	100	<9>	<epsilon>
81	100	<10>	<epsilon>
81	100	<13>	<epsilon>
81	103	<space>	<epsilon>
81	104	,	<epsilon>
81	101	0	0
81	102	1	1
81	102	2	2
81	102	3	3
81	102	4	4
81	102	5	5
81	102	6	6
81	102	7	7
81	102	8	8
81	102	9	9
82	105	<epsilon>	e
83	36	<9>	<epsilon>
83	36	<10>	<epsilon>
83	36	<13>	<epsilon>
83	107	<space>	<epsilon>
83	52	,	<epsilon>
83	47	/	<epsilon>
83	106	0	0
83	106	1	1
83	106	2	2
83	106	3	3
83	106	4	4
83	106	5	5
83	106	6	6
83	106	7	7
83	106	8	8
83	106	9	9
83	48	<226>	<epsilon>
84	36	<9>	<epsilon>
84	36	<10>	<epsilon>
84	36	<13>	<epsilon>
84	107	<space>	<epsilon>
84	85	,	<epsilon>
84	47	/	<epsilon>
84	106	0	0
84	106	1	1
84	106	2	2
84	106	3	3
84	106	4	4
84	106	5	5
84	106	6	6
84	106	7	7
84	106	8	8
84	106	9	9
84	48	<226>	<epsilon>
85	69	0	0
85	69	1	1
85	69	2	2
85	69	3	3
85	69	4	4
85	69	5	5
85	69	6	6
85	69	7	7
85	69	8	8
85	69	9	9
86	108	0	0
86	108	1	1
86	108	2	2
86	108	3	3
86	108	4	4
86	108	5	5
86	108	6	6
86	108	7	7
86	108	8	8
86	108	9	9
87	109	0	0
87	109	1	1
87	109	2	2
87	109	3	3
87	109	4	4
87	109	5	5
87	109	6	6
87	109	7	7
87	109	8	8
87	109	9	9
88	110	0	0
88	110	1	1
88	110	2	2
88	110	3	3
88	110	4	4
88	110	5	5
88	110	6	6
88	110	7	7
88	110	8	8
88	110	9	9
89	111	0	0
89	111	1	1
89	111	2	2
89	111	3	3
89	111	4	4
89	111	5	5
89	111	6	6
89	111	7	7
89	111	8	8
89	111	9	9
90	112	0	0
91	113	<epsilon>	e
92	114	<epsilon>	e
93	115	<epsilon>	e
94	116	<epsilon>	e
95	117	<epsilon>	e
96	118	<epsilon>	e
97	119	<epsilon>	e
98	120	<epsilon>	e
99	121	<epsilon>	n
100	122	<epsilon>	<space>
100	100	<9>	<epsilon>
100	100	<10>	<epsilon>
100	100	<13>	<epsilon>
100	100	<space>	<epsilon>
101	99	<epsilon>	<space>
101	100	<9>	<epsilon>
101	100	<10>	<epsilon>
101	100	<13>	<epsilon>
101	103	<space>	<epsilon>
101	104	,	<epsilon>
101	123	0	0
101	124	1	1
101	124	2	2
101	124	3	3
101	124	4	4
101	124	5	5
101	124	6	6
101	124	7	7
101	124	8	8
101	124	9	9
102	99	<epsilon>	<space>
102	100	<9>	<epsilon>
102	100	<10>	<epsilon>
102	100	<13>	<epsilon>
102	103	<space>	<epsilon>
102	104	,	<epsilon>
102	123	0	0
102	125	1	1
102	125	2	2
102	125	3	3
102	125	4	4
102	125	5	5
102	125	6	6
102	125	7	7
102	125	8	8
102	125	9	9
103	122	<epsilon>	<space>
103	100	<9>	<epsilon>
103	100	<10>	<epsilon>
103	100	<13>	<epsilon>
103	100	<space>	<epsilon>
103	127	,	<epsilon>
103	126	0	0
103	126	1	1
103	126	2	2
103	126	3	3
103	126	4	4
103	126	5	5
103	126	6	6
103	126	7	7
103	126	8	8
103	126	9	9
104	129	<space>	<epsilon>
104	128	0	0
104	128	1	1
104	128	2	2
104	128	3	3
104	128	4	4
104	128	5	5
104	128	6	6
104	128	7	7
104	128	8	8
104	128	9	9
105	130	<epsilon>	n
106	36	<9>	<epsilon>
106	36	<10>	<epsilon>
106	36	<13>	<epsilon>
106	36	<space>	<epsilon>
106	47	/	<epsilon>
106	106	0	0
106	106	1	1
106	106	2	2
106	106	3	3
106	106	4	4
106	106	5	5
106	106	6	6
106	106	7	7
106	106	8	8
106	106	9	9
106	48	<226>	<epsilon>
107	36	<9>	<epsilon>
107	36	<10>	<epsilon>
107	36	<13>	<epsilon>
107	36	<space>	<epsilon>
107	68	,	<epsilon>
107	47	/	<epsilon>
107	48	<226>	<epsilon>
108	36	<9>	<epsilon>
108	36	<10>	<epsilon>
108	36	<13>	<epsilon>
108	131	<space>	<epsilon>
108	47	/	<epsilon>
108	48	<226>	<epsilon>
109	132	0	0
109	132	1	1
109	132	2	2
109	132	3	3
109	132	4	4
109	132	5	5
109	132	6	6
109	132	7	7
109	132	8	8
109	132	9	9
110	133	0	0
110	133	1	1
110	133	2	2
110	133	3	3
110	133	4	4
110	133	5	5
110	133	6	6
110	133	7	7
110	133	8	8
110	133	9	9
111	36	<9>	<epsilon>
111	36	<10>	<epsilon>
111	36	<13>	<epsilon>
111	36	<space>	<epsilon>
111	85	,	<epsilon>
111	47	/	<epsilon>
111	48	<226>	<epsilon>
112	134	0	0
113	135	<epsilon>	n
114	136	<epsilon>	n
115	137	<epsilon>	n
116	138	<epsilon>	n
117	139	<epsilon>	n
118	140	<epsilon>	n
119	141	<epsilon>	n
120	142	<epsilon>	n
121	143	<epsilon>	u
122	144	<epsilon>	n
123	99	<epsilon>	<space>
123	100	<9>	<epsilon>
123	100	<10>	<epsilon>
123	100	<13>	<epsilon>
123	103	<space>	<epsilon>
123	104	,	<epsilon>
123	145	0	0
123	146	1	1
123	146	2	2
123	146	3	3
123	146	4	4
123	146	5	5
123	146	6	6
123	146	7	7
123	146	8	8
123	146	9	9
124	99	<epsilon>	<space>
124	100	<9>	<epsilon>
124	100	<10>	<epsilon>
124	100	<13>	<epsilon>
124	103	<space>	<epsilon>
124	147	,	<epsilon>
124	146	0	0
124	146	1	1
124	146	2	2
124	146	3	3
124	146	4	4
124	146	5	5
124	146	6	6
124	146	7	7
124	146	8	8
124	146	9	9
125	99	<epsilon>	<space>
125	100	<9>	<epsilon>
125	100	<10>	<epsilon>
125	100	<13>	<epsilon>
125	103	<space>	<epsilon>
125	104	,	<epsilon>
125	145	0	0
125	145	1	1
125	145	2	2
125	145	3	3
125	145	4	4
125	145	5	5
125	145	6	6
125	145	7	7
125	145	8	8
125	145	9	9
126	148	0	0
126	148	1	1
126	148	2	2
126	148	3	3
126	148	4	4
126	148	5	5
126	148	6	6
126	148	7	7
126	148	8	8
126	148	9	9
127	150	<space>	<epsilon>
127	149	0	0
127	149	1	1
127	149	2	2
127	149	3	3
127	149	4	4
127	149	5	5
127	149	6	6
127	149	7	7
127	149	8	8
127	149	9	9
128	151	0	0
128	151	1	1
128	151	2	2
128	151	3	3
128	151	4	4
128	151	5	5
128	151	6	6
128	151	7	7
128	151	8	8
128	151	9	9
129	152	0	0
130	153	<epsilon>	o
131	36	<9>	<epsilon>
131	36	<10>	<epsilon>
131	36	<13>	<epsilon>
131	36	<space>	<epsilon>
131	47	/	<epsilon>
131	67	0	0
131	67	1	1
131	67	2	2
131	67	3	3
131	67	4	4
131	67	5	5
131	67	6	6
131	67	7	7
131	67	8	8
131	67	9	9
131	48	<226>	<epsilon>
132	36	<9>	<epsilon>
132	36	<10>	<epsilon>
132	36	<13>	<epsilon>
132	154	<space>	<epsilon>
132	47	/	<epsilon>
132	48	<226>	<epsilon>
133	155	0	0
133	155	1	1
133	155	2	2
133	155	3	3
133	155	4	4
133	155	5	5
133	155	6	6
133	155	7	7
133	155	8	8
133	155	9	9
134	36	<9>	<epsilon>
134	36	<10>	<epsilon>
134	36	<13>	<epsilon>
134	36	<space>	<epsilon>
134	156	,	<epsilon>
134	47	/	<epsilon>
134	48	<226>	<epsilon>
135	157	<epsilon>	o
136	158	<epsilon>	o
137	159	<epsilon>	o
138	160	<epsilon>	o
139	161	<epsilon>	o
140	162	<epsilon>	o
141	163	<epsilon>	o
142	164	<epsilon>	o
143	165	<epsilon>	m
144	166	<epsilon>	u
145	99	<epsilon>	<space>
145	100	<9>	<epsilon>
145	100	<10>	<epsilon>
145	100	<13>	<epsilon>
145	168	<space>	<epsilon>
145	104	,	<epsilon>
145	167	0	0
145	167	1	1
145	167	2	2
145	167	3	3
145	167	4	4
145	167	5	5
145	167	6	6
145	167	7	7
145	167	8	8
145	167	9	9
146	99	<epsilon>	<space>
146	100	<9>	<epsilon>
146	100	<10>	<epsilon>
146	100	<13>	<epsilon>
146	168	<space>	<epsilon>
146	147	,	<epsilon>
146	167	0	0
146	167	1	1
146	167	2	2
146	167	3	3
146	167	4	4
146	167	5	5
146	167	6	6
146	167	7	7
146	167	8	8
146	167	9	9
147	128	0	0
147	128	1	1
147	128	2	2
147	128	3	3
147	128	4	4
147	128	5	5
147	128	6	6
147	128	7	7
147	128	8	8
147	128	9	9
148	169	0	0
148	169	1	1
148	169	2	2
148	169	3	3
148	169	4	4
148	169	5	5
148	169	6	6
148	169	7	7
148	169	8	8
148	169	9	9
149	170	0	0
149	170	1	1
149	170	2	2
149	170	3	3
149	170	4	4
149	170	5	5
149	170	6	6
149	170	7	7
149	170	8	8
149	170	9	9
150	171	0	0
150	171	1	1
150	171	2	2
150	171	3	3
150	171	4	4
150	171	5	5
150	171	6	6
150	171	7	7
150	171	8	8
150	171	9	9
151	172	0	0
151	172	1	1
151	172	2	2
151	172	3	3
151	172	4	4
151	172	5	5
151	172	6	6
151	172	7	7
151	172	8	8
151	172	9	9
152	173	0	0
153	174	<epsilon>	m
154	36	<9>	<epsilon>
154	36	<10>	<epsilon>
154	36	<13>	<epsilon>
154	36	<space>	<epsilon>
154	175	,	<epsilon>
154	47	/	<epsilon>
154	48	<226>	<epsilon>
155	36	<9>	<epsilon>
155	36	<10>	<epsilon>
155	36	<13>	<epsilon>
155	176	<space>	<epsilon>
155	47	/	<epsilon>
155	48	<226>	<epsilon>
156	70	<space>	<epsilon>
157	177	<epsilon>	m
158	178	<epsilon>	m
159	179	<epsilon>	m
160	180	<epsilon>	m
161	181	<epsilon>	m
162	182	<epsilon>	m
163	183	<epsilon>	m
164	184	<epsilon>	m
165	185	<epsilon>	e
166	186	<epsilon>	m
167	99	<epsilon>	<space>
167	100	<9>	<epsilon>
167	100	<10>	<epsilon>
167	100	<13>	<epsilon>
167	100	<space>	<epsilon>
167	167	0	0
167	167	1	1
167	167	2	2
167	167	3	3
167	167	4	4
167	167	5	5
167	167	6	6
167	167	7	7
167	167	8	8
167	167	9	9
168	122	<epsilon>	<space>
168	100	<9>	<epsilon>
168	100	<10>	<epsilon>
168	100	<13>	<epsilon>
168	100	<space>	<epsilon>
168	127	,	<epsilon>
169	99	<epsilon>	<space>
169	100	<9>	<epsilon>
169	100	<10>	<epsilon>
169	100	<13>	<epsilon>
169	187	<space>	<epsilon>
170	188	0	0
170	188	1	1
170	188	2	2
170	188	3	3
170	188	4	4
170	188	5	5
170	188	6	6
170	188	7	7
170	188	8	8
170	188	9	9
171	189	0	0
171	189	1	1
171	189	2	2
171	189	3	3
171	189	4	4
171	189	5	5
171	189	6	6
171	189	7	7
171	189	8	8
171	189	9	9
172	99	<epsilon>	<space>
172	100	<9>	<epsilon>
172	100	<10>	<epsilon>
172	100	<13>	<epsilon>
172	100	<space>	<epsilon>
172	147	,	<epsilon>
173	190	0	0
174	191	<epsilon>	i
175	87	0	0
175	87	1	1
175	87	2	2
175	87	3	3
175	87	4	4
175	87	5	5
175	87	6	6
175	87	7	7
175	87	8	8
175	87	9	9
176	36	<9>	<epsilon>
176	36	<10>	<epsilon>
176	36	<13>	<epsilon>
176	36	<space>	<epsilon>
176	192	,	<epsilon>
176	47	/	<epsilon>
176	48	<226>	<epsilon>
177	193	<epsilon>	i
178	194	<epsilon>	i
179	195	<epsilon>	i
180	196	<epsilon>	i
181	197	<epsilon>	i
182	198	<epsilon>	i
183	199	<epsilon>	i
184	200	<epsilon>	i
185	201	<epsilon>	r
186	202	<epsilon>	e
187	122	<epsilon>	<space>
187	100	<9>	<epsilon>
187	100	<10>	<epsilon>
187	100	<13>	<epsilon>
187	100	<space>	<epsilon>
187	126	0	0
187	126	1	1
187	126	2	2
187	126	3	3
187	126	4	4
187	126	5	5
187	126	6	6
187	126	7	7
187	126	8	8
187	126	9	9
188	99	<epsilon>	<space>
188	100	<9>	<epsilon>
188	100	<10>	<epsilon>
188	100	<13>	<epsilon>
188	203	<space>	<epsilon>
189	204	0	0
189	204	1	1
189	204	2	2
189	204	3	3
189	204	4	4
189	204	5	5
189	204	6	6
189	204	7	7
189	204	8	8
189	204	9	9
190	99	<epsilon>	<space>
190	100	<9>	<epsilon>
190	100	<10>	<epsilon>
190	100	<13>	<epsilon>
190	100	<space>	<epsilon>
190	205	,	<epsilon>
191	206	<epsilon>	n
192	88	<space>	<epsilon>
193	207	<epsilon>	n
194	208	<epsilon>	n
195	209	<epsilon>	n
196	210	<epsilon>	n
197	211	<epsilon>	n
198	212	<epsilon>	n
199	213	<epsilon>	n
200	214	<epsilon>	n
201	215	<epsilon>	a
202	216	<epsilon>	r
203	122	<epsilon>	<space>
203	100	<9>	<epsilon>
203	100	<10>	<epsilon>
203	100	<13>	<epsilon>
203	100	<space>	<epsilon>
203	217	,	<epsilon>
204	99	<epsilon>	<space>
204	100	<9>	<epsilon>
204	100	<10>	<epsilon>
204	100	<13>	<epsilon>
204	218	<space>	<epsilon>
205	129	<space>	<epsilon>
206	219	<epsilon>	a
207	220	<epsilon>	a
208	221	<epsilon>	a
209	222	<epsilon>	a
210	223	<epsilon>	a
211	224	<epsilon>	a
212	225	<epsilon>	a
213	226	<epsilon>	a
214	227	<epsilon>	a
215	228	<epsilon>	t
216	229	<epsilon>	a
217	149	0	0
217	149	1	1
217	149	2	2
217	149	3	3
217	149	4	4
217	149	5	5
217	149	6	6
217	149	7	7
217	149	8	8
217	149	9	9
218	122	<epsilon>	<space>
218	100	<9>	<epsilon>
218	100	<10>	<epsilon>
218	100	<13>	<epsilon>
218	100	<space>	<epsilon>
218	230	,	<epsilon>
219	231	<epsilon>	t
220	232	<epsilon>	t
221	233	<epsilon>	t
222	234	<epsilon>	t
223	235	<epsilon>	t
224	236	<epsilon>	t
225	237	<epsilon>	t
226	238	<epsilon>	t
227	239	<epsilon>	t
228	240	<epsilon>	o
229	241	<epsilon>	t
230	150	<space>	<epsilon>
231	242	<epsilon>	o
232	243	<epsilon>	o
233	244	<epsilon>	o
234	245	<epsilon>	o
235	246	<epsilon>	o
236	247	<epsilon>	o
237	248	<epsilon>	o
238	249	<epsilon>	o
239	250	<epsilon>	o
240	251	<epsilon>	r
241	252	<epsilon>	o
242	253	<epsilon>	r
243	254	<epsilon>	r
244	255	<epsilon>	r
245	256	<epsilon>	r
246	257	<epsilon>	r
247	258	<epsilon>	r
248	259	<epsilon>	r
249	260	<epsilon>	r
250	261	<epsilon>	r
251	262	<epsilon>	:
252	263	<epsilon>	r
253	264	<epsilon>	:
254	265	<epsilon>	:
255	266	<epsilon>	:
256	267	<epsilon>	:
257	268	<epsilon>	:
258	269	<epsilon>	:
259	270	<epsilon>	:
260	271	<epsilon>	:
261	272	<epsilon>	:
262	273	<epsilon>	<space>
263	274	<epsilon>	:
264	275	<epsilon>	<space>
265	276	<epsilon>	<space>
266	277	<epsilon>	<space>
267	278	<epsilon>	<space>
268	279	<epsilon>	<space>
269	280	<epsilon>	<space>
270	281	<epsilon>	<space>
271	282	<epsilon>	<space>
272	283	<epsilon>	<space>
273	284	<194>	1
273	285	<194>	3
273	286	<226>	1
273	287	<226>	2
273	288	<226>	3
273	289	<226>	4
273	290	<226>	5
273	291	<226>	7
274	292	<epsilon>	<space>
275	293	0	0
275	294	1	1
275	294	2	2
275	294	3	3
275	294	4	4
275	294	5	5
275	294	6	6
275	294	7	7
275	294	8	8
275	294	9	9
276	294	<epsilon>	4
277	294	<epsilon>	2
278	294	<144>	7
278	294	<145>	9
278	295	<146>	1
278	294	<147>	3
278	294	<149>	5
278	294	<153>	6
278	294	<155>	8
279	294	<148>	3
279	294	<150>	5
280	294	<151>	5
280	294	<156>	8
281	294	<152>	5
282	294	<154>	6
282	294	<157>	8
283	294	<158>	8
284	296	<188>	<epsilon>
284	297	<189>	<epsilon>
285	296	<190>	<epsilon>
286	298	<133>	<epsilon>
287	299	<133>	<epsilon>
288	300	<133>	<epsilon>
289	301	<133>	<epsilon>
290	302	<133>	<epsilon>
291	303	<133>	<epsilon>
292	304	0	0
292	305	1	1
292	305	2	2
292	305	3	3
292	305	4	4
292	305	5	5
292	305	6	6
292	305	7	7
292	305	8	8
292	305	9	9
292	284	<194>	1
292	285	<194>	3
292	286	<226>	1
292	287	<226>	2
292	288	<226>	3
292	289	<226>	4
292	290	<226>	5
292	291	<226>	7
293	306	<epsilon>	<space>	2
294	306	<epsilon>	<space>	2
294	309	<space>	<epsilon>
294	310	,	<epsilon>
294	307	0	0
294	308	1	1
294	308	2	2
294	308	3	3
294	308	4	4
294	308	5	5
294	308	6	6
294	308	7	7
294	308	8	8
294	308	9	9
295	307	<epsilon>	0
296	311	<epsilon>	<space>
297	312	<epsilon>	<space>
298	313	<epsilon>	<space>
299	314	<epsilon>	<space>
300	315	<epsilon>	<space>
301	316	<epsilon>	<space>
302	317	<epsilon>	<space>
303	318	<epsilon>	<space>
304	304	<9>	<epsilon>
304	304	<10>	<epsilon>
304	304	<13>	<epsilon>
304	304	<space>	<epsilon>
304	319	/	<epsilon>
304	320	<226>	<epsilon>
305	304	<9>	<epsilon>
305	304	<10>	<epsilon>
305	304	<13>	<epsilon>
305	323	<space>	<epsilon>
305	324	,	<epsilon>
305	319	/	<epsilon>
305	321	0	0
305	322	1	1
305	322	2	2
305	322	3	3
305	322	4	4
305	322	5	5
305	322	6	6
305	322	7	7
305	322	8	8
305	322	9	9
305	320	<226>	<epsilon>
306	350	<epsilon>	}
307	306	<epsilon>	<space>	2
307	309	<space>	<epsilon>
307	310	,	<epsilon>
307	325	0	0
307	326	1	1
307	326	2	2
307	326	3	3
307	326	4	4
307	326	5	5
307	326	6	6
307	326	7	7
307	326	8	8
307	326	9	9
308	306	<epsilon>	<space>	2
308	309	<space>	<epsilon>
308	310	,	<epsilon>
308	325	0	0
308	327	1	1
308	327	2	2
308	327	3	3
308	327	4	4
308	327	5	5
308	327	6	6
308	327	7	7
308	327	8	8
308	327	9	9
309	329	,	<epsilon>
309	328	0	0
309	328	1	1
309	328	2	2
309	328	3	3
309	328	4	4
309	328	5	5
309	328	6	6
309	328	7	7
309	328	8	8
309	328	9	9
310	331	<space>	<epsilon>
310	330	0	0
310	330	1	1
310	330	2	2
310	330	3	3
310	330	4	4
310	330	5	5
310	330	6	6
310	330	7	7
310	330	8	8
310	330	9	9
311	332	<epsilon>	d
312	333	<epsilon>	d
313	334	<epsilon>	d
314	335	<epsilon>	d
315	336	<epsilon>	d
316	337	<epsilon>	d
317	338	<epsilon>	d
318	339	<epsilon>	d
319	340	<epsilon>	<space>
320	341	<129>	<epsilon>
321	304	<9>	<epsilon>
321	304	<10>	<epsilon>
321	304	<13>	<epsilon>
321	323	<space>	<epsilon>
321	324	,	<epsilon>
321	319	/	<epsilon>
321	342	0	0
321	343	1	1
321	343	2	2
321	343	3	3
321	343	4	4
321	343	5	5
321	343	6	6
321	343	7	7
321	343	8	8
321	343	9	9
321	320	<226>	<epsilon>
322	304	<9>	<epsilon>
322	304	<10>	<epsilon>
322	304	<13>	<epsilon>
322	323	<space>	<epsilon>
322	324	,	<epsilon>
322	319	/	<epsilon>
322	342	0	0
322	344	1	1
322	344	2	2
322	344	3	3
322	344	4	4
322	344	5	5
322	344	6	6
322	344	7	7
322	344	8	8
322	344	9	9
322	320	<226>	<epsilon>
323	304	<9>	<epsilon>
323	304	<10>	<epsilon>
323	304	<13>	<epsilon>
323	304	<space>	<epsilon>
323	346	,	<epsilon>
323	319	/	<epsilon>
323	345	0	0
323	345	1	1
323	345	2	2
323	345	3	3
323	345	4	4
323	345	5	5
323	345	6	6
323	345	7	7
323	345	8	8
323	345	9	9
323	320	<226>	<epsilon>
324	348	<space>	<epsilon>
324	347	0	0
324	347	1	1
324	347	2	2
324	347	3	3
324	347	4	4
324	347	5	5
324	347	6	6
324	347	7	7
324	347	8	8
324	347	9	9
325	306	<epsilon>	<space>	2
325	309	<space>	<epsilon>
325	310	,	<epsilon>
325	351	0	0
325	352	1	1
325	352	2	2
325	352	3	3
325	352	4	4
325	352	5	5
325	352	6	6
325	352	7	7
325	352	8	8
325	352	9	9
326	306	<epsilon>	<space>	2
326	309	<space>	<epsilon>
326	353	,	<epsilon>
326	352	0	0
326	352	1	1
326	352	2	2
326	352	3	3
326	352	4	4
326	352	5	5
326	352	6	6
326	352	7	7
326	352	8	8
326	352	9	9
327	306	<epsilon>	<space>	2
327	309	<space>	<epsilon>
327	310	,	<epsilon>
327	351	0	0
327	351	1	1
327	351	2	2
327	351	3	3
327	351	4	4
327	351	5	5
327	351	6	6
327	351	7	7
327	351	8	8
327	351	9	9
328	354	0	0
328	354	1	1
328	354	2	2
328	354	3	3
328	354	4	4
328	354	5	5
328	354	6	6
328	354	7	7
328	354	8	8
328	354	9	9
329	356	<space>	<epsilon>
329	355	0	0
329	355	1	1
329	355	2	2
329	355	3	3
329	355	4	4
329	355	5	5
329	355	6	6
329	355	7	7
329	355	8	8
329	355	9	9
330	357	0	0
330	357	1	1
330	357	2	2
330	357	3	3
330	357	4	4
330	357	5	5
330	357	6	6
330	357	7	7
330	357	8	8
330	357	9	9
331	358	0	0
332	359	<epsilon>	e
333	360	<epsilon>	e
334	361	<epsilon>	e
335	362	<epsilon>	e
336	363	<epsilon>	e
337	364	<epsilon>	e
338	365	<epsilon>	e
339	366	<epsilon>	e
340	367	<epsilon>	d
340	340	<9>	<epsilon>
340	340	<10>	<epsilon>
340	340	<13>	<epsilon>
340	340	<space>	<epsilon>
341	319	<132>	<epsilon>
342	304	<9>	<epsilon>
342	304	<10>	<epsilon>
342	304	<13>	<epsilon>
342	323	<space>	<epsilon>
342	324	,	<epsilon>
342	319	/	<epsilon>
342	368	0	0
342	369	1	1
342	369	2	2
342	369	3	3
342	369	4	4
342	369	5	5
342	369	6	6
342	369	7	7
342	369	8	8
342	369	9	9
342	320	<226>	<epsilon>
343	304	<9>	<epsilon>
343	304	<10>	<epsilon>
343	304	<13>	<epsilon>
343	323	<space>	<epsilon>
343	370	,	<epsilon>
343	319	/	<epsilon>
343	369	0	0
343	369	1	1
343	369	2	2
343	369	3	3
343	369	4	4
343	369	5	5
343	369	6	6
343	369	7	7
343	369	8	8
343	369	9	9
343	320	<226>	<epsilon>
344	304	<9>	<epsilon>
344	304	<10>	<epsilon>
344	304	<13>	<epsilon>
344	323	<space>	<epsilon>
344	324	,	<epsilon>
344	319	/	<epsilon>
344	368	0	0
344	368	1	1
344	368	2	2
344	368	3	3
344	368	4	4
344	368	5	5
344	368	6	6
344	368	7	7
344	368	8	8
344	368	9	9
344	320	<226>	<epsilon>
345	371	0	0
345	371	1	1
345	371	2	2
345	371	3	3
345	371	4	4
345	371	5	5
345	371	6	6
345	371	7	7
345	371	8	8
345	371	9	9
346	373	<space>	<epsilon>
346	372	0	0
346	372	1	1
346	372	2	2
346	372	3	3
346	372	4	4
346	372	5	5
346	372	6	6
346	372	7	7
346	372	8	8
346	372	9	9
347	374	0	0
347	374	1	1
347	374	2	2
347	374	3	3
347	374	4	4
347	374	5	5
347	374	6	6
347	374	7	7
347	374	8	8
347	374	9	9
348	375	0	0
349	376	<epsilon>	}
350	349	<epsilon>	<space>
350	350	<space>	<epsilon>
351	306	<epsilon>	<space>	2
351	378	<space>	<epsilon>
351	310	,	<epsilon>
351	377	0	0
351	377	1	1
351	377	2	2
351	377	3	3
351	377	4	4
351	377	5	5
351	377	6	6
351	377	7	7
351	377	8	8
351	377	9	9
352	306	<epsilon>	<space>	2
352	378	<space>	<epsilon>
352	353	,	<epsilon>
352	377	0	0
352	377	1	1
352	377	2	2
352	377	3	3
352	377	4	4
352	377	5	5
352	377	6	6
352	377	7	7
352	377	8	8
352	377	9	9
353	330	0	0
353	330	1	1
353	330	2	2
353	330	3	3
353	330	4	4
353	330	5	5
353	330	6	6
353	330	7	7
353	330	8	8
353	330	9	9
354	379	0	0
354	379	1	1
354	379	2	2
354	379	3	3
354	379	4	4
354	379	5	5
354	379	6	6
354	379	7	7
354	379	8	8
354	379	9	9
355	380	0	0
355	380	1	1
355	380	2	2
355	380	3	3
355	380	4	4
355	380	5	5
355	380	6	6
355	380	7	7
355	380	8	8
355	380	9	9
356	381	0	0
356	381	1	1
356	381	2	2
356	381	3	3
356	381	4	4
356	381	5	5
356	381	6	6
356	381	7	7
356	381	8	8
356	381	9	9
357	382	0	0
357	382	1	1
357	382	2	2
357	382	3	3
357	382	4	4
357	382	5	5
357	382	6	6
357	382	7	7
357	382	8	8
357	382	9	9
358	383	0	0
359	384	<epsilon>	n
360	385	<epsilon>	n
361	386	<epsilon>	n
362	387	<epsilon>	n
363	388	<epsilon>	n
364	389	<epsilon>	n
365	390	<epsilon>	n
366	391	<epsilon>	n
367	392	<epsilon>	e
368	304	<9>	<epsilon>
368	304	<10>	<epsilon>
368	304	<13>	<epsilon>
368	394	<space>	<epsilon>
368	324	,	<epsilon>
368	319	/	<epsilon>
368	393	0	0
368	393	1	1
368	393	2	2
368	393	3	3
368	393	4	4
368	393	5	5
368	393	6	6
368	393	7	7
368	393	8	8
368	393	9	9
368	320	<226>	<epsilon>
369	304	<9>	<epsilon>
369	304	<10>	<epsilon>
369	304	<13>	<epsilon>
369	394	<space>	<epsilon>
369	370	,	<epsilon>
369	319	/	<epsilon>
369	393	0	0
369	393	1	1
369	393	2	2
369	393	3	3
369	393	4	4
369	393	5	5
369	393	6	6
369	393	7	7
369	393	8	8
369	393	9	9
369	320	<226>	<epsilon>
370	347	0	0
370	347	1	1
370	347	2	2
370	347	3	3
370	347	4	4
370	347	5	5
370	347	6	6
370	347	7	7
370	347	8	8
370	347	9	9
371	395	0	0
371	395	1	1
371	395	2	2
371	395	3	3
371	395	4	4
371	395	5	5
371	395	6	6
371	395	7	7
371	395	8	8
371	395	9	9
372	396	0	0
372	396	1	1
372	396	2	2
372	396	3	3
372	396	4	4
372	396	5	5
372	396	6	6
372	396	7	7
372	396	8	8
372	396	9	9
373	397	0	0
373	397	1	1
373	397	2	2
373	397	3	3
373	397	4	4
373	397	5	5
373	397	6	6
373	397	7	7
373	397	8	8
373	397	9	9
374	398	0	0
374	398	1	1
374	398	2	2
374	398	3	3
374	398	4	4
374	398	5	5
374	398	6	6
374	398	7	7
374	398	8	8
374	398	9	9
375	399	0	0
376	400	<epsilon>	<space>
377	306	<epsilon>	<space>	2
377	377	0	0
377	377	1	1
377	377	2	2
377	377	3	3
377	377	4	4
377	377	5	5
377	377	6	6
377	377	7	7
377	377	8	8
377	377	9	9
378	329	,	<epsilon>
379	306	<epsilon>	<space>	2
379	401	<space>	<epsilon>
380	402	0	0
380	402	1	1
380	402	2	2
380	402	3	3
380	402	4	4
380	402	5	5
380	402	6	6
380	402	7	7
380	402	8	8
380	402	9	9
381	403	0	0
381	403	1	1
381	403	2	2
381	403	3	3
381	403	4	4
381	403	5	5
381	403	6	6
381	403	7	7
381	403	8	8
381	403	9	9
382	306	<epsilon>	<space>	2
382	353	,	<epsilon>
383	404	0	0
384	405	<epsilon>	o
385	406	<epsilon>	o
386	407	<epsilon>	o
387	408	<epsilon>	o
388	409	<epsilon>	o
389	410	<epsilon>	o
390	411	<epsilon>	o
391	412	<epsilon>	o
392	413	<epsilon>	n
393	304	<9>	<epsilon>
393	304	<10>	<epsilon>
393	304	<13>	<epsilon>
393	304	<space>	<epsilon>
393	319	/	<epsilon>
393	393	0	0
393	393	1	1
393	393	2	2
393	393	3	3
393	393	4	4
393	393	5	5
393	393	6	6
393	393	7	7
393	393	8	8
393	393	9	9
393	320	<226>	<epsilon>
394	304	<9>	<epsilon>
394	304	<10>	<epsilon>
394	304	<13>	<epsilon>
394	304	<space>	<epsilon>
394	346	,	<epsilon>
394	319	/	<epsilon>
394	320	<226>	<epsilon>
395	304	<9>	<epsilon>
395	304	<10>	<epsilon>
395	304	<13>	<epsilon>
395	414	<space>	<epsilon>
395	319	/	<epsilon>
395	320	<226>	<epsilon>
396	415	0	0
396	415	1	1
396	415	2	2
396	415	3	3
396	415	4	4
396	415	5	5
396	415	6	6
396	415	7	7
396	415	8	8
396	415	9	9
397	416	0	0
397	416	1	1
397	416	2	2
397	416	3	3
397	416	4	4
397	416	5	5
397	416	6	6
397	416	7	7
397	416	8	8
397	416	9	9
398	304	<9>	<epsilon>
398	304	<10>	<epsilon>
398	304	<13>	<epsilon>
398	304	<space>	<epsilon>
398	370	,	<epsilon>
398	319	/	<epsilon>
398	320	<226>	<epsilon>
399	417	0	0
400	418	<epsilon>	t
401	328	0	0
401	328	1	1
401	328	2	2
401	328	3	3
401	328	4	4
401	328	5	5
401	328	6	6
401	328	7	7
401	328	8	8
401	328	9	9
402	306	<epsilon>	<space>	2
402	419	<space>	<epsilon>
403	420	0	0
403	420	1	1
403	420	2	2
403	420	3	3
403	420	4	4
403	420	5	5
403	420	6	6
403	420	7	7
403	420	8	8
403	420	9	9
404	306	<epsilon>	<space>	2
404	421	,	<epsilon>
405	422	<epsilon>	m
406	423	<epsilon>	m
407	424	<epsilon>	m
408	425	<epsilon>	m
409	426	<epsilon>	m
410	427	<epsilon>	m
411	428	<epsilon>	m
412	429	<epsilon>	m
413	430	<epsilon>	o
414	304	<9>	<epsilon>
414	304	<10>	<epsilon>
414	304	<13>	<epsilon>
414	304	<space>	<epsilon>
414	319	/	<epsilon>
414	345	0	0
414	345	1	1
414	345	2	2
414	345	3	3
414	345	4	4
414	345	5	5
414	345	6	6
414	345	7	7
414	345	8	8
414	345	9	9
414	320	<226>	<epsilon>
415	304	<9>	<epsilon>
415	304	<10>	<epsilon>
415	304	<13>	<epsilon>
415	431	<space>	<epsilon>
415	319	/	<epsilon>
415	320	<226>	<epsilon>
416	432	0	0
416	432	1	1
416	432	2	2
416	432	3	3
416	432	4	4
416	432	5	5
416	432	6	6
416	432	7	7
416	432	8	8
416	432	9	9
417	304	<9>	<epsilon>
417	304	<10>	<epsilon>
417	304	<13>	<epsilon>
417	304	<space>	<epsilon>
417	433	,	<epsilon>
417	319	/	<epsilon>
417	320	<226>	<epsilon>
418	434	<epsilon>	o
419	435	,	<epsilon>
420	306	<epsilon>	<space>	2
420	436	<space>	<epsilon>
421	331	<space>	<epsilon>
422	437	<epsilon>	i
423	438	<epsilon>	i
424	439	<epsilon>	i
425	440	<epsilon>	i
426	441	<epsilon>	i
427	442	<epsilon>	i
428	443	<epsilon>	i
429	444	<epsilon>	i
430	445	<epsilon>	m
431	304	<9>	<epsilon>
431	304	<10>	<epsilon>
431	304	<13>	<epsilon>
431	304	<space>	<epsilon>
431	446	,	<epsilon>
431	319	/	<epsilon>
431	320	<226>	<epsilon>
432	304	<9>	<epsilon>
432	304	<10>	<epsilon>
432	304	<13>	<epsilon>
432	447	<space>	<epsilon>
432	319	/	<epsilon>
432	320	<226>	<epsilon>
433	348	<space>	<epsilon>
434	448	<epsilon>	k
435	355	0	0
435	355	1	1
435	355	2	2
435	355	3	3
435	355	4	4
435	355	5	5
435	355	6	6
435	355	7	7
435	355	8	8
435	355	9	9
436	449	,	<epsilon>
437	450	<epsilon>	n
438	451	<epsilon>	n
439	452	<epsilon>	n
440	453	<epsilon>	n
441	454	<epsilon>	n
442	455	<epsilon>	n
443	456	<epsilon>	n
444	457	<epsilon>	n
445	458	<epsilon>	i
446	372	0	0
446	372	1	1
446	372	2	2
446	372	3	3
446	372	4	4
446	372	5	5
446	372	6	6
446	372	7	7
446	372	8	8
446	372	9	9
447	304	<9>	<epsilon>
447	304	<10>	<epsilon>
447	304	<13>	<epsilon>
447	304	<space>	<epsilon>
447	459	,	<epsilon>
447	319	/	<epsilon>
447	320	<226>	<epsilon>
448	460	<epsilon>	e
449	356	<space>	<epsilon>
450	461	<epsilon>	a
451	462	<epsilon>	a
452	463	<epsilon>	a
453	464	<epsilon>	a
454	465	<epsilon>	a
455	466	<epsilon>	a
456	467	<epsilon>	a
457	468	<epsilon>	a
458	469	<epsilon>	n
459	373	<space>	<epsilon>
460	470	<epsilon>	n
461	471	<epsilon>	t
462	472	<epsilon>	t
463	473	<epsilon>	t
464	474	<epsilon>	t
465	475	<epsilon>	t
466	476	<epsilon>	t
467	477	<epsilon>	t
468	478	<epsilon>	t
469	479	<epsilon>	a
470	480	<epsilon>	s
471	481	<epsilon>	o
472	482	<epsilon>	o
473	483	<epsilon>	o
474	484	<epsilon>	o
475	485	<epsilon>	o
476	486	<epsilon>	o
477	487	<epsilon>	o
478	488	<epsilon>	o
479	489	<epsilon>	t
480	490	<epsilon>	<space>
481	491	<epsilon>	r
482	492	<epsilon>	r
483	493	<epsilon>	r
484	494	<epsilon>	r
485	495	<epsilon>	r
486	496	<epsilon>	r
487	497	<epsilon>	r
488	498	<epsilon>	r
489	499	<epsilon>	o
490	500	<epsilon>	{
491	501	<epsilon>	:
492	502	<epsilon>	:
493	503	<epsilon>	:
494	504	<epsilon>	:
495	505	<epsilon>	:
496	506	<epsilon>	:
497	507	<epsilon>	:
498	508	<epsilon>	:
499	509	<epsilon>	r
500	510	<epsilon>	<space>
501	511	<epsilon>	<space>
502	512	<epsilon>	<space>
503	513	<epsilon>	<space>
504	514	<epsilon>	<space>
505	515	<epsilon>	<space>
506	516	<epsilon>	<space>
507	517	<epsilon>	<space>
508	518	<epsilon>	<space>
509	519	<epsilon>	:
510	520	<epsilon>	c
511	521	<epsilon>	4
512	521	<epsilon>	2
513	521	<144>	7
513	521	<145>	9
513	522	<146>	1
513	521	<147>	3
513	521	<149>	5
513	521	<153>	6
513	521	<155>	8
514	521	<148>	3
514	521	<150>	5
515	521	<151>	5
515	521	<156>	8
516	521	<152>	5
517	521	<154>	6
517	521	<157>	8
518	521	<158>	8
519	523	<epsilon>	<space>
520	524	<epsilon>	o
521	306	<epsilon>	<space>
521	527	<space>	<epsilon>
521	528	,	<epsilon>
521	525	0	0
521	526	1	1
521	526	2	2
521	526	3	3
521	526	4	4
521	526	5	5
521	526	6	6
521	526	7	7
521	526	8	8
521	526	9	9
522	525	<epsilon>	0
523	529	0	0
523	521	1	1
523	521	2	2
523	521	3	3
523	521	4	4
523	521	5	5
523	521	6	6
523	521	7	7
523	521	8	8
523	521	9	9
524	530	<epsilon>	n
525	306	<epsilon>	<space>
525	527	<space>	<epsilon>
525	528	,	<epsilon>
525	531	0	0
525	532	1	1
525	532	2	2
525	532	3	3
525	532	4	4
525	532	5	5
525	532	6	6
525	532	7	7
525	532	8	8
525	532	9	9
526	306	<epsilon>	<space>
526	527	<space>	<epsilon>
526	528	,	<epsilon>
526	531	0	0
526	533	1	1
526	533	2	2
526	533	3	3
526	533	4	4
526	533	5	5
526	533	6	6
526	533	7	7
526	533	8	8
526	533	9	9
527	535	,	<epsilon>
527	534	0	0
527	534	1	1
527	534	2	2
527	534	3	3
527	534	4	4
527	534	5	5
527	534	6	6
527	534	7	7
527	534	8	8
527	534	9	9
528	537	<space>	<epsilon>
528	536	0	0
528	536	1	1
528	536	2	2
528	536	3	3
528	536	4	4
528	536	5	5
528	536	6	6
528	536	7	7
528	536	8	8
528	536	9	9
529	306	<epsilon>	<space>
530	538	<epsilon>	n
531	306	<epsilon>	<space>
531	527	<space>	<epsilon>
531	528	,	<epsilon>
531	539	0	0
531	540	1	1
531	540	2	2
531	540	3	3
531	540	4	4
531	540	5	5
531	540	6	6
531	540	7	7
531	540	8	8
531	540	9	9
532	306	<epsilon>	<space>
532	527	<space>	<epsilon>
532	541	,	<epsilon>
532	540	0	0
532	540	1	1
532	540	2	2
532	540	3	3
532	540	4	4
532	540	5	5
532	540	6	6
532	540	7	7
532	540	8	8
532	540	9	9
533	306	<epsilon>	<space>
533	527	<space>	<epsilon>
533	528	,	<epsilon>
533	539	0	0
533	539	1	1
533	539	2	2
533	539	3	3
533	539	4	4
533	539	5	5
533	539	6	6
533	539	7	7
533	539	8	8
533	539	9	9
534	542	0	0
534	542	1	1
534	542	2	2
534	542	3	3
534	542	4	4
534	542	5	5
534	542	6	6
534	542	7	7
534	542	8	8
534	542	9	9
535	544	<space>	<epsilon>
535	543	0	0
535	543	1	1
535	543	2	2
535	543	3	3
535	543	4	4
535	543	5	5
535	543	6	6
535	543	7	7
535	543	8	8
535	543	9	9
536	545	0	0
536	545	1	1
536	545	2	2
536	545	3	3
536	545	4	4
536	545	5	5
536	545	6	6
536	545	7	7
536	545	8	8
536	545	9	9
537	546	0	0
538	547	<epsilon>	e
539	306	<epsilon>	<space>
539	549	<space>	<epsilon>
539	528	,	<epsilon>
539	548	0	0
539	548	1	1
539	548	2	2
539	548	3	3
539	548	4	4
539	548	5	5
539	548	6	6
539	548	7	7
539	548	8	8
539	548	9	9
540	306	<epsilon>	<space>
540	549	<space>	<epsilon>
540	541	,	<epsilon>
540	548	0	0
540	548	1	1
540	548	2	2
540	548	3	3
540	548	4	4
540	548	5	5
540	548	6	6
540	548	7	7
540	548	8	8
540	548	9	9
541	536	0	0
541	536	1	1
541	536	2	2
541	536	3	3
541	536	4	4
541	536	5	5
541	536	6	6
541	536	7	7
541	536	8	8
541	536	9	9
542	550	0	0
542	550	1	1
542	550	2	2
542	550	3	3
542	550	4	4
542	550	5	5
542	550	6	6
542	550	7	7
542	550	8	8
542	550	9	9
543	551	0	0
543	551	1	1
543	551	2	2
543	551	3	3
543	551	4	4
543	551	5	5
543	551	6	6
543	551	7	7
543	551	8	8
543	551	9	9
544	552	0	0
544	552	1	1
544	552	2	2
544	552	3	3
544	552	4	4
544	552	5	5
544	552	6	6
544	552	7	7
544	552	8	8
544	552	9	9
545	553	0	0
545	553	1	1
545	553	2	2
545	553	3	3
545	553	4	4
545	553	5	5
545	553	6	6
545	553	7	7
545	553	8	8
545	553	9	9
546	554	0	0
547	555	<epsilon>	c
548	306	<epsilon>	<space>
548	548	0	0
548	548	1	1
548	548	2	2
548	548	3	3
548	548	4	4
548	548	5	5
548	548	6	6
548	548	7	7
548	548	8	8
548	548	9	9
549	535	,	<epsilon>
550	306	<epsilon>	<space>
550	556	<space>	<epsilon>
551	557	0	0
551	557	1	1
551	557	2	2
551	557	3	3
551	557	4	4
551	557	5	5
551	557	6	6
551	557	7	7
551	557	8	8
551	557	9	9
552	558	0	0
552	558	1	1
552	558	2	2
552	558	3	3
552	558	4	4
552	558	5	5
552	558	6	6
552	558	7	7
552	558	8	8
552	558	9	9
553	306	<epsilon>	<space>
553	541	,	<epsilon>
554	559	0	0
555	560	<epsilon>	t
556	534	0	0
556	534	1	1
556	534	2	2
556	534	3	3
556	534	4	4
556	534	5	5
556	534	6	6
556	534	7	7
556	534	8	8
556	534	9	9
557	306	<epsilon>	<space>
557	561	<space>	<epsilon>
558	562	0	0
558	562	1	1
558	562	2	2
558	562	3	3
558	562	4	4
558	562	5	5
558	562	6	6
558	562	7	7
558	562	8	8
558	562	9	9
559	306	<epsilon>	<space>
559	563	,	<epsilon>
560	564	<epsilon>	o
561	565	,	<epsilon>
562	306	<epsilon>	<space>
562	566	<space>	<epsilon>
563	537	<space>	<epsilon>
564	567	<epsilon>	r
565	543	0	0
565	543	1	1
565	543	2	2
565	543	3	3
565	543	4	4
565	543	5	5
565	543	6	6
565	543	7	7
565	543	8	8
565	543	9	9
566	568	,	<epsilon>
567	569	<epsilon>	<space>
568	544	<space>	<epsilon>
569	570	<epsilon>	{
570	571	<epsilon>	<space>
571	572	<epsilon>	t
572	573	<epsilon>	y
573	574	<epsilon>	p
574	575	<epsilon>	e
575	576	<epsilon>	:
576	577	<epsilon>	<space>
577	578	<epsilon>	"
578	578	<space>	<epsilon>
578	579	-	r
578	579	~	r
578	580	<226>	r
579	581	<epsilon>	a
580	582	<128>	a
581	583	<epsilon>	n
582	583	<147>	n
582	583	<148>	n
583	584	<epsilon>	g
584	585	<epsilon>	e
585	586	<epsilon>	"
585	585	<space>	<epsilon>
586	587	<epsilon>	<space>
587	588	<epsilon>	}
588	589	<epsilon>	<space>
589	590	<epsilon>	<space>
590	591	<epsilon>	}
591	592	<epsilon>	<space>
592	593	<epsilon>	t
593	594	<epsilon>	o
594	595	<epsilon>	k
595	596	<epsilon>	e
596	597	<epsilon>	n
597	598	<epsilon>	s
598	599	<epsilon>	<space>
599	600	<epsilon>	{
600	601	<epsilon>	<space>
601	602	<epsilon>	f
601	601	<space>	<epsilon>
602	603	<epsilon>	r
603	604	<epsilon>	a
604	605	<epsilon>	c
605	606	<epsilon>	t
606	607	<epsilon>	i
607	608	<epsilon>	o
608	609	<epsilon>	n
609	610	<epsilon>	<space>
610	611	<epsilon>	{
611	612	<epsilon>	<space>
612	613	<epsilon>	i
612	614	<epsilon>	n
613	615	<epsilon>	n
614	616	<epsilon>	u
615	617	<epsilon>	t
616	618	<epsilon>	m
617	619	<epsilon>	e
618	620	<epsilon>	e
619	621	<epsilon>	g
620	622	<epsilon>	r
621	623	<epsilon>	e
622	624	<epsilon>	a
623	625	<epsilon>	r
624	626	<epsilon>	t
625	627	<epsilon>	_
626	628	<epsilon>	o
627	629	<epsilon>	p
628	630	<epsilon>	r
629	631	<epsilon>	a
630	632	<epsilon>	:
631	633	<epsilon>	r
632	634	<epsilon>	<space>
633	635	<epsilon>	t
634	636	-	-
634	637	0	0
634	638	1	1
634	638	2	2
634	638	3	3
634	638	4	4
634	638	5	5
634	638	6	6
634	638	7	7
634	638	8	8
634	638	9	9
634	639	<194>	1
634	640	<194>	3
634	641	<226>	1
634	642	<226>	2
634	643	<226>	3
634	644	<226>	4
634	645	<226>	5
634	646	<226>	7
635	647	<epsilon>	:
636	637	0	0
636	638	1	1
636	638	2	2
636	638	3	3
636	638	4	4
636	638	5	5
636	638	6	6
636	638	7	7
636	638	8	8
636	638	9	9
636	639	<194>	1
636	640	<194>	3
636	641	<226>	1
636	642	<226>	2
636	643	<226>	3
636	644	<226>	4
636	645	<226>	5
636	646	<226>	7
637	637	<9>	<epsilon>
637	637	<10>	<epsilon>
637	637	<13>	<epsilon>
637	637	<space>	<epsilon>
637	648	/	<epsilon>
637	649	<226>	<epsilon>
638	637	<9>	<epsilon>
638	637	<10>	<epsilon>
638	637	<13>	<epsilon>
638	652	<space>	<epsilon>
638	653	,	<epsilon>
638	648	/	<epsilon>
638	650	0	0
638	651	1	1
638	651	2	2
638	651	3	3
638	651	4	4
638	651	5	5
638	651	6	6
638	651	7	7
638	651	8	8
638	651	9	9
638	649	<226>	<epsilon>
639	654	<188>	<epsilon>
639	655	<189>	<epsilon>
640	654	<190>	<epsilon>
641	656	<133>	<epsilon>
642	657	<133>	<epsilon>
643	658	<133>	<epsilon>
644	659	<133>	<epsilon>
645	660	<133>	<epsilon>
646	661	<133>	<epsilon>
647	662	<epsilon>	<space>
648	663	<epsilon>	<space>
649	664	<129>	<epsilon>
650	637	<9>	<epsilon>
650	637	<10>	<epsilon>
650	637	<13>	<epsilon>
650	652	<space>	<epsilon>
650	653	,	<epsilon>
650	648	/	<epsilon>
650	665	0	0
650	666	1	1
650	666	2	2
650	666	3	3
650	666	4	4
650	666	5	5
650	666	6	6
650	666	7	7
650	666	8	8
650	666	9	9
650	649	<226>	<epsilon>
651	637	<9>	<epsilon>
651	637	<10>	<epsilon>
651	637	<13>	<epsilon>
651	652	<space>	<epsilon>
651	653	,	<epsilon>
651	648	/	<epsilon>
651	665	0	0
651	667	1	1
651	667	2	2
651	667	3	3
651	667	4	4
651	667	5	5
651	667	6	6
651	667	7	7
651	667	8	8
651	667	9	9
651	649	<226>	<epsilon>
652	637	<9>	<epsilon>
652	637	<10>	<epsilon>
652	637	<13>	<epsilon>
652	637	<space>	<epsilon>
652	669	,	<epsilon>
652	648	/	<epsilon>
652	668	0	0
652	668	1	1
652	668	2	2
652	668	3	3
652	668	4	4
652	668	5	5
652	668	6	6
652	668	7	7
652	668	8	8
652	668	9	9
652	649	<226>	<epsilon>
653	671	<space>	<epsilon>
653	670	0	0
653	670	1	1
653	670	2	2
653	670	3	3
653	670	4	4
653	670	5	5
653	670	6	6
653	670	7	7
653	670	8	8
653	670	9	9
654	672	<epsilon>	<space>
655	673	<epsilon>	<space>
656	674	<epsilon>	<space>
657	675	<epsilon>	<space>
658	676	<epsilon>	<space>
659	677	<epsilon>	<space>
660	678	<epsilon>	<space>
661	679	<epsilon>	<space>
662	680	-	-
662	681	0	0
662	682	1	1
662	682	2	2
662	682	3	3
662	682	4	4
662	682	5	5
662	682	6	6
662	682	7	7
662	682	8	8
662	682	9	9
663	683	<epsilon>	d
663	663	<9>	<epsilon>
663	663	<10>	<epsilon>
663	663	<13>	<epsilon>
663	663	<space>	<epsilon>
664	648	<132>	<epsilon>
665	637	<9>	<epsilon>
665	637	<10>	<epsilon>
665	637	<13>	<epsilon>
665	652	<space>	<epsilon>
665	653	,	<epsilon>
665	648	/	<epsilon>
665	684	0	0
665	685	1	1
665	685	2	2
665	685	3	3
665	685	4	4
665	685	5	5
665	685	6	6
665	685	7	7
665	685	8	8
665	685	9	9
665	649	<226>	<epsilon>
666	637	<9>	<epsilon>
666	637	<10>	<epsilon>
666	637	<13>	<epsilon>
666	652	<space>	<epsilon>
666	686	,	<epsilon>
666	648	/	<epsilon>
666	685	0	0
666	685	1	1
666	685	2	2
666	685	3	3
666	685	4	4
666	685	5	5
666	685	6	6
666	685	7	7
666	685	8	8
666	685	9	9
666	649	<226>	<epsilon>
667	637	<9>	<epsilon>
667	637	<10>	<epsilon>
667	637	<13>	<epsilon>
667	652	<space>	<epsilon>
667	653	,	<epsilon>
667	648	/	<epsilon>
667	684	0	0
667	684	1	1
667	684	2	2
667	684	3	3
667	684	4	4
667	684	5	5
667	684	6	6
667	684	7	7
667	684	8	8
667	684	9	9
667	649	<226>	<epsilon>
668	687	0	0
668	687	1	1
668	687	2	2
668	687	3	3
668	687	4	4
668	687	5	5
668	687	6	6
668	687	7	7
668	687	8	8
668	687	9	9
669	689	<space>	<epsilon>
669	688	0	0
669	688	1	1
669	688	2	2
669	688	3	3
669	688	4	4
669	688	5	5
669	688	6	6
669	688	7	7
669	688	8	8
669	688	9	9
670	690	0	0
670	690	1	1
670	690	2	2
670	690	3	3
670	690	4	4
670	690	5	5
670	690	6	6
670	690	7	7
670	690	8	8
670	690	9	9
671	691	0	0
672	692	<epsilon>	d
673	693	<epsilon>	d
674	694	<epsilon>	d
675	695	<epsilon>	d
676	696	<epsilon>	d
677	697	<epsilon>	d
678	698	<epsilon>	d
679	699	<epsilon>	d
680	681	0	0
680	682	1	1
680	682	2	2
680	682	3	3
680	682	4	4
680	682	5	5
680	682	6	6
680	682	7	7
680	682	8	8
680	682	9	9
681	700	<epsilon>	<space>
681	701	<9>	<epsilon>
681	701	<10>	<epsilon>
681	701	<13>	<epsilon>
681	701	<space>	<epsilon>
682	700	<epsilon>	<space>
682	701	<9>	<epsilon>
682	701	<10>	<epsilon>
682	701	<13>	<epsilon>
682	704	<space>	<epsilon>
682	705	,	<epsilon>
682	702	0	0
682	703	1	1
682	703	2	2
682	703	3	3
682	703	4	4
682	703	5	5
682	703	6	6
682	703	7	7
682	703	8	8
682	703	9	9
683	706	<epsilon>	e
684	637	<9>	<epsilon>
684	637	<10>	<epsilon>
684	637	<13>	<epsilon>
684	708	<space>	<epsilon>
684	653	,	<epsilon>
684	648	/	<epsilon>
684	707	0	0
684	707	1	1
684	707	2	2
684	707	3	3
684	707	4	4
684	707	5	5
684	707	6	6
684	707	7	7
684	707	8	8
684	707	9	9
684	649	<226>	<epsilon>
685	637	<9>	<epsilon>
685	637	<10>	<epsilon>
685	637	<13>	<epsilon>
685	708	<space>	<epsilon>
685	686	,	<epsilon>
685	648	/	<epsilon>
685	707	0	0
685	707	1	1
685	707	2	2
685	707	3	3
685	707	4	4
685	707	5	5
685	707	6	6
685	707	7	7
685	707	8	8
685	707	9	9
685	649	<226>	<epsilon>
686	670	0	0
686	670	1	1
686	670	2	2
686	670	3	3
686	670	4	4
686	670	5	5
686	670	6	6
686	670	7	7
686	670	8	8
686	670	9	9
687	709	0	0
687	709	1	1
687	709	2	2
687	709	3	3
687	709	4	4
687	709	5	5
687	709	6	6
687	709	7	7
687	709	8	8
687	709	9	9
688	710	0	0
688	710	1	1
688	710	2	2
688	710	3	3
688	710	4	4
688	710	5	5
688	710	6	6
688	710	7	7
688	710	8	8
688	710	9	9
689	711	0	0
689	711	1	1
689	711	2	2
689	711	3	3
689	711	4	4
689	711	5	5
689	711	6	6
689	711	7	7
689	711	8	8
689	711	9	9
690	712	0	0
690	712	1	1
690	712	2	2
690	712	3	3
690	712	4	4
690	712	5	5
690	712	6	6
690	712	7	7
690	712	8	8
690	712	9	9
691	713	0	0
692	714	<epsilon>	e
693	715	<epsilon>	e
694	716	<epsilon>	e
695	717	<epsilon>	e
696	718	<epsilon>	e
697	719	<epsilon>	e
698	720	<epsilon>	e
699	721	<epsilon>	e
700	722	<epsilon>	n
701	723	<epsilon>	<space>
701	701	<9>	<epsilon>
701	701	<10>	<epsilon>
701	701	<13>	<epsilon>
701	701	<space>	<epsilon>
702	700	<epsilon>	<space>
702	701	<9>	<epsilon>
702	701	<10>	<epsilon>
702	701	<13>	<epsilon>
702	704	<space>	<epsilon>
702	705	,	<epsilon>
702	724	0	0
702	725	1	1
702	725	2	2
702	725	3	3
702	725	4	4
702	725	5	5
702	725	6	6
702	725	7	7
702	725	8	8
702	725	9	9
703	700	<epsilon>	<space>
703	701	<9>	<epsilon>
703	701	<10>	<epsilon>
703	701	<13>	<epsilon>
703	704	<space>	<epsilon>
703	705	,	<epsilon>
703	724	0	0
703	726	1	1
703	726	2	2
703	726	3	3
703	726	4	4
703	726	5	5
703	726	6	6
703	726	7	7
703	726	8	8
703	726	9	9
704	723	<epsilon>	<space>
704	701	<9>	<epsilon>
704	701	<10>	<epsilon>
704	701	<13>	<epsilon>
704	701	<space>	<epsilon>
704	728	,	<epsilon>
704	727	0	0
704	727	1	1
704	727	2	2
704	727	3	3
704	727	4	4
704	727	5	5
704	727	6	6
704	727	7	7
704	727	8	8
704	727	9	9
705	730	<space>	<epsilon>
705	729	0	0
705	729	1	1
705	729	2	2
705	729	3	3
705	729	4	4
705	729	5	5
705	729	6	6
705	729	7	7
705	729	8	8
705	729	9	9
706	731	<epsilon>	n
707	637	<9>	<epsilon>
707	637	<10>	<epsilon>
707	637	<13>	<epsilon>
707	637	<space>	<epsilon>
707	648	/	<epsilon>
707	707	0	0
707	707	1	1
707	707	2	2
707	707	3	3
707	707	4	4
707	707	5	5
707	707	6	6
707	707	7	7
707	707	8	8
707	707	9	9
707	649	<226>	<epsilon>
708	637	<9>	<epsilon>
708	637	<10>	<epsilon>
708	637	<13>	<epsilon>
708	637	<space>	<epsilon>
708	669	,	<epsilon>
708	648	/	<epsilon>
708	649	<226>	<epsilon>
709	637	<9>	<epsilon>
709	637	<10>	<epsilon>
709	637	<13>	<epsilon>
709	732	<space>	<epsilon>
709	648	/	<epsilon>
709	649	<226>	<epsilon>
710	733	0	0
710	733	1	1
710	733	2	2
710	733	3	3
710	733	4	4
710	733	5	5
710	733	6	6
710	733	7	7
710	733	8	8
710	733	9	9
711	734	0	0
711	734	1	1
711	734	2	2
711	734	3	3
711	734	4	4
711	734	5	5
711	734	6	6
711	734	7	7
711	734	8	8
711	734	9	9
712	637	<9>	<epsilon>
712	637	<10>	<epsilon>
712	637	<13>	<epsilon>
712	637	<space>	<epsilon>
712	686	,	<epsilon>
712	648	/	<epsilon>
712	649	<226>	<epsilon>
713	735	0	0
714	736	<epsilon>	n
715	737	<epsilon>	n
716	738	<epsilon>	n
717	739	<epsilon>	n
718	740	<epsilon>	n
719	741	<epsilon>	n
720	742	<epsilon>	n
721	743	<epsilon>	n
722	744	<epsilon>	u
723	745	<epsilon>	n
724	700	<epsilon>	<space>
724	701	<9>	<epsilon>
724	701	<10>	<epsilon>
724	701	<13>	<epsilon>
724	704	<space>	<epsilon>
724	705	,	<epsilon>
724	746	0	0
724	747	1	1
724	747	2	2
724	747	3	3
724	747	4	4
724	747	5	5
724	747	6	6
724	747	7	7
724	747	8	8
724	747	9	9
725	700	<epsilon>	<space>
725	701	<9>	<epsilon>
725	701	<10>	<epsilon>
725	701	<13>	<epsilon>
725	704	<space>	<epsilon>
725	748	,	<epsilon>
725	747	0	0
725	747	1	1
725	747	2	2
725	747	3	3
725	747	4	4
725	747	5	5
725	747	6	6
725	747	7	7
725	747	8	8
725	747	9	9
726	700	<epsilon>	<space>
726	701	<9>	<epsilon>
726	701	<10>	<epsilon>
726	701	<13>	<epsilon>
726	704	<space>	<epsilon>
726	705	,	<epsilon>
726	746	0	0
726	746	1	1
726	746	2	2
726	746	3	3
726	746	4	4
726	746	5	5
726	746	6	6
726	746	7	7
726	746	8	8
726	746	9	9
727	749	0	0
727	749	1	1
727	749	2	2
727	749	3	3
727	749	4	4
727	749	5	5
727	749	6	6
727	749	7	7
727	749	8	8
727	749	9	9
728	751	<space>	<epsilon>
728	750	0	0
728	750	1	1
728	750	2	2
728	750	3	3
728	750	4	4
728	750	5	5
728	750	6	6
728	750	7	7
728	750	8	8
728	750	9	9
729	752	0	0
729	752	1	1
729	752	2	2
729	752	3	3
729	752	4	4
729	752	5	5
729	752	6	6
729	752	7	7
729	752	8	8
729	752	9	9
730	753	0	0
731	754	<epsilon>	o
732	637	<9>	<epsilon>
732	637	<10>	<epsilon>
732	637	<13>	<epsilon>
732	637	<space>	<epsilon>
732	648	/	<epsilon>
732	668	0	0
732	668	1	1
732	668	2	2
732	668	3	3
732	668	4	4
732	668	5	5
732	668	6	6
732	668	7	7
732	668	8	8
732	668	9	9
732	649	<226>	<epsilon>
733	637	<9>	<epsilon>
733	637	<10>	<epsilon>
733	637	<13>	<epsilon>
733	755	<space>	<epsilon>
733	648	/	<epsilon>
733	649	<226>	<epsilon>
734	756	0	0
734	756	1	1
734	756	2	2
734	756	3	3
734	756	4	4
734	756	5	5
734	756	6	6
734	756	7	7
734	756	8	8
734	756	9	9
735	637	<9>	<epsilon>
735	637	<10>	<epsilon>
735	637	<13>	<epsilon>
735	637	<space>	<epsilon>
735	757	,	<epsilon>
735	648	/	<epsilon>
735	649	<226>	<epsilon>
736	758	<epsilon>	o
737	759	<epsilon>	o
738	760	<epsilon>	o
739	761	<epsilon>	o
740	762	<epsilon>	o
741	763	<epsilon>	o
742	764	<epsilon>	o
743	765	<epsilon>	o
744	766	<epsilon>	m
745	767	<epsilon>	u
746	700	<epsilon>	<space>
746	701	<9>	<epsilon>
746	701	<10>	<epsilon>
746	701	<13>	<epsilon>
746	769	<space>	<epsilon>
746	705	,	<epsilon>
746	768	0	0
746	768	1	1
746	768	2	2
746	768	3	3
746	768	4	4
746	768	5	5
746	768	6	6
746	768	7	7
746	768	8	8
746	768	9	9
747	700	<epsilon>	<space>
747	701	<9>	<epsilon>
747	701	<10>	<epsilon>
747	701	<13>	<epsilon>
747	769	<space>	<epsilon>
747	748	,	<epsilon>
747	768	0	0
747	768	1	1
747	768	2	2
747	768	3	3
747	768	4	4
747	768	5	5
747	768	6	6
747	768	7	7
747	768	8	8
747	768	9	9
748	729	0	0
748	729	1	1
748	729	2	2
748	729	3	3
748	729	4	4
748	729	5	5
748	729	6	6
748	729	7	7
748	729	8	8
748	729	9	9
749	770	0	0
749	770	1	1
749	770	2	2
749	770	3	3
749	770	4	4
749	770	5	5
749	770	6	6
749	770	7	7
749	770	8	8
749	770	9	9
750	771	0	0
750	771	1	1
750	771	2	2
750	771	3	3
750	771	4	4
750	771	5	5
750	771	6	6
750	771	7	7
750	771	8	8
750	771	9	9
751	772	0	0
751	772	1	1
751	772	2	2
751	772	3	3
751	772	4	4
751	772	5	5
751	772	6	6
751	772	7	7
751	772	8	8
751	772	9	9
752	773	0	0
752	773	1	1
752	773	2	2
752	773	3	3
752	773	4	4
752	773	5	5
752	773	6	6
752	773	7	7
752	773	8	8
752	773	9	9
753	774	0	0
754	775	<epsilon>	m
755	637	<9>	<epsilon>
755	637	<10>	<epsilon>
755	637	<13>	<epsilon>
755	637	<space>	<epsilon>
755	776	,	<epsilon>
755	648	/	<epsilon>
755	649	<226>	<epsilon>
756	637	<9>	<epsilon>
756	637	<10>	<epsilon>
756	637	<13>	<epsilon>
756	777	<space>	<epsilon>
756	648	/	<epsilon>
756	649	<226>	<epsilon>
757	671	<space>	<epsilon>
758	778	<epsilon>	m
759	779	<epsilon>	m
760	780	<epsilon>	m
761	781	<epsilon>	m
762	782	<epsilon>	m
763	783	<epsilon>	m
764	784	<epsilon>	m
765	785	<epsilon>	m
766	786	<epsilon>	e
767	787	<epsilon>	m
768	700	<epsilon>	<space>
768	701	<9>	<epsilon>
768	701	<10>	<epsilon>
768	701	<13>	<epsilon>
768	701	<space>	<epsilon>
768	768	0	0
768	768	1	1
768	768	2	2
768	768	3	3
768	768	4	4
768	768	5	5
768	768	6	6
768	768	7	7
768	768	8	8
768	768	9	9
769	723	<epsilon>	<space>
769	701	<9>	<epsilon>
769	701	<10>	<epsilon>
769	701	<13>	<epsilon>
769	701	<space>	<epsilon>
769	728	,	<epsilon>
770	700	<epsilon>	<space>
770	701	<9>	<epsilon>
770	701	<10>	<epsilon>
770	701	<13>	<epsilon>
770	788	<space>	<epsilon>
771	789	0	0
771	789	1	1
771	789	2	2
771	789	3	3
771	789	4	4
771	789	5	5
771	789	6	6
771	789	7	7
771	789	8	8
771	789	9	9
772	790	0	0
772	790	1	1
772	790	2	2
772	790	3	3
772	790	4	4
772	790	5	5
772	790	6	6
772	790	7	7
772	790	8	8
772	790	9	9
773	700	<epsilon>	<space>
773	701	<9>	<epsilon>
773	701	<10>	<epsilon>
773	701	<13>	<epsilon>
773	701	<space>	<epsilon>
773	748	,	<epsilon>
774	791	0	0
775	792	<epsilon>	i
776	688	0	0
776	688	1	1
776	688	2	2
776	688	3	3
776	688	4	4
776	688	5	5
776	688	6	6
776	688	7	7
776	688	8	8
776	688	9	9
777	637	<9>	<epsilon>
777	637	<10>	<epsilon>
777	637	<13>	<epsilon>
777	637	<space>	<epsilon>
777	793	,	<epsilon>
777	648	/	<epsilon>
777	649	<226>	<epsilon>
778	794	<epsilon>	i
779	795	<epsilon>	i
780	796	<epsilon>	i
781	797	<epsilon>	i
782	798	<epsilon>	i
783	799	<epsilon>	i
784	800	<epsilon>	i
785	801	<epsilon>	i
786	802	<epsilon>	r
787	803	<epsilon>	e
788	723	<epsilon>	<space>
788	701	<9>	<epsilon>
788	701	<10>	<epsilon>
788	701	<13>	<epsilon>
788	701	<space>	<epsilon>
788	727	0	0
788	727	1	1
788	727	2	2
788	727	3	3
788	727	4	4
788	727	5	5
788	727	6	6
788	727	7	7
788	727	8	8
788	727	9	9
789	700	<epsilon>	<space>
789	701	<9>	<epsilon>
789	701	<10>	<epsilon>
789	701	<13>	<epsilon>
789	804	<space>	<epsilon>
790	805	0	0
790	805	1	1
790	805	2	2
790	805	3	3
790	805	4	4
790	805	5	5
790	805	6	6
790	805	7	7
790	805	8	8
790	805	9	9
791	700	<epsilon>	<space>
791	701	<9>	<epsilon>
791	701	<10>	<epsilon>
791	701	<13>	<epsilon>
791	701	<space>	<epsilon>
791	806	,	<epsilon>
792	807	<epsilon>	n
793	689	<space>	<epsilon>
794	808	<epsilon>	n
795	809	<epsilon>	n
796	810	<epsilon>	n
797	811	<epsilon>	n
798	812	<epsilon>	n
799	813	<epsilon>	n
800	814	<epsilon>	n
801	815	<epsilon>	n
802	816	<epsilon>	a
803	817	<epsilon>	r
804	723	<epsilon>	<space>
804	701	<9>	<epsilon>
804	701	<10>	<epsilon>
804	701	<13>	<epsilon>
804	701	<space>	<epsilon>
804	818	,	<epsilon>
805	700	<epsilon>	<space>
805	701	<9>	<epsilon>
805	701	<10>	<epsilon>
805	701	<13>	<epsilon>
805	819	<space>	<epsilon>
806	730	<space>	<epsilon>
807	820	<epsilon>	a
808	821	<epsilon>	a
809	822	<epsilon>	a
810	823	<epsilon>	a
811	824	<epsilon>	a
812	825	<epsilon>	a
813	826	<epsilon>	a
814	827	<epsilon>	a
815	828	<epsilon>	a
816	829	<epsilon>	t
817	830	<epsilon>	a
818	750	0	0
818	750	1	1
818	750	2	2
818	750	3	3
818	750	4	4
818	750	5	5
818	750	6	6
818	750	7	7
818	750	8	8
818	750	9	9
819	723	<epsilon>	<space>
819	701	<9>	<epsilon>
819	701	<10>	<epsilon>
819	701	<13>	<epsilon>
819	701	<space>	<epsilon>
819	831	,	<epsilon>
820	832	<epsilon>	t
821	833	<epsilon>	t
822	834	<epsilon>	t
823	835	<epsilon>	t
824	836	<epsilon>	t
825	837	<epsilon>	t
826	838	<epsilon>	t
827	839	<epsilon>	t
828	840	<epsilon>	t
829	841	<epsilon>	o
830	842	<epsilon>	t
831	751	<space>	<epsilon>
832	843	<epsilon>	o
833	844	<epsilon>	o
834	845	<epsilon>	o
835	846	<epsilon>	o
836	847	<epsilon>	o
837	848	<epsilon>	o
838	849	<epsilon>	o
839	850	<epsilon>	o
840	851	<epsilon>	o
841	852	<epsilon>	r
842	853	<epsilon>	o
843	854	<epsilon>	r
844	855	<epsilon>	r
845	856	<epsilon>	r
846	857	<epsilon>	r
847	858	<epsilon>	r
848	859	<epsilon>	r
849	860	<epsilon>	r
850	861	<epsilon>	r
851	862	<epsilon>	r
852	863	<epsilon>	:
853	864	<epsilon>	r
854	865	<epsilon>	:
855	866	<epsilon>	:
856	867	<epsilon>	:
857	868	<epsilon>	:
858	869	<epsilon>	:
859	870	<epsilon>	:
860	871	<epsilon>	:
861	872	<epsilon>	:
862	873	<epsilon>	:
863	874	<epsilon>	<space>
864	875	<epsilon>	:
865	876	<epsilon>	<space>
866	877	<epsilon>	<space>
867	878	<epsilon>	<space>
868	879	<epsilon>	<space>
869	880	<epsilon>	<space>
870	881	<epsilon>	<space>
871	882	<epsilon>	<space>
872	883	<epsilon>	<space>
873	884	<epsilon>	<space>
874	885	<194>	1
874	886	<194>	3
874	887	<226>	1
874	888	<226>	2
874	889	<226>	3
874	890	<226>	4
874	891	<226>	5
874	892	<226>	7
875	893	<epsilon>	<space>
876	894	0	0
876	895	1	1
876	895	2	2
876	895	3	3
876	895	4	4
876	895	5	5
876	895	6	6
876	895	7	7
876	895	8	8
876	895	9	9
877	895	<epsilon>	4
878	895	<epsilon>	2
879	895	<144>	7
879	895	<145>	9
879	896	<146>	1
879	895	<147>	3
879	895	<149>	5
879	895	<153>	6
879	895	<155>	8
880	895	<148>	3
880	895	<150>	5
881	895	<151>	5
881	895	<156>	8
882	895	<152>	5
883	895	<154>	6
883	895	<157>	8
884	895	<158>	8
885	897	<188>	<epsilon>
885	898	<189>	<epsilon>
886	897	<190>	<epsilon>
887	899	<133>	<epsilon>
888	900	<133>	<epsilon>
889	901	<133>	<epsilon>
890	902	<133>	<epsilon>
891	903	<133>	<epsilon>
892	904	<133>	<epsilon>
893	905	0	0
893	906	1	1
893	906	2	2
893	906	3	3
893	906	4	4
893	906	5	5
893	906	6	6
893	906	7	7
893	906	8	8
893	906	9	9
893	885	<194>	1
893	886	<194>	3
893	887	<226>	1
893	888	<226>	2
893	889	<226>	3
893	890	<226>	4
893	891	<226>	5
893	892	<226>	7
894	907	<epsilon>	<space>	2
895	907	<epsilon>	<space>	2
895	910	<space>	<epsilon>
895	911	,	<epsilon>
895	908	0	0
895	909	1	1
895	909	2	2
895	909	3	3
895	909	4	4
895	909	5	5
895	909	6	6
895	909	7	7
895	909	8	8
895	909	9	9
896	908	<epsilon>	0
897	912	<epsilon>	<space>
898	913	<epsilon>	<space>
899	914	<epsilon>	<space>
900	915	<epsilon>	<space>
901	916	<epsilon>	<space>
902	917	<epsilon>	<space>
903	918	<epsilon>	<space>
904	919	<epsilon>	<space>
905	905	<9>	<epsilon>
905	905	<10>	<epsilon>
905	905	<13>	<epsilon>
905	905	<space>	<epsilon>
905	920	/	<epsilon>
905	921	<226>	<epsilon>
906	905	<9>	<epsilon>
906	905	<10>	<epsilon>
906	905	<13>	<epsilon>
906	924	<space>	<epsilon>
906	925	,	<epsilon>
906	920	/	<epsilon>
906	922	0	0
906	923	1	1
906	923	2	2
906	923	3	3
906	923	4	4
906	923	5	5
906	923	6	6
906	923	7	7
906	923	8	8
906	923	9	9
906	921	<226>	<epsilon>
907	926	<epsilon>	}
908	907	<epsilon>	<space>	2
908	910	<space>	<epsilon>
908	911	,	<epsilon>
908	927	0	0
908	928	1	1
908	928	2	2
908	928	3	3
908	928	4	4
908	928	5	5
908	928	6	6
908	928	7	7
908	928	8	8
908	928	9	9
909	907	<epsilon>	<space>	2
909	910	<space>	<epsilon>
909	911	,	<epsilon>
909	927	0	0
909	929	1	1
909	929	2	2
909	929	3	3
909	929	4	4
909	929	5	5
909	929	6	6
909	929	7	7
909	929	8	8
909	929	9	9
910	931	,	<epsilon>
910	930	0	0
910	930	1	1
910	930	2	2
910	930	3	3
910	930	4	4
910	930	5	5
910	930	6	6
910	930	7	7
910	930	8	8
910	930	9	9
911	933	<space>	<epsilon>
911	932	0	0
911	932	1	1
911	932	2	2
911	932	3	3
911	932	4	4
911	932	5	5
911	932	6	6
911	932	7	7
911	932	8	8
911	932	9	9
912	934	<epsilon>	d
913	935	<epsilon>	d
914	936	<epsilon>	d
915	937	<epsilon>	d
916	938	<epsilon>	d
917	939	<epsilon>	d
918	940	<epsilon>	d
919	941	<epsilon>	d
920	942	<epsilon>	<space>
921	943	<129>	<epsilon>
922	905	<9>	<epsilon>
922	905	<10>	<epsilon>
922	905	<13>	<epsilon>
922	924	<space>	<epsilon>
922	925	,	<epsilon>
922	920	/	<epsilon>
922	944	0	0
922	945	1	1
922	945	2	2
922	945	3	3
922	945	4	4
922	945	5	5
922	945	6	6
922	945	7	7
922	945	8	8
922	945	9	9
922	921	<226>	<epsilon>
923	905	<9>	<epsilon>
923	905	<10>	<epsilon>
923	905	<13>	<epsilon>
923	924	<space>	<epsilon>
923	925	,	<epsilon>
923	920	/	<epsilon>
923	944	0	0
923	946	1	1
923	946	2	2
923	946	3	3
923	946	4	4
923	946	5	5
923	946	6	6
923	946	7	7
923	946	8	8
923	946	9	9
923	921	<226>	<epsilon>
924	905	<9>	<epsilon>
924	905	<10>	<epsilon>
924	905	<13>	<epsilon>
924	905	<space>	<epsilon>
924	948	,	<epsilon>
924	920	/	<epsilon>
924	947	0	0
924	947	1	1
924	947	2	2
924	947	3	3
924	947	4	4
924	947	5	5
924	947	6	6
924	947	7	7
924	947	8	8
924	947	9	9
924	921	<226>	<epsilon>
925	950	<space>	<epsilon>
925	949	0	0
925	949	1	1
925	949	2	2
925	949	3	3
925	949	4	4
925	949	5	5
925	949	6	6
925	949	7	7
925	949	8	8
925	949	9	9
926
927	907	<epsilon>	<space>	2
927	910	<space>	<epsilon>
927	911	,	<epsilon>
927	951	0	0
927	952	1	1
927	952	2	2
927	952	3	3
927	952	4	4
927	952	5	5
927	952	6	6
927	952	7	7
927	952	8	8
927	952	9	9
928	907	<epsilon>	<space>	2
928	910	<space>	<epsilon>
928	953	,	<epsilon>
928	952	0	0
928	952	1	1
928	952	2	2
928	952	3	3
928	952	4	4
928	952	5	5
928	952	6	6
928	952	7	7
928	952	8	8
928	952	9	9
929	907	<epsilon>	<space>	2
929	910	<space>	<epsilon>
929	911	,	<epsilon>
929	951	0	0
929	951	1	1
929	951	2	2
929	951	3	3
929	951	4	4
929	951	5	5
929	951	6	6
929	951	7	7
929	951	8	8
929	951	9	9
930	954	0	0
930	954	1	1
930	954	2	2
930	954	3	3
930	954	4	4
930	954	5	5
930	954	6	6
930	954	7	7
930	954	8	8
930	954	9	9
931	956	<space>	<epsilon>
931	955	0	0
931	955	1	1
931	955	2	2
931	955	3	3
931	955	4	4
931	955	5	5
931	955	6	6
931	955	7	7
931	955	8	8
931	955	9	9
932	957	0	0
932	957	1	1
932	957	2	2
932	957	3	3
932	957	4	4
932	957	5	5
932	957	6	6
932	957	7	7
932	957	8	8
932	957	9	9
933	958	0	0
934	959	<epsilon>	e
935	960	<epsilon>	e
936	961	<epsilon>	e
937	962	<epsilon>	e
938	963	<epsilon>	e
939	964	<epsilon>	e
940	965	<epsilon>	e
941	966	<epsilon>	e
942	967	<epsilon>	d
942	942	<9>	<epsilon>
942	942	<10>	<epsilon>
942	942	<13>	<epsilon>
942	942	<space>	<epsilon>
943	920	<132>	<epsilon>
944	905	<9>	<epsilon>
944	905	<10>	<epsilon>
944	905	<13>	<epsilon>
944	924	<space>	<epsilon>
944	925	,	<epsilon>
944	920	/	<epsilon>
944	968	0	0
944	969	1	1
944	969	2	2
944	969	3	3
944	969	4	4
944	969	5	5
944	969	6	6
944	969	7	7
944	969	8	8
944	969	9	9
944	921	<226>	<epsilon>
945	905	<9>	<epsilon>
945	905	<10>	<epsilon>
945	905	<13>	<epsilon>
945	924	<space>	<epsilon>
945	970	,	<epsilon>
945	920	/	<epsilon>
945	969	0	0
945	969	1	1
945	969	2	2
945	969	3	3
945	969	4	4
945	969	5	5
945	969	6	6
945	969	7	7
945	969	8	8
945	969	9	9
945	921	<226>	<epsilon>
946	905	<9>	<epsilon>
946	905	<10>	<epsilon>
946	905	<13>	<epsilon>
946	924	<space>	<epsilon>
946	925	,	<epsilon>
946	920	/	<epsilon>
946	968	0	0
946	968	1	1
946	968	2	2
946	968	3	3
946	968	4	4
946	968	5	5
946	968	6	6
946	968	7	7
946	968	8	8
946	968	9	9
946	921	<226>	<epsilon>
947	971	0	0
947	971	1	1
947	971	2	2
947	971	3	3
947	971	4	4
947	971	5	5
947	971	6	6
947	971	7	7
947	971	8	8
947	971	9	9
948	973	<space>	<epsilon>
948	972	0	0
948	972	1	1
948	972	2	2
948	972	3	3
948	972	4	4
948	972	5	5
948	972	6	6
948	972	7	7
948	972	8	8
948	972	9	9
949	974	0	0
949	974	1	1
949	974	2	2
949	974	3	3
949	974	4	4
949	974	5	5
949	974	6	6
949	974	7	7
949	974	8	8
949	974	9	9
950	975	0	0
951	907	<epsilon>	<space>	2
951	977	<space>	<epsilon>
951	911	,	<epsilon>
951	976	0	0
951	976	1	1
951	976	2	2
951	976	3	3
951	976	4	4
951	976	5	5
951	976	6	6
951	976	7	7
951	976	8	8
951	976	9	9
952	907	<epsilon>	<space>	2
952	977	<space>	<epsilon>
952	953	,	<epsilon>
952	976	0	0
952	976	1	1
952	976	2	2
952	976	3	3
952	976	4	4
952	976	5	5
952	976	6	6
952	976	7	7
952	976	8	8
952	976	9	9
953	932	0	0
953	932	1	1
953	932	2	2
953	932	3	3
953	932	4	4
953	932	5	5
953	932	6	6
953	932	7	7
953	932	8	8
953	932	9	9
954	978	0	0
954	978	1	1
954	978	2	2
954	978	3	3
954	978	4	4
954	978	5	5
954	978	6	6
954	978	7	7
954	978	8	8
954	978	9	9
955	979	0	0
955	979	1	1
955	979	2	2
955	979	3	3
955	979	4	4
955	979	5	5
955	979	6	6
955	979	7	7
955	979	8	8
955	979	9	9
956	980	0	0
956	980	1	1
956	980	2	2
956	980	3	3
956	980	4	4
956	980	5	5
956	980	6	6
956	980	7	7
956	980	8	8
956	980	9	9
957	981	0	0
957	981	1	1
957	981	2	2
957	981	3	3
957	981	4	4
957	981	5	5
957	981	6	6
957	981	7	7
957	981	8	8
957	981	9	9
958	982	0	0
959	983	<epsilon>	n
960	984	<epsilon>	n
961	985	<epsilon>	n
962	986	<epsilon>	n
963	987	<epsilon>	n
964	988	<epsilon>	n
965	989	<epsilon>	n
966	990	<epsilon>	n
967	991	<epsilon>	e
968	905	<9>	<epsilon>
968	905	<10>	<epsilon>
968	905	<13>	<epsilon>
968	993	<space>	<epsilon>
968	925	,	<epsilon>
968	920	/	<epsilon>
968	992	0	0
968	992	1	1
968	992	2	2
968	992	3	3
968	992	4	4
968	992	5	5
968	992	6	6
968	992	7	7
968	992	8	8
968	992	9	9
968	921	<226>	<epsilon>
969	905	<9>	<epsilon>
969	905	<10>	<epsilon>
969	905	<13>	<epsilon>
969	993	<space>	<epsilon>
969	970	,	<epsilon>
969	920	/	<epsilon>
969	992	0	0
969	992	1	1
969	992	2	2
969	992	3	3
969	992	4	4
969	992	5	5
969	992	6	6
969	992	7	7
969	992	8	8
969	992	9	9
969	921	<226>	<epsilon>
970	949	0	0
970	949	1	1
970	949	2	2
970	949	3	3
970	949	4	4
970	949	5	5
970	949	6	6
970	949	7	7
970	949	8	8
970	949	9	9
971	994	0	0
971	994	1	1
971	994	2	2
971	994	3	3
971	994	4	4
971	994	5	5
971	994	6	6
971	994	7	7
971	994	8	8
971	994	9	9
972	995	0	0
972	995	1	1
972	995	2	2
972	995	3	3
972	995	4	4
972	995	5	5
972	995	6	6
972	995	7	7
972	995	8	8
972	995	9	9
973	996	0	0
973	996	1	1
973	996	2	2
973	996	3	3
973	996	4	4
973	996	5	5
973	996	6	6
973	996	7	7
973	996	8	8
973	996	9	9
974	997	0	0
974	997	1	1
974	997	2	2
974	997	3	3
974	997	4	4
974	997	5	5
974	997	6	6
974	997	7	7
974	997	8	8
974	997	9	9
975	998	0	0
976	907	<epsilon>	<space>	2
976	976	0	0
976	976	1	1
976	976	2	2
976	976	3	3
976	976	4	4
976	976	5	5
976	976	6	6
976	976	7	7
976	976	8	8
976	976	9	9
977	931	,	<epsilon>
978	907	<epsilon>	<space>	2
978	999	<space>	<epsilon>
979	1000	0	0
979	1000	1	1
979	1000	2	2
979	1000	3	3
979	1000	4	4
979	1000	5	5
979	1000	6	6
979	1000	7	7
979	1000	8	8
979	1000	9	9
980	1001	0	0
980	1001	1	1
980	1001	2	2
980	1001	3	3
980	1001	4	4
980	1001	5	5
980	1001	6	6
980	1001	7	7
980	1001	8	8
980	1001	9	9
981	907	<epsilon>	<space>	2
981	953	,	<epsilon>
982	1002	0	0
983	1003	<epsilon>	o
984	1004	<epsilon>	o
985	1005	<epsilon>	o
986	1006	<epsilon>	o
987	1007	<epsilon>	o
988	1008	<epsilon>	o
989	1009	<epsilon>	o
990	1010	<epsilon>	o
991	1011	<epsilon>	n
992	905	<9>	<epsilon>
992	905	<10>	<epsilon>
992	905	<13>	<epsilon>
992	905	<space>	<epsilon>
992	920	/	<epsilon>
992	992	0	0
992	992	1	1
992	992	2	2
992	992	3	3
992	992	4	4
992	992	5	5
992	992	6	6
992	992	7	7
992	992	8	8
992	992	9	9
992	921	<226>	<epsilon>
993	905	<9>	<epsilon>
993	905	<10>	<epsilon>
993	905	<13>	<epsilon>
993	905	<space>	<epsilon>
993	948	,	<epsilon>
993	920	/	<epsilon>
993	921	<226>	<epsilon>
994	905	<9>	<epsilon>
994	905	<10>	<epsilon>
994	905	<13>	<epsilon>
994	1012	<space>	<epsilon>
994	920	/	<epsilon>
994	921	<226>	<epsilon>
995	1013	0	0
995	1013	1	1
995	1013	2	2
995	1013	3	3
995	1013	4	4
995	1013	5	5
995	1013	6	6
995	1013	7	7
995	1013	8	8
995	1013	9	9
996	1014	0	0
996	1014	1	1
996	1014	2	2
996	1014	3	3
996	1014	4	4
996	1014	5	5
996	1014	6	6
996	1014	7	7
996	1014	8	8
996	1014	9	9
997	905	<9>	<epsilon>
997	905	<10>	<epsilon>
997	905	<13>	<epsilon>
997	905	<space>	<epsilon>
997	970	,	<epsilon>
997	920	/	<epsilon>
997	921	<226>	<epsilon>
998	1015	0	0
999	930	0	0
999	930	1	1
999	930	2	2
999	930	3	3
999	930	4	4
999	930	5	5
999	930	6	6
999	930	7	7
999	930	8	8
999	930	9	9
1000	907	<epsilon>	<space>	2
1000	1016	<space>	<epsilon>
1001	1017	0	0
1001	1017	1	1
1001	1017	2	2
1001	1017	3	3
1001	1017	4	4
1001	1017	5	5
1001	1017	6	6
1001	1017	7	7
1001	1017	8	8
1001	1017	9	9
1002	907	<epsilon>	<space>	2
1002	1018	,	<epsilon>
1003	1019	<epsilon>	m
1004	1020	<epsilon>	m
1005	1021	<epsilon>	m
1006	1022	<epsilon>	m
1007	1023	<epsilon>	m
1008	1024	<epsilon>	m
1009	1025	<epsilon>	m
1010	1026	<epsilon>	m
1011	1027	<epsilon>	o
1012	905	<9>	<epsilon>
1012	905	<10>	<epsilon>
1012	905	<13>	<epsilon>
1012	905	<space>	<epsilon>
1012	920	/	<epsilon>
1012	947	0	0
1012	947	1	1
1012	947	2	2
1012	947	3	3
1012	947	4	4
1012	947	5	5
1012	947	6	6
1012	947	7	7
1012	947	8	8
1012	947	9	9
1012	921	<226>	<epsilon>
1013	905	<9>	<epsilon>
1013	905	<10>	<epsilon>
1013	905	<13>	<epsilon>
1013	1028	<space>	<epsilon>
1013	920	/	<epsilon>
1013	921	<226>	<epsilon>
1014	1029	0	0
1014	1029	1	1
1014	1029	2	2
1014	1029	3	3
1014	1029	4	4
1014	1029	5	5
1014	1029	6	6
1014	1029	7	7
1014	1029	8	8
1014	1029	9	9
1015	905	<9>	<epsilon>
1015	905	<10>	<epsilon>
1015	905	<13>	<epsilon>
1015	905	<space>	<epsilon>
1015	1030	,	<epsilon>
1015	920	/	<epsilon>
1015	921	<226>	<epsilon>
1016	1031	,	<epsilon>
1017	907	<epsilon>	<space>	2
1017	1032	<space>	<epsilon>
1018	933	<space>	<epsilon>
1019	1033	<epsilon>	i
1020	1034	<epsilon>	i
1021	1035	<epsilon>	i
1022	1036	<epsilon>	i
1023	1037	<epsilon>	i
1024	1038	<epsilon>	i
1025	1039	<epsilon>	i
1026	1040	<epsilon>	i
1027	1041	<epsilon>	m
1028	905	<9>	<epsilon>
1028	905	<10>	<epsilon>
1028	905	<13>	<epsilon>
1028	905	<space>	<epsilon>
1028	1042	,	<epsilon>
1028	920	/	<epsilon>
1028	921	<226>	<epsilon>
1029	905	<9>	<epsilon>
1029	905	<10>	<epsilon>
1029	905	<13>	<epsilon>
1029	1043	<space>	<epsilon>
1029	920	/	<epsilon>
1029	921	<226>	<epsilon>
1030	950	<space>	<epsilon>
1031	955	0	0
1031	955	1	1
1031	955	2	2
1031	955	3	3
1031	955	4	4
1031	955	5	5
1031	955	6	6
1031	955	7	7
1031	955	8	8
1031	955	9	9
1032	1044	,	<epsilon>
1033	1045	<epsilon>	n
1034	1046	<epsilon>	n
1035	1047	<epsilon>	n
1036	1048	<epsilon>	n
1037	1049	<epsilon>	n
1038	1050	<epsilon>	n
1039	1051	<epsilon>	n
1040	1052	<epsilon>	n
1041	1053	<epsilon>	i
1042	972	0	0
1042	972	1	1
1042	972	2	2
1042	972	3	3
1042	972	4	4
1042	972	5	5
1042	972	6	6
1042	972	7	7
1042	972	8	8
1042	972	9	9
1043	905	<9>	<epsilon>
1043	905	<10>	<epsilon>
1043	905	<13>	<epsilon>
1043	905	<space>	<epsilon>
1043	1054	,	<epsilon>
1043	920	/	<epsilon>
1043	921	<226>	<epsilon>
1044	956	<space>	<epsilon>
1045	1055	<epsilon>	a
1046	1056	<epsilon>	a
1047	1057	<epsilon>	a
1048	1058	<epsilon>	a
1049	1059	<epsilon>	a
1050	1060	<epsilon>	a
1051	1061	<epsilon>	a
1052	1062	<epsilon>	a
1053	1063	<epsilon>	n
1054	973	<space>	<epsilon>
1055	1064	<epsilon>	t
1056	1065	<epsilon>	t
1057	1066	<epsilon>	t
1058	1067	<epsilon>	t
1059	1068	<epsilon>	t
1060	1069	<epsilon>	t
1061	1070	<epsilon>	t
1062	1071	<epsilon>	t
1063	1072	<epsilon>	a
1064	1073	<epsilon>	o
1065	1074	<epsilon>	o
1066	1075	<epsilon>	o
1067	1076	<epsilon>	o
1068	1077	<epsilon>	o
1069	1078	<epsilon>	o
1070	1079	<epsilon>	o
1071	1080	<epsilon>	o
1072	1081	<epsilon>	t
1073	1082	<epsilon>	r
1074	1083	<epsilon>	r
1075	1084	<epsilon>	r
1076	1085	<epsilon>	r
1077	1086	<epsilon>	r
1078	1087	<epsilon>	r
1079	1088	<epsilon>	r
1080	1089	<epsilon>	r
1081	1090	<epsilon>	o
1082	1091	<epsilon>	:
1083	1092	<epsilon>	:
1084	1093	<epsilon>	:
1085	1094	<epsilon>	:
1086	1095	<epsilon>	:
1087	1096	<epsilon>	:
1088	1097	<epsilon>	:
1089	1098	<epsilon>	:
1090	1099	<epsilon>	r
1091	1100	<epsilon>	<space>
1092	1101	<epsilon>	<space>
1093	1102	<epsilon>	<space>
1094	1103	<epsilon>	<space>
1095	1104	<epsilon>	<space>
1096	1105	<epsilon>	<space>
1097	1106	<epsilon>	<space>
1098	1107	<epsilon>	<space>
1099	1108	<epsilon>	:
1100	1109	<epsilon>	4
1101	1109	<epsilon>	2
1102	1109	<144>	7
1102	1109	<145>	9
1102	1110	<146>	1
1102	1109	<147>	3
1102	1109	<149>	5
1102	1109	<153>	6
1102	1109	<155>	8
1103	1109	<148>	3
1103	1109	<150>	5
1104	1109	<151>	5
1104	1109	<156>	8
1105	1109	<152>	5
1106	1109	<154>	6
1106	1109	<157>	8
1107	1109	<158>	8
1108	1111	<epsilon>	<space>
1109	907	<epsilon>	<space>
1109	1114	<space>	<epsilon>
1109	1115	,	<epsilon>
1109	1112	0	0
1109	1113	1	1
1109	1113	2	2
1109	1113	3	3
1109	1113	4	4
1109	1113	5	5
1109	1113	6	6
1109	1113	7	7
1109	1113	8	8
1109	1113	9	9
1110	1112	<epsilon>	0
1111	1116	0	0
1111	1109	1	1
1111	1109	2	2
1111	1109	3	3
1111	1109	4	4
1111	1109	5	5
1111	1109	6	6
1111	1109	7	7
1111	1109	8	8
1111	1109	9	9
1112	907	<epsilon>	<space>
1112	1114	<space>	<epsilon>
1112	1115	,	<epsilon>
1112	1117	0	0
1112	1118	1	1
1112	1118	2	2
1112	1118	3	3
1112	1118	4	4
1112	1118	5	5
1112	1118	6	6
1112	1118	7	7
1112	1118	8	8
1112	1118	9	9
1113	907	<epsilon>	<space>
1113	1114	<space>	<epsilon>
1113	1115	,	<epsilon>
1113	1117	0	0
1113	1119	1	1
1113	1119	2	2
1113	1119	3	3
1113	1119	4	4
1113	1119	5	5
1113	1119	6	6
1113	1119	7	7
1113	1119	8	8
1113	1119	9	9
1114	1121	,	<epsilon>
1114	1120	0	0
1114	1120	1	1
1114	1120	2	2
1114	1120	3	3
1114	1120	4	4
1114	1120	5	5
1114	1120	6	6
1114	1120	7	7
1114	1120	8	8
1114	1120	9	9
1115	1123	<space>	<epsilon>
1115	1122	0	0
1115	1122	1	1
1115	1122	2	2
1115	1122	3	3
1115	1122	4	4
1115	1122	5	5
1115	1122	6	6
1115	1122	7	7
1115	1122	8	8
1115	1122	9	9
1116	907	<epsilon>	<space>
1117	907	<epsilon>	<space>
1117	1114	<space>	<epsilon>
1117	1115	,	<epsilon>
1117	1124	0	0
1117	1125	1	1
1117	1125	2	2
1117	1125	3	3
1117	1125	4	4
1117	1125	5	5
1117	1125	6	6
1117	1125	7	7
1117	1125	8	8
1117	1125	9	9
1118	907	<epsilon>	<space>
1118	1114	<space>	<epsilon>
1118	1126	,	<epsilon>
1118	1125	0	0
1118	1125	1	1
1118	1125	2	2
1118	1125	3	3
1118	1125	4	4
1118	1125	5	5
1118	1125	6	6
1118	1125	7	7
1118	1125	8	8
1118	1125	9	9
1119	907	<epsilon>	<space>
1119	1114	<space>	<epsilon>
1119	1115	,	<epsilon>
1119	1124	0	0
1119	1124	1	1
1119	1124	2	2
1119	1124	3	3
1119	1124	4	4
1119	1124	5	5
1119	1124	6	6
1119	1124	7	7
1119	1124	8	8
1119	1124	9	9
1120	1127	0	0
1120	1127	1	1
1120	1127	2	2
1120	1127	3	3
1120	1127	4	4
1120	1127	5	5
1120	1127	6	6
1120	1127	7	7
1120	1127	8	8
1120	1127	9	9
1121	1129	<space>	<epsilon>
1121	1128	0	0
1121	1128	1	1
1121	1128	2	2
1121	1128	3	3
1121	1128	4	4
1121	1128	5	5
1121	1128	6	6
1121	1128	7	7
1121	1128	8	8
1121	1128	9	9
1122	1130	0	0
1122	1130	1	1
1122	1130	2	2
1122	1130	3	3
1122	1130	4	4
1122	1130	5	5
1122	1130	6	6
1122	1130	7	7
1122	1130	8	8
1122	1130	9	9
1123	1131	0	0
1124	907	<epsilon>	<space>
1124	1133	<space>	<epsilon>
1124	1115	,	<epsilon>
1124	1132	0	0
1124	1132	1	1
1124	1132	2	2
1124	1132	3	3
1124	1132	4	4
1124	1132	5	5
1124	1132	6	6
1124	1132	7	7
1124	1132	8	8
1124	1132	9	9
1125	907	<epsilon>	<space>
1125	1133	<space>	<epsilon>
1125	1126	,	<epsilon>
1125	1132	0	0
1125	1132	1	1
1125	1132	2	2
1125	1132	3	3
1125	1132	4	4
1125	1132	5	5
1125	1132	6	6
1125	1132	7	7
1125	1132	8	8
1125	1132	9	9
1126	1122	0	0
1126	1122	1	1
1126	1122	2	2
1126	1122	3	3
1126	1122	4	4
1126	1122	5	5
1126	1122	6	6
1126	1122	7	7
1126	1122	8	8
1126	1122	9	9
1127	1134	0	0
1127	1134	1	1
1127	1134	2	2
1127	1134	3	3
1127	1134	4	4
1127	1134	5	5
1127	1134	6	6
1127	1134	7	7
1127	1134	8	8
1127	1134	9	9
1128	1135	0	0
1128	1135	1	1
1128	1135	2	2
1128	1135	3	3
1128	1135	4	4
1128	1135	5	5
1128	1135	6	6
1128	1135	7	7
1128	1135	8	8
1128	1135	9	9
1129	1136	0	0
1129	1136	1	1
1129	1136	2	2
1129	1136	3	3
1129	1136	4	4
1129	1136	5	5
1129	1136	6	6
1129	1136	7	7
1129	1136	8	8
1129	1136	9	9
1130	1137	0	0
1130	1137	1	1
1130	1137	2	2
1130	1137	3	3
1130	1137	4	4
1130	1137	5	5
1130	1137	6	6
1130	1137	7	7
1130	1137	8	8
1130	1137	9	9
1131	1138	0	0
1132	907	<epsilon>	<space>
1132	1132	0	0
1132	1132	1	1
1132	1132	2	2
1132	1132	3	3
1132	1132	4	4
1132	1132	5	5
1132	1132	6	6
1132	1132	7	7
1132	1132	8	8
1132	1132	9	9
1133	1121	,	<epsilon>
1134	907	<epsilon>	<space>
1134	1139	<space>	<epsilon>
1135	1140	0	0
1135	1140	1	1
1135	1140	2	2
1135	1140	3	3
1135	1140	4	4
1135	1140	5	5
1135	1140	6	6
1135	1140	7	7
1135	1140	8	8
1135	1140	9	9
1136	1141	0	0
1136	1141	1	1
1136	1141	2	2
1136	1141	3	3
1136	1141	4	4
1136	1141	5	5
1136	1141	6	6
1136	1141	7	7
1136	1141	8	8
1136	1141	9	9
1137	907	<epsilon>	<space>
1137	1126	,	<epsilon>
1138	1142	0	0
1139	1120	0	0
1139	1120	1	1
1139	1120	2	2
1139	1120	3	3
1139	1120	4	4
1139	1120	5	5
1139	1120	6	6
1139	1120	7	7
1139	1120	8	8
1139	1120	9	9
1140	907	<epsilon>	<space>
1140	1143	<space>	<epsilon>
1141	1144	0	0
1141	1144	1	1
1141	1144	2	2
1141	1144	3	3
1141	1144	4	4
1141	1144	5	5
1141	1144	6	6
1141	1144	7	7
1141	1144	8	8
1141	1144	9	9
1142	907	<epsilon>	<space>
1142	1145	,	<epsilon>
1143	1146	,	<epsilon>
1144	907	<epsilon>	<space>
1144	1147	<space>	<epsilon>
1145	1123	<space>	<epsilon>
1146	1128	0	0
1146	1128	1	1
1146	1128	2	2
1146	1128	3	3
1146	1128	4	4
1146	1128	5	5
1146	1128	6	6
1146	1128	7	7
1146	1128	8	8
1146	1128	9	9
1147	1148	,	<epsilon>
1148	1129	<space>	<epsilon>
