0	1	<epsilon>	i
0	2	<epsilon>	n
1	3	<epsilon>	n
2	4	<epsilon>	u
3	5	<epsilon>	t
4	6	<epsilon>	m
5	7	<epsilon>	e
6	8	<epsilon>	e
7	9	<epsilon>	g
8	10	<epsilon>	r
9	11	<epsilon>	e
10	12	<epsilon>	a
11	13	<epsilon>	r
12	14	<epsilon>	t
13	15	<epsilon>	_
14	16	<epsilon>	o
15	17	<epsilon>	p
16	18	<epsilon>	r
17	19	<epsilon>	a
18	20	<epsilon>	:
19	21	<epsilon>	r
20	22	<epsilon>	<space>
21	23	<epsilon>	t
22	24	-	-
22	35	0	0
22	25	1	1
22	25	2	2
22	25	3	3
22	25	4	4
22	25	5	5
22	25	6	6
22	25	7	7
22	25	8	8
22	25	9	9
22	26	<194>	1
22	27	<194>	3
22	28	<226>	1
22	29	<226>	2
22	30	<226>	3
22	31	<226>	4
22	32	<226>	5
22	33	<226>	7
23	34	<epsilon>	:
24	35	0	0
24	25	1	1
24	25	2	2
24	25	3	3
24	25	4	4
24	25	5	5
24	25	6	6
24	25	7	7
24	25	8	8
24	25	9	9
24	26	<194>	1
24	27	<194>	3
24	28	<226>	1
24	29	<226>	2
24	30	<226>	3
24	31	<226>	4
24	32	<226>	5
24	33	<226>	7
25	35	<9>	<epsilon>
25	35	<10>	<epsilon>
25	35	<13>	<epsilon>
25	38	<space>	<epsilon>
25	39	,	<epsilon>
25	71	/	<epsilon>
25	36	0	0
25	37	1	1
25	37	2	2
25	37	3	3
25	37	4	4
25	37	5	5
25	37	6	6
25	37	7	7
25	37	8	8
25	37	9	9
25	49	<226>	<epsilon>
26	40	<188>	<epsilon>
26	41	<189>	<epsilon>
27	40	<190>	<epsilon>
28	42	<133>	<epsilon>
29	43	<133>	<epsilon>
30	44	<133>	<epsilon>
31	45	<133>	<epsilon>
32	46	<133>	<epsilon>
33	47	<133>	<epsilon>
34	48	<epsilon>	<space>
35	35	<9>	<epsilon>
35	35	<10>	<epsilon>
35	35	<13>	<epsilon>
35	35	<space>	<epsilon>
35	71	/	<epsilon>
35	49	<226>	<epsilon>
36	35	<9>	<epsilon>
36	35	<10>	<epsilon>
36	35	<13>	<epsilon>
36	38	<space>	<epsilon>
36	39	,	<epsilon>
36	71	/	<epsilon>
36	51	0	0
36	52	1	1
36	52	2	2
36	52	3	3
36	52	4	4
36	52	5	5
36	52	6	6
36	52	7	7
36	52	8	8
36	52	9	9
36	49	<226>	<epsilon>
37	35	<9>	<epsilon>
37	35	<10>	<epsilon>
37	35	<13>	<epsilon>
37	38	<space>	<epsilon>
37	39	,	<epsilon>
37	71	/	<epsilon>
37	51	0	0
37	53	1	1
37	53	2	2
37	53	3	3
37	53	4	4
37	53	5	5
37	53	6	6
37	53	7	7
37	53	8	8
37	53	9	9
37	49	<226>	<epsilon>
38	35	<9>	<epsilon>
38	35	<10>	<epsilon>
38	35	<13>	<epsilon>
38	35	<space>	<epsilon>
38	55	,	<epsilon>
38	71	/	<epsilon>
38	54	0	0
38	54	1	1
38	54	2	2
38	54	3	3
38	54	4	4
38	54	5	5
38	54	6	6
38	54	7	7
38	54	8	8
38	54	9	9
38	49	<226>	<epsilon>
39	57	<space>	<epsilon>
39	56	0	0
39	56	1	1
39	56	2	2
39	56	3	3
39	56	4	4
39	56	5	5
39	56	6	6
39	56	7	7
39	56	8	8
39	56	9	9
40	58	<epsilon>	<space>
41	59	<epsilon>	<space>
42	60	<epsilon>	<space>
43	61	<epsilon>	<space>
44	62	<epsilon>	<space>
45	63	<epsilon>	<space>
46	64	<epsilon>	<space>
47	65	<epsilon>	<space>
48	66	-	-
48	67	0	0
48	68	1	1
48	68	2	2
48	68	3	3
48	68	4	4
48	68	5	5
48	68	6	6
48	68	7	7
48	68	8	8
48	68	9	9
49	50	<129>	<epsilon>
50	71	<132>	<epsilon>
51	35	<9>	<epsilon>
51	35	<10>	<epsilon>
51	35	<13>	<epsilon>
51	38	<space>	<epsilon>
51	39	,	<epsilon>
51	71	/	<epsilon>
51	72	0	0
51	73	1	1
51	73	2	2
51	73	3	3
51	73	4	4
51	73	5	5
51	73	6	6
51	73	7	7
51	73	8	8
51	73	9	9
51	49	<226>	<epsilon>
52	35	<9>	<epsilon>
52	35	<10>	<epsilon>
52	35	<13>	<epsilon>
52	38	<space>	<epsilon>
52	74	,	<epsilon>
52	71	/	<epsilon>
52	73	0	0
52	73	1	1
52	73	2	2
52	73	3	3
52	73	4	4
52	73	5	5
52	73	6	6
52	73	7	7
52	73	8	8
52	73	9	9
52	49	<226>	<epsilon>
53	35	<9>	<epsilon>
53	35	<10>	<epsilon>
53	35	<13>	<epsilon>
53	38	<space>	<epsilon>
53	39	,	<epsilon>
53	71	/	<epsilon>
53	72	0	0
53	72	1	1
53	72	2	2
53	72	3	3
53	72	4	4
53	72	5	5
53	72	6	6
53	72	7	7
53	72	8	8
53	72	9	9
53	49	<226>	<epsilon>
54	75	0	0
54	75	1	1
54	75	2	2
54	75	3	3
54	75	4	4
54	75	5	5
54	75	6	6
54	75	7	7
54	75	8	8
54	75	9	9
55	77	<space>	<epsilon>
55	76	0	0
55	76	1	1
55	76	2	2
55	76	3	3
55	76	4	4
55	76	5	5
55	76	6	6
55	76	7	7
55	76	8	8
55	76	9	9
56	78	0	0
56	78	1	1
56	78	2	2
56	78	3	3
56	78	4	4
56	78	5	5
56	78	6	6
56	78	7	7
56	78	8	8
56	78	9	9
57	79	0	0
58	80	<epsilon>	d
59	81	<epsilon>	d
60	82	<epsilon>	d
61	83	<epsilon>	d
62	84	<epsilon>	d
63	85	<epsilon>	d
64	86	<epsilon>	d
65	87	<epsilon>	d
66	67	0	0
66	68	1	1
66	68	2	2
66	68	3	3
66	68	4	4
66	68	5	5
66	68	6	6
66	68	7	7
66	68	8	8
66	68	9	9
67	88	<epsilon>	<space>
67	89	<9>	<epsilon>
67	89	<10>	<epsilon>
67	89	<13>	<epsilon>
67	89	<space>	<epsilon>
68	88	<epsilon>	<space>
68	89	<9>	<epsilon>
68	89	<10>	<epsilon>
68	89	<13>	<epsilon>
68	92	<space>	<epsilon>
68	93	,	<epsilon>
68	90	0	0
68	91	1	1
68	91	2	2
68	91	3	3
68	91	4	4
68	91	5	5
68	91	6	6
68	91	7	7
68	91	8	8
68	91	9	9
69	70	<epsilon>	d
69	69	<9>	<epsilon>
69	69	<10>	<epsilon>
69	69	<13>	<epsilon>
69	69	<space>	<epsilon>
70	94	<epsilon>	e
71	69	<epsilon>	<space>
72	35	<9>	<epsilon>
72	35	<10>	<epsilon>
72	35	<13>	<epsilon>
72	96	<space>	<epsilon>
72	39	,	<epsilon>
72	71	/	<epsilon>
72	95	0	0
72	95	1	1
72	95	2	2
72	95	3	3
72	95	4	4
72	95	5	5
72	95	6	6
72	95	7	7
72	95	8	8
72	95	9	9
72	49	<226>	<epsilon>
73	35	<9>	<epsilon>
73	35	<10>	<epsilon>
73	35	<13>	<epsilon>
73	96	<space>	<epsilon>
73	74	,	<epsilon>
73	71	/	<epsilon>
73	95	0	0
73	95	1	1
73	95	2	2
73	95	3	3
73	95	4	4
73	95	5	5
73	95	6	6
73	95	7	7
73	95	8	8
73	95	9	9
73	49	<226>	<epsilon>
74	56	0	0
74	56	1	1
74	56	2	2
74	56	3	3
74	56	4	4
74	56	5	5
74	56	6	6
74	56	7	7
74	56	8	8
74	56	9	9
75	97	0	0
75	97	1	1
75	97	2	2
75	97	3	3
75	97	4	4
75	97	5	5
75	97	6	6
75	97	7	7
75	97	8	8
75	97	9	9
76	98	0	0
76	98	1	1
76	98	2	2
76	98	3	3
76	98	4	4
76	98	5	5
76	98	6	6
76	98	7	7
76	98	8	8
76	98	9	9
77	99	0	0
77	99	1	1
77	99	2	2
77	99	3	3
77	99	4	4
77	99	5	5
77	99	6	6
77	99	7	7
77	99	8	8
77	99	9	9
78	100	0	0
78	100	1	1
78	100	2	2
78	100	3	3
78	100	4	4
78	100	5	5
78	100	6	6
78	100	7	7
78	100	8	8
78	100	9	9
79	101	0	0
80	102	<epsilon>	e
81	103	<epsilon>	e
82	104	<epsilon>	e
83	105	<epsilon>	e
84	106	<epsilon>	e
85	107	<epsilon>	e
86	108	<epsilon>	e
87	109	<epsilon>	e
88	110	<epsilon>	n
89	111	<epsilon>	<space>
89	89	<9>	<epsilon>
89	89	<10>	<epsilon>
89	89	<13>	<epsilon>
89	89	<space>	<epsilon>
90	88	<epsilon>	<space>
90	89	<9>	<epsilon>
90	89	<10>	<epsilon>
90	89	<13>	<epsilon>
90	92	<space>	<epsilon>
90	93	,	<epsilon>
90	112	0	0
90	113	1	1
90	113	2	2
90	113	3	3
90	113	4	4
90	113	5	5
90	113	6	6
90	113	7	7
90	113	8	8
90	113	9	9
91	88	<epsilon>	<space>
91	89	<9>	<epsilon>
91	89	<10>	<epsilon>
91	89	<13>	<epsilon>
91	92	<space>	<epsilon>
91	93	,	<epsilon>
91	112	0	0
91	114	1	1
91	114	2	2
91	114	3	3
91	114	4	4
91	114	5	5
91	114	6	6
91	114	7	7
91	114	8	8
91	114	9	9
92	111	<epsilon>	<space>
92	89	<9>	<epsilon>
92	89	<10>	<epsilon>
92	89	<13>	<epsilon>
92	89	<space>	<epsilon>
92	116	,	<epsilon>
92	115	0	0
92	115	1	1
92	115	2	2
92	115	3	3
92	115	4	4
92	115	5	5
92	115	6	6
92	115	7	7
92	115	8	8
92	115	9	9
93	118	<space>	<epsilon>
93	117	0	0
93	117	1	1
93	117	2	2
93	117	3	3
93	117	4	4
93	117	5	5
93	117	6	6
93	117	7	7
93	117	8	8
93	117	9	9
94	119	<epsilon>	n
95	35	<9>	<epsilon>
95	35	<10>	<epsilon>
95	35	<13>	<epsilon>
95	35	<space>	<epsilon>
95	71	/	<epsilon>
95	95	0	0
95	95	1	1
95	95	2	2
95	95	3	3
95	95	4	4
95	95	5	5
95	95	6	6
95	95	7	7
95	95	8	8
95	95	9	9
95	49	<226>	<epsilon>
96	35	<9>	<epsilon>
96	35	<10>	<epsilon>
96	35	<13>	<epsilon>
96	35	<space>	<epsilon>
96	55	,	<epsilon>
96	71	/	<epsilon>
96	49	<226>	<epsilon>
97	35	<9>	<epsilon>
97	35	<10>	<epsilon>
97	35	<13>	<epsilon>
97	120	<space>	<epsilon>
97	71	/	<epsilon>
97	49	<226>	<epsilon>
98	121	0	0
98	121	1	1
98	121	2	2
98	121	3	3
98	121	4	4
98	121	5	5
98	121	6	6
98	121	7	7
98	121	8	8
98	121	9	9
99	122	0	0
99	122	1	1
99	122	2	2
99	122	3	3
99	122	4	4
99	122	5	5
99	122	6	6
99	122	7	7
99	122	8	8
99	122	9	9
100	35	<9>	<epsilon>
100	35	<10>	<epsilon>
100	35	<13>	<epsilon>
100	35	<space>	<epsilon>
100	74	,	<epsilon>
100	71	/	<epsilon>
100	49	<226>	<epsilon>
101	123	0	0
102	124	<epsilon>	n
103	125	<epsilon>	n
104	126	<epsilon>	n
105	127	<epsilon>	n
106	128	<epsilon>	n
107	129	<epsilon>	n
108	130	<epsilon>	n
109	131	<epsilon>	n
110	132	<epsilon>	u
111	133	<epsilon>	n
112	88	<epsilon>	<space>
112	89	<9>	<epsilon>
112	89	<10>	<epsilon>
112	89	<13>	<epsilon>
112	92	<space>	<epsilon>
112	93	,	<epsilon>
112	134	0	0
112	135	1	1
112	135	2	2
112	135	3	3
112	135	4	4
112	135	5	5
112	135	6	6
112	135	7	7
112	135	8	8
112	135	9	9
113	88	<epsilon>	<space>
113	89	<9>	<epsilon>
113	89	<10>	<epsilon>
113	89	<13>	<epsilon>
113	92	<space>	<epsilon>
113	136	,	<epsilon>
113	135	0	0
113	135	1	1
113	135	2	2
113	135	3	3
113	135	4	4
113	135	5	5
113	135	6	6
113	135	7	7
113	135	8	8
113	135	9	9
114	88	<epsilon>	<space>
114	89	<9>	<epsilon>
114	89	<10>	<epsilon>
114	89	<13>	<epsilon>
114	92	<space>	<epsilon>
114	93	,	<epsilon>
114	134	0	0
114	134	1	1
114	134	2	2
114	134	3	3
114	134	4	4
114	134	5	5
114	134	6	6
114	134	7	7
114	134	8	8
114	134	9	9
115	137	0	0
115	137	1	1
115	137	2	2
115	137	3	3
115	137	4	4
115	137	5	5
115	137	6	6
115	137	7	7
115	137	8	8
115	137	9	9
116	139	<space>	<epsilon>
116	138	0	0
116	138	1	1
116	138	2	2
116	138	3	3
116	138	4	4
116	138	5	5
116	138	6	6
116	138	7	7
116	138	8	8
116	138	9	9
117	140	0	0
117	140	1	1
117	140	2	2
117	140	3	3
117	140	4	4
117	140	5	5
117	140	6	6
117	140	7	7
117	140	8	8
117	140	9	9
118	141	0	0
119	142	<epsilon>	o
120	35	<9>	<epsilon>
120	35	<10>	<epsilon>
120	35	<13>	<epsilon>
120	35	<space>	<epsilon>
120	71	/	<epsilon>
120	54	0	0
120	54	1	1
120	54	2	2
120	54	3	3
120	54	4	4
120	54	5	5
120	54	6	6
120	54	7	7
120	54	8	8
120	54	9	9
120	49	<226>	<epsilon>
121	35	<9>	<epsilon>
121	35	<10>	<epsilon>
121	35	<13>	<epsilon>
121	143	<space>	<epsilon>
121	71	/	<epsilon>
121	49	<226>	<epsilon>
122	144	0	0
122	144	1	1
122	144	2	2
122	144	3	3
122	144	4	4
122	144	5	5
122	144	6	6
122	144	7	7
122	144	8	8
122	144	9	9
123	35	<9>	<epsilon>
123	35	<10>	<epsilon>
123	35	<13>	<epsilon>
123	35	<space>	<epsilon>
123	145	,	<epsilon>
123	71	/	<epsilon>
123	49	<226>	<epsilon>
124	146	<epsilon>	o
125	147	<epsilon>	o
126	148	<epsilon>	o
127	149	<epsilon>	o
128	150	<epsilon>	o
129	151	<epsilon>	o
130	152	<epsilon>	o
131	153	<epsilon>	o
132	154	<epsilon>	m
133	155	<epsilon>	u
134	88	<epsilon>	<space>
134	89	<9>	<epsilon>
134	89	<10>	<epsilon>
134	89	<13>	<epsilon>
134	157	<space>	<epsilon>
134	93	,	<epsilon>
134	156	0	0
134	156	1	1
134	156	2	2
134	156	3	3
134	156	4	4
134	156	5	5
134	156	6	6
134	156	7	7
134	156	8	8
134	156	9	9
135	88	<epsilon>	<space>
135	89	<9>	<epsilon>
135	89	<10>	<epsilon>
135	89	<13>	<epsilon>
135	157	<space>	<epsilon>
135	136	,	<epsilon>
135	156	0	0
135	156	1	1
135	156	2	2
135	156	3	3
135	156	4	4
135	156	5	5
135	156	6	6
135	156	7	7
135	156	8	8
135	156	9	9
136	117	0	0
136	117	1	1
136	117	2	2
136	117	3	3
136	117	4	4
136	117	5	5
136	117	6	6
136	117	7	7
136	117	8	8
136	117	9	9
137	158	0	0
137	158	1	1
137	158	2	2
137	158	3	3
137	158	4	4
137	158	5	5
137	158	6	6
137	158	7	7
137	158	8	8
137	158	9	9
138	159	0	0
138	159	1	1
138	159	2	2
138	159	3	3
138	159	4	4
138	159	5	5
138	159	6	6
138	159	7	7
138	159	8	8
138	159	9	9
139	160	0	0
139	160	1	1
139	160	2	2
139	160	3	3
139	160	4	4
139	160	5	5
139	160	6	6
139	160	7	7
139	160	8	8
139	160	9	9
140	161	0	0
140	161	1	1
140	161	2	2
140	161	3	3
140	161	4	4
140	161	5	5
140	161	6	6
140	161	7	7
140	161	8	8
140	161	9	9
141	162	0	0
142	163	<epsilon>	m
143	35	<9>	<epsilon>
143	35	<10>	<epsilon>
143	35	<13>	<epsilon>
143	35	<space>	<epsilon>
143	164	,	<epsilon>
143	71	/	<epsilon>
143	49	<226>	<epsilon>
144	35	<9>	<epsilon>
144	35	<10>	<epsilon>
144	35	<13>	<epsilon>
144	165	<space>	<epsilon>
144	71	/	<epsilon>
144	49	<226>	<epsilon>
145	57	<space>	<epsilon>
146	166	<epsilon>	m
147	167	<epsilon>	m
148	168	<epsilon>	m
149	169	<epsilon>	m
150	170	<epsilon>	m
151	171	<epsilon>	m
152	172	<epsilon>	m
153	173	<epsilon>	m
154	174	<epsilon>	e
155	175	<epsilon>	m
156	88	<epsilon>	<space>
156	89	<9>	<epsilon>
156	89	<10>	<epsilon>
156	89	<13>	<epsilon>
156	89	<space>	<epsilon>
156	156	0	0
156	156	1	1
156	156	2	2
156	156	3	3
156	156	4	4
156	156	5	5
156	156	6	6
156	156	7	7
156	156	8	8
156	156	9	9
157	111	<epsilon>	<space>
157	89	<9>	<epsilon>
157	89	<10>	<epsilon>
157	89	<13>	<epsilon>
157	89	<space>	<epsilon>
157	116	,	<epsilon>
158	88	<epsilon>	<space>
158	89	<9>	<epsilon>
158	89	<10>	<epsilon>
158	89	<13>	<epsilon>
158	176	<space>	<epsilon>
159	177	0	0
159	177	1	1
159	177	2	2
159	177	3	3
159	177	4	4
159	177	5	5
159	177	6	6
159	177	7	7
159	177	8	8
159	177	9	9
160	178	0	0
160	178	1	1
160	178	2	2
160	178	3	3
160	178	4	4
160	178	5	5
160	178	6	6
160	178	7	7
160	178	8	8
160	178	9	9
161	88	<epsilon>	<space>
161	89	<9>	<epsilon>
161	89	<10>	<epsilon>
161	89	<13>	<epsilon>
161	89	<space>	<epsilon>
161	136	,	<epsilon>
162	179	0	0
163	180	<epsilon>	i
164	76	0	0
164	76	1	1
164	76	2	2
164	76	3	3
164	76	4	4
164	76	5	5
164	76	6	6
164	76	7	7
164	76	8	8
164	76	9	9
165	35	<9>	<epsilon>
165	35	<10>	<epsilon>
165	35	<13>	<epsilon>
165	35	<space>	<epsilon>
165	181	,	<epsilon>
165	71	/	<epsilon>
165	49	<226>	<epsilon>
166	182	<epsilon>	i
167	183	<epsilon>	i
168	184	<epsilon>	i
169	185	<epsilon>	i
170	186	<epsilon>	i
171	187	<epsilon>	i
172	188	<epsilon>	i
173	189	<epsilon>	i
174	190	<epsilon>	r
175	191	<epsilon>	e
176	111	<epsilon>	<space>
176	89	<9>	<epsilon>
176	89	<10>	<epsilon>
176	89	<13>	<epsilon>
176	89	<space>	<epsilon>
176	115	0	0
176	115	1	1
176	115	2	2
176	115	3	3
176	115	4	4
176	115	5	5
176	115	6	6
176	115	7	7
176	115	8	8
176	115	9	9
177	88	<epsilon>	<space>
177	89	<9>	<epsilon>
177	89	<10>	<epsilon>
177	89	<13>	<epsilon>
177	192	<space>	<epsilon>
178	193	0	0
178	193	1	1
178	193	2	2
178	193	3	3
178	193	4	4
178	193	5	5
178	193	6	6
178	193	7	7
178	193	8	8
178	193	9	9
179	88	<epsilon>	<space>
179	89	<9>	<epsilon>
179	89	<10>	<epsilon>
179	89	<13>	<epsilon>
179	89	<space>	<epsilon>
179	194	,	<epsilon>
180	195	<epsilon>	n
181	77	<space>	<epsilon>
182	196	<epsilon>	n
183	197	<epsilon>	n
184	198	<epsilon>	n
185	199	<epsilon>	n
186	200	<epsilon>	n
187	201	<epsilon>	n
188	202	<epsilon>	n
189	203	<epsilon>	n
190	204	<epsilon>	a
191	205	<epsilon>	r
192	111	<epsilon>	<space>
192	89	<9>	<epsilon>
192	89	<10>	<epsilon>
192	89	<13>	<epsilon>
192	89	<space>	<epsilon>
192	206	,	<epsilon>
193	88	<epsilon>	<space>
193	89	<9>	<epsilon>
193	89	<10>	<epsilon>
193	89	<13>	<epsilon>
193	207	<space>	<epsilon>
194	118	<space>	<epsilon>
195	208	<epsilon>	a
196	209	<epsilon>	a
197	210	<epsilon>	a
198	211	<epsilon>	a
199	212	<epsilon>	a
200	213	<epsilon>	a
201	214	<epsilon>	a
202	215	<epsilon>	a
203	216	<epsilon>	a
204	217	<epsilon>	t
205	218	<epsilon>	a
206	138	0	0
206	138	1	1
206	138	2	2
206	138	3	3
206	138	4	4
206	138	5	5
206	138	6	6
206	138	7	7
206	138	8	8
206	138	9	9
207	111	<epsilon>	<space>
207	89	<9>	<epsilon>
207	89	<10>	<epsilon>
207	89	<13>	<epsilon>
207	89	<space>	<epsilon>
207	219	,	<epsilon>
208	220	<epsilon>	t
209	221	<epsilon>	t
210	222	<epsilon>	t
211	223	<epsilon>	t
212	224	<epsilon>	t
213	225	<epsilon>	t
214	226	<epsilon>	t
215	227	<epsilon>	t
216	228	<epsilon>	t
217	229	<epsilon>	o
218	230	<epsilon>	t
219	139	<space>	<epsilon>
220	231	<epsilon>	o
221	232	<epsilon>	o
222	233	<epsilon>	o
223	234	<epsilon>	o
224	235	<epsilon>	o
225	236	<epsilon>	o
226	237	<epsilon>	o
227	238	<epsilon>	o
228	239	<epsilon>	o
229	240	<epsilon>	r
230	241	<epsilon>	o
231	242	<epsilon>	r
232	243	<epsilon>	r
233	244	<epsilon>	r
234	245	<epsilon>	r
235	246	<epsilon>	r
236	247	<epsilon>	r
237	248	<epsilon>	r
238	249	<epsilon>	r
239	250	<epsilon>	r
240	251	<epsilon>	:
241	252	<epsilon>	r
242	253	<epsilon>	:
243	254	<epsilon>	:
244	255	<epsilon>	:
245	256	<epsilon>	:
246	257	<epsilon>	:
247	258	<epsilon>	:
248	259	<epsilon>	:
249	260	<epsilon>	:
250	261	<epsilon>	:
251	262	<epsilon>	<space>
252	263	<epsilon>	:
253	264	<epsilon>	<space>
254	265	<epsilon>	<space>
255	266	<epsilon>	<space>
256	267	<epsilon>	<space>
257	268	<epsilon>	<space>
258	269	<epsilon>	<space>
259	270	<epsilon>	<space>
260	271	<epsilon>	<space>
261	272	<epsilon>	<space>
262	286	<194>	1
262	287	<194>	3
262	273	<226>	1
262	274	<226>	2
262	275	<226>	3
262	276	<226>	4
262	277	<226>	5
262	278	<226>	7
263	279	<epsilon>	<space>
264	280	0	0
264	281	1	1
264	281	2	2
264	281	3	3
264	281	4	4
264	281	5	5
264	281	6	6
264	281	7	7
264	281	8	8
264	281	9	9
265	281	<epsilon>	4
266	281	<epsilon>	2
267	281	<144>	7
267	281	<145>	9
267	282	<146>	1
267	281	<147>	3
267	281	<149>	5
267	281	<153>	6
267	281	<155>	8
268	281	<148>	3
268	281	<150>	5
269	281	<151>	5
269	281	<156>	8
270	281	<152>	5
271	281	<154>	6
271	281	<157>	8
272	281	<158>	8
273	303	<133>	<epsilon>
274	304	<133>	<epsilon>
275	305	<133>	<epsilon>
276	306	<133>	<epsilon>
277	307	<133>	<epsilon>
278	308	<133>	<epsilon>
279	298	0	0
279	285	1	1
279	285	2	2
279	285	3	3
279	285	4	4
279	285	5	5
279	285	6	6
279	285	7	7
279	285	8	8
279	285	9	9
279	286	<194>	1
279	287	<194>	3
279	273	<226>	1
279	274	<226>	2
279	275	<226>	3
279	276	<226>	4
279	277	<226>	5
279	278	<226>	7
280	2
281	289	<space>	<epsilon>
281	290	,	<epsilon>
281	291	0	0
281	288	1	1
281	288	2	2
281	288	3	3
281	288	4	4
281	288	5	5
281	288	6	6
281	288	7	7
281	288	8	8
281	288	9	9
281	2
282	291	<epsilon>	0
283	327	<epsilon>	<space>
284	328	<epsilon>	<space>
285	298	<9>	<epsilon>
285	298	<10>	<epsilon>
285	298	<13>	<epsilon>
285	301	<space>	<epsilon>
285	302	,	<epsilon>
285	345	/	<epsilon>
285	299	0	0
285	300	1	1
285	300	2	2
285	300	3	3
285	300	4	4
285	300	5	5
285	300	6	6
285	300	7	7
285	300	8	8
285	300	9	9
285	318	<226>	<epsilon>
286	283	<188>	<epsilon>
286	284	<189>	<epsilon>
287	283	<190>	<epsilon>
288	289	<space>	<epsilon>
288	290	,	<epsilon>
288	309	0	0
288	311	1	1
288	311	2	2
288	311	3	3
288	311	4	4
288	311	5	5
288	311	6	6
288	311	7	7
288	311	8	8
288	311	9	9
288	2
289	313	,	<epsilon>
289	312	0	0
289	312	1	1
289	312	2	2
289	312	3	3
289	312	4	4
289	312	5	5
289	312	6	6
289	312	7	7
289	312	8	8
289	312	9	9
290	315	<space>	<epsilon>
290	314	0	0
290	314	1	1
290	314	2	2
290	314	3	3
290	314	4	4
290	314	5	5
290	314	6	6
290	314	7	7
290	314	8	8
290	314	9	9
291	289	<space>	<epsilon>
291	290	,	<epsilon>
291	309	0	0
291	310	1	1
291	310	2	2
291	310	3	3
291	310	4	4
291	310	5	5
291	310	6	6
291	310	7	7
291	310	8	8
291	310	9	9
291	2
292	354	<epsilon>	d
293	355	<epsilon>	d
294	356	<epsilon>	d
295	357	<epsilon>	d
296	358	<epsilon>	d
297	359	<epsilon>	d
298	298	<9>	<epsilon>
298	298	<10>	<epsilon>
298	298	<13>	<epsilon>
298	298	<space>	<epsilon>
298	345	/	<epsilon>
298	318	<226>	<epsilon>
299	298	<9>	<epsilon>
299	298	<10>	<epsilon>
299	298	<13>	<epsilon>
299	301	<space>	<epsilon>
299	302	,	<epsilon>
299	345	/	<epsilon>
299	320	0	0
299	321	1	1
299	321	2	2
299	321	3	3
299	321	4	4
299	321	5	5
299	321	6	6
299	321	7	7
299	321	8	8
299	321	9	9
299	318	<226>	<epsilon>
300	298	<9>	<epsilon>
300	298	<10>	<epsilon>
300	298	<13>	<epsilon>
300	301	<space>	<epsilon>
300	302	,	<epsilon>
300	345	/	<epsilon>
300	320	0	0
300	322	1	1
300	322	2	2
300	322	3	3
300	322	4	4
300	322	5	5
300	322	6	6
300	322	7	7
300	322	8	8
300	322	9	9
300	318	<226>	<epsilon>
301	298	<9>	<epsilon>
301	298	<10>	<epsilon>
301	298	<13>	<epsilon>
301	298	<space>	<epsilon>
301	324	,	<epsilon>
301	345	/	<epsilon>
301	323	0	0
301	323	1	1
301	323	2	2
301	323	3	3
301	323	4	4
301	323	5	5
301	323	6	6
301	323	7	7
301	323	8	8
301	323	9	9
301	318	<226>	<epsilon>
302	326	<space>	<epsilon>
302	325	0	0
302	325	1	1
302	325	2	2
302	325	3	3
302	325	4	4
302	325	5	5
302	325	6	6
302	325	7	7
302	325	8	8
302	325	9	9
303	292	<epsilon>	<space>
304	293	<epsilon>	<space>
305	294	<epsilon>	<space>
306	295	<epsilon>	<space>
307	296	<epsilon>	<space>
308	297	<epsilon>	<space>
309	289	<space>	<epsilon>
309	290	,	<epsilon>
309	329	0	0
309	330	1	1
309	330	2	2
309	330	3	3
309	330	4	4
309	330	5	5
309	330	6	6
309	330	7	7
309	330	8	8
309	330	9	9
309	2
310	289	<space>	<epsilon>
310	331	,	<epsilon>
310	330	0	0
310	330	1	1
310	330	2	2
310	330	3	3
310	330	4	4
310	330	5	5
310	330	6	6
310	330	7	7
310	330	8	8
310	330	9	9
310	2
311	289	<space>	<epsilon>
311	290	,	<epsilon>
311	329	0	0
311	329	1	1
311	329	2	2
311	329	3	3
311	329	4	4
311	329	5	5
311	329	6	6
311	329	7	7
311	329	8	8
311	329	9	9
311	2
312	332	0	0
312	332	1	1
312	332	2	2
312	332	3	3
312	332	4	4
312	332	5	5
312	332	6	6
312	332	7	7
312	332	8	8
312	332	9	9
313	334	<space>	<epsilon>
313	333	0	0
313	333	1	1
313	333	2	2
313	333	3	3
313	333	4	4
313	333	5	5
313	333	6	6
313	333	7	7
313	333	8	8
313	333	9	9
314	335	0	0
314	335	1	1
314	335	2	2
314	335	3	3
314	335	4	4
314	335	5	5
314	335	6	6
314	335	7	7
314	335	8	8
314	335	9	9
315	336	0	0
316	377	<epsilon>	e
317	378	<epsilon>	e
318	319	<129>	<epsilon>
319	345	<132>	<epsilon>
320	298	<9>	<epsilon>
320	298	<10>	<epsilon>
320	298	<13>	<epsilon>
320	301	<space>	<epsilon>
320	302	,	<epsilon>
320	345	/	<epsilon>
320	346	0	0
320	347	1	1
320	347	2	2
320	347	3	3
320	347	4	4
320	347	5	5
320	347	6	6
320	347	7	7
320	347	8	8
320	347	9	9
320	318	<226>	<epsilon>
321	298	<9>	<epsilon>
321	298	<10>	<epsilon>
321	298	<13>	<epsilon>
321	301	<space>	<epsilon>
321	348	,	<epsilon>
321	345	/	<epsilon>
321	347	0	0
321	347	1	1
321	347	2	2
321	347	3	3
321	347	4	4
321	347	5	5
321	347	6	6
321	347	7	7
321	347	8	8
321	347	9	9
321	318	<226>	<epsilon>
322	298	<9>	<epsilon>
322	298	<10>	<epsilon>
322	298	<13>	<epsilon>
322	301	<space>	<epsilon>
322	302	,	<epsilon>
322	345	/	<epsilon>
322	346	0	0
322	346	1	1
322	346	2	2
322	346	3	3
322	346	4	4
322	346	5	5
322	346	6	6
322	346	7	7
322	346	8	8
322	346	9	9
322	318	<226>	<epsilon>
323	349	0	0
323	349	1	1
323	349	2	2
323	349	3	3
323	349	4	4
323	349	5	5
323	349	6	6
323	349	7	7
323	349	8	8
323	349	9	9
324	351	<space>	<epsilon>
324	350	0	0
324	350	1	1
324	350	2	2
324	350	3	3
324	350	4	4
324	350	5	5
324	350	6	6
324	350	7	7
324	350	8	8
324	350	9	9
325	352	0	0
325	352	1	1
325	352	2	2
325	352	3	3
325	352	4	4
325	352	5	5
325	352	6	6
325	352	7	7
325	352	8	8
325	352	9	9
326	353	0	0
327	316	<epsilon>	d
328	317	<epsilon>	d
329	361	<space>	<epsilon>
329	290	,	<epsilon>
329	360	0	0
329	360	1	1
329	360	2	2
329	360	3	3
329	360	4	4
329	360	5	5
329	360	6	6
329	360	7	7
329	360	8	8
329	360	9	9
329	2
330	361	<space>	<epsilon>
330	331	,	<epsilon>
330	360	0	0
330	360	1	1
330	360	2	2
330	360	3	3
330	360	4	4
330	360	5	5
330	360	6	6
330	360	7	7
330	360	8	8
330	360	9	9
330	2
331	314	0	0
331	314	1	1
331	314	2	2
331	314	3	3
331	314	4	4
331	314	5	5
331	314	6	6
331	314	7	7
331	314	8	8
331	314	9	9
332	362	0	0
332	362	1	1
332	362	2	2
332	362	3	3
332	362	4	4
332	362	5	5
332	362	6	6
332	362	7	7
332	362	8	8
332	362	9	9
333	363	0	0
333	363	1	1
333	363	2	2
333	363	3	3
333	363	4	4
333	363	5	5
333	363	6	6
333	363	7	7
333	363	8	8
333	363	9	9
334	364	0	0
334	364	1	1
334	364	2	2
334	364	3	3
334	364	4	4
334	364	5	5
334	364	6	6
334	364	7	7
334	364	8	8
334	364	9	9
335	365	0	0
335	365	1	1
335	365	2	2
335	365	3	3
335	365	4	4
335	365	5	5
335	365	6	6
335	365	7	7
335	365	8	8
335	365	9	9
336	366	0	0
337	394	<epsilon>	n
338	395	<epsilon>	n
339	396	<epsilon>	n
340	397	<epsilon>	n
341	398	<epsilon>	n
342	399	<epsilon>	n
343	344	<epsilon>	d
343	343	<9>	<epsilon>
343	343	<10>	<epsilon>
343	343	<13>	<epsilon>
343	343	<space>	<epsilon>
344	369	<epsilon>	e
345	343	<epsilon>	<space>
346	298	<9>	<epsilon>
346	298	<10>	<epsilon>
346	298	<13>	<epsilon>
346	371	<space>	<epsilon>
346	302	,	<epsilon>
346	345	/	<epsilon>
346	370	0	0
346	370	1	1
346	370	2	2
346	370	3	3
346	370	4	4
346	370	5	5
346	370	6	6
346	370	7	7
346	370	8	8
346	370	9	9
346	318	<226>	<epsilon>
347	298	<9>	<epsilon>
347	298	<10>	<epsilon>
347	298	<13>	<epsilon>
347	371	<space>	<epsilon>
347	348	,	<epsilon>
347	345	/	<epsilon>
347	370	0	0
347	370	1	1
347	370	2	2
347	370	3	3
347	370	4	4
347	370	5	5
347	370	6	6
347	370	7	7
347	370	8	8
347	370	9	9
347	318	<226>	<epsilon>
348	325	0	0
348	325	1	1
348	325	2	2
348	325	3	3
348	325	4	4
348	325	5	5
348	325	6	6
348	325	7	7
348	325	8	8
348	325	9	9
349	372	0	0
349	372	1	1
349	372	2	2
349	372	3	3
349	372	4	4
349	372	5	5
349	372	6	6
349	372	7	7
349	372	8	8
349	372	9	9
350	373	0	0
350	373	1	1
350	373	2	2
350	373	3	3
350	373	4	4
350	373	5	5
350	373	6	6
350	373	7	7
350	373	8	8
350	373	9	9
351	374	0	0
351	374	1	1
351	374	2	2
351	374	3	3
351	374	4	4
351	374	5	5
351	374	6	6
351	374	7	7
351	374	8	8
351	374	9	9
352	375	0	0
352	375	1	1
352	375	2	2
352	375	3	3
352	375	4	4
352	375	5	5
352	375	6	6
352	375	7	7
352	375	8	8
352	375	9	9
353	376	0	0
354	337	<epsilon>	e
355	338	<epsilon>	e
356	339	<epsilon>	e
357	340	<epsilon>	e
358	341	<epsilon>	e
359	342	<epsilon>	e
360	360	0	0
360	360	1	1
360	360	2	2
360	360	3	3
360	360	4	4
360	360	5	5
360	360	6	6
360	360	7	7
360	360	8	8
360	360	9	9
360	2
361	313	,	<epsilon>
362	379	<space>	<epsilon>
362	2
363	380	0	0
363	380	1	1
363	380	2	2
363	380	3	3
363	380	4	4
363	380	5	5
363	380	6	6
363	380	7	7
363	380	8	8
363	380	9	9
364	381	0	0
364	381	1	1
364	381	2	2
364	381	3	3
364	381	4	4
364	381	5	5
364	381	6	6
364	381	7	7
364	381	8	8
364	381	9	9
365	331	,	<epsilon>
365	2
366	382	0	0
367	409	<epsilon>	o
368	410	<epsilon>	o
369	389	<epsilon>	n
370	298	<9>	<epsilon>
370	298	<10>	<epsilon>
370	298	<13>	<epsilon>
370	298	<space>	<epsilon>
370	345	/	<epsilon>
370	370	0	0
370	370	1	1
370	370	2	2
370	370	3	3
370	370	4	4
370	370	5	5
370	370	6	6
370	370	7	7
370	370	8	8
370	370	9	9
370	318	<226>	<epsilon>
371	298	<9>	<epsilon>
371	298	<10>	<epsilon>
371	298	<13>	<epsilon>
371	298	<space>	<epsilon>
371	324	,	<epsilon>
371	345	/	<epsilon>
371	318	<226>	<epsilon>
372	298	<9>	<epsilon>
372	298	<10>	<epsilon>
372	298	<13>	<epsilon>
372	390	<space>	<epsilon>
372	345	/	<epsilon>
372	318	<226>	<epsilon>
373	391	0	0
373	391	1	1
373	391	2	2
373	391	3	3
373	391	4	4
373	391	5	5
373	391	6	6
373	391	7	7
373	391	8	8
373	391	9	9
374	392	0	0
374	392	1	1
374	392	2	2
374	392	3	3
374	392	4	4
374	392	5	5
374	392	6	6
374	392	7	7
374	392	8	8
374	392	9	9
375	298	<9>	<epsilon>
375	298	<10>	<epsilon>
375	298	<13>	<epsilon>
375	298	<space>	<epsilon>
375	348	,	<epsilon>
375	345	/	<epsilon>
375	318	<226>	<epsilon>
376	393	0	0
377	367	<epsilon>	n
378	368	<epsilon>	n
379	312	0	0
379	312	1	1
379	312	2	2
379	312	3	3
379	312	4	4
379	312	5	5
379	312	6	6
379	312	7	7
379	312	8	8
379	312	9	9
380	400	<space>	<epsilon>
380	2
381	401	0	0
381	401	1	1
381	401	2	2
381	401	3	3
381	401	4	4
381	401	5	5
381	401	6	6
381	401	7	7
381	401	8	8
381	401	9	9
382	402	,	<epsilon>
382	2
383	422	<epsilon>	m
384	423	<epsilon>	m
385	424	<epsilon>	m
386	425	<epsilon>	m
387	426	<epsilon>	m
388	427	<epsilon>	m
389	405	<epsilon>	o
390	298	<9>	<epsilon>
390	298	<10>	<epsilon>
390	298	<13>	<epsilon>
390	298	<space>	<epsilon>
390	345	/	<epsilon>
390	323	0	0
390	323	1	1
390	323	2	2
390	323	3	3
390	323	4	4
390	323	5	5
390	323	6	6
390	323	7	7
390	323	8	8
390	323	9	9
390	318	<226>	<epsilon>
391	298	<9>	<epsilon>
391	298	<10>	<epsilon>
391	298	<13>	<epsilon>
391	406	<space>	<epsilon>
391	345	/	<epsilon>
391	318	<226>	<epsilon>
392	407	0	0
392	407	1	1
392	407	2	2
392	407	3	3
392	407	4	4
392	407	5	5
392	407	6	6
392	407	7	7
392	407	8	8
392	407	9	9
393	298	<9>	<epsilon>
393	298	<10>	<epsilon>
393	298	<13>	<epsilon>
393	298	<space>	<epsilon>
393	408	,	<epsilon>
393	345	/	<epsilon>
393	318	<226>	<epsilon>
394	383	<epsilon>	o
395	384	<epsilon>	o
396	385	<epsilon>	o
397	386	<epsilon>	o
398	387	<epsilon>	o
399	388	<epsilon>	o
400	411	,	<epsilon>
401	412	<space>	<epsilon>
401	2
402	315	<space>	<epsilon>
403	433	<epsilon>	i
404	434	<epsilon>	i
405	419	<epsilon>	m
406	298	<9>	<epsilon>
406	298	<10>	<epsilon>
406	298	<13>	<epsilon>
406	298	<space>	<epsilon>
406	420	,	<epsilon>
406	345	/	<epsilon>
406	318	<226>	<epsilon>
407	298	<9>	<epsilon>
407	298	<10>	<epsilon>
407	298	<13>	<epsilon>
407	421	<space>	<epsilon>
407	345	/	<epsilon>
407	318	<226>	<epsilon>
408	326	<space>	<epsilon>
409	403	<epsilon>	m
410	404	<epsilon>	m
411	333	0	0
411	333	1	1
411	333	2	2
411	333	3	3
411	333	4	4
411	333	5	5
411	333	6	6
411	333	7	7
411	333	8	8
411	333	9	9
412	428	,	<epsilon>
413	442	<epsilon>	n
414	443	<epsilon>	n
415	444	<epsilon>	n
416	445	<epsilon>	n
417	446	<epsilon>	n
418	447	<epsilon>	n
419	431	<epsilon>	i
420	350	0	0
420	350	1	1
420	350	2	2
420	350	3	3
420	350	4	4
420	350	5	5
420	350	6	6
420	350	7	7
420	350	8	8
420	350	9	9
421	298	<9>	<epsilon>
421	298	<10>	<epsilon>
421	298	<13>	<epsilon>
421	298	<space>	<epsilon>
421	432	,	<epsilon>
421	345	/	<epsilon>
421	318	<226>	<epsilon>
422	413	<epsilon>	i
423	414	<epsilon>	i
424	415	<epsilon>	i
425	416	<epsilon>	i
426	417	<epsilon>	i
427	418	<epsilon>	i
428	334	<space>	<epsilon>
429	451	<epsilon>	a
430	452	<epsilon>	a
431	441	<epsilon>	n
432	351	<space>	<epsilon>
433	429	<epsilon>	n
434	430	<epsilon>	n
435	460	<epsilon>	t
436	461	<epsilon>	t
437	462	<epsilon>	t
438	463	<epsilon>	t
439	464	<epsilon>	t
440	465	<epsilon>	t
441	450	<epsilon>	a
442	435	<epsilon>	a
443	436	<epsilon>	a
444	437	<epsilon>	a
445	438	<epsilon>	a
446	439	<epsilon>	a
447	440	<epsilon>	a
448	469	<epsilon>	o
449	470	<epsilon>	o
450	459	<epsilon>	t
451	448	<epsilon>	t
452	449	<epsilon>	t
453	478	<epsilon>	r
454	479	<epsilon>	r
455	480	<epsilon>	r
456	481	<epsilon>	r
457	482	<epsilon>	r
458	483	<epsilon>	r
459	468	<epsilon>	o
460	453	<epsilon>	o
461	454	<epsilon>	o
462	455	<epsilon>	o
463	456	<epsilon>	o
464	457	<epsilon>	o
465	458	<epsilon>	o
466	487	<epsilon>	:
467	488	<epsilon>	:
468	477	<epsilon>	r
469	466	<epsilon>	r
470	467	<epsilon>	r
471	491	<epsilon>	<space>
472	492	<epsilon>	<space>
473	493	<epsilon>	<space>
474	494	<epsilon>	<space>
475	495	<epsilon>	<space>
476	496	<epsilon>	<space>
477	486	<epsilon>	:
478	471	<epsilon>	:
479	472	<epsilon>	:
480	473	<epsilon>	:
481	474	<epsilon>	:
482	475	<epsilon>	:
483	476	<epsilon>	:
484	501	<epsilon>	4
485	501	<epsilon>	2
486	490	<epsilon>	<space>
487	484	<epsilon>	<space>
488	485	<epsilon>	<space>
489	509	<epsilon>	0
490	500	0	0
490	501	1	1
490	501	2	2
490	501	3	3
490	501	4	4
490	501	5	5
490	501	6	6
490	501	7	7
490	501	8	8
490	501	9	9
491	501	<144>	7
491	501	<145>	9
491	489	<146>	1
491	501	<147>	3
491	501	<149>	5
491	501	<153>	6
491	501	<155>	8
492	501	<148>	3
492	501	<150>	5
493	501	<151>	5
493	501	<156>	8
494	501	<152>	5
495	501	<154>	6
495	501	<157>	8
496	501	<158>	8
497	498	<space>	<epsilon>
497	499	,	<epsilon>
497	502	0	0
497	504	1	1
497	504	2	2
497	504	3	3
497	504	4	4
497	504	5	5
497	504	6	6
497	504	7	7
497	504	8	8
497	504	9	9
497
498	506	,	<epsilon>
498	505	0	0
498	505	1	1
498	505	2	2
498	505	3	3
498	505	4	4
498	505	5	5
498	505	6	6
498	505	7	7
498	505	8	8
498	505	9	9
499	508	<space>	<epsilon>
499	507	0	0
499	507	1	1
499	507	2	2
499	507	3	3
499	507	4	4
499	507	5	5
499	507	6	6
499	507	7	7
499	507	8	8
499	507	9	9
500
501	498	<space>	<epsilon>
501	499	,	<epsilon>
501	509	0	0
501	497	1	1
501	497	2	2
501	497	3	3
501	497	4	4
501	497	5	5
501	497	6	6
501	497	7	7
501	497	8	8
501	497	9	9
501
502	498	<space>	<epsilon>
502	499	,	<epsilon>
502	510	0	0
502	511	1	1
502	511	2	2
502	511	3	3
502	511	4	4
502	511	5	5
502	511	6	6
502	511	7	7
502	511	8	8
502	511	9	9
502
503	498	<space>	<epsilon>
503	512	,	<epsilon>
503	511	0	0
503	511	1	1
503	511	2	2
503	511	3	3
503	511	4	4
503	511	5	5
503	511	6	6
503	511	7	7
503	511	8	8
503	511	9	9
503
504	498	<space>	<epsilon>
504	499	,	<epsilon>
504	510	0	0
504	510	1	1
504	510	2	2
504	510	3	3
504	510	4	4
504	510	5	5
504	510	6	6
504	510	7	7
504	510	8	8
504	510	9	9
504
505	513	0	0
505	513	1	1
505	513	2	2
505	513	3	3
505	513	4	4
505	513	5	5
505	513	6	6
505	513	7	7
505	513	8	8
505	513	9	9
506	515	<space>	<epsilon>
506	514	0	0
506	514	1	1
506	514	2	2
506	514	3	3
506	514	4	4
506	514	5	5
506	514	6	6
506	514	7	7
506	514	8	8
506	514	9	9
507	516	0	0
507	516	1	1
507	516	2	2
507	516	3	3
507	516	4	4
507	516	5	5
507	516	6	6
507	516	7	7
507	516	8	8
507	516	9	9
508	517	0	0
509	498	<space>	<epsilon>
509	499	,	<epsilon>
509	502	0	0
509	503	1	1
509	503	2	2
509	503	3	3
509	503	4	4
509	503	5	5
509	503	6	6
509	503	7	7
509	503	8	8
509	503	9	9
509
510	519	<space>	<epsilon>
510	499	,	<epsilon>
510	518	0	0
510	518	1	1
510	518	2	2
510	518	3	3
510	518	4	4
510	518	5	5
510	518	6	6
510	518	7	7
510	518	8	8
510	518	9	9
510
511	519	<space>	<epsilon>
511	512	,	<epsilon>
511	518	0	0
511	518	1	1
511	518	2	2
511	518	3	3
511	518	4	4
511	518	5	5
511	518	6	6
511	518	7	7
511	518	8	8
511	518	9	9
511
512	507	0	0
512	507	1	1
512	507	2	2
512	507	3	3
512	507	4	4
512	507	5	5
512	507	6	6
512	507	7	7
512	507	8	8
512	507	9	9
513	520	0	0
513	520	1	1
513	520	2	2
513	520	3	3
513	520	4	4
513	520	5	5
513	520	6	6
513	520	7	7
513	520	8	8
513	520	9	9
514	521	0	0
514	521	1	1
514	521	2	2
514	521	3	3
514	521	4	4
514	521	5	5
514	521	6	6
514	521	7	7
514	521	8	8
514	521	9	9
515	522	0	0
515	522	1	1
515	522	2	2
515	522	3	3
515	522	4	4
515	522	5	5
515	522	6	6
515	522	7	7
515	522	8	8
515	522	9	9
516	523	0	0
516	523	1	1
516	523	2	2
516	523	3	3
516	523	4	4
516	523	5	5
516	523	6	6
516	523	7	7
516	523	8	8
516	523	9	9
517	524	0	0
518	518	0	0
518	518	1	1
518	518	2	2
518	518	3	3
518	518	4	4
518	518	5	5
518	518	6	6
518	518	7	7
518	518	8	8
518	518	9	9
518
519	506	,	<epsilon>
520	525	<space>	<epsilon>
520
521	526	0	0
521	526	1	1
521	526	2	2
521	526	3	3
521	526	4	4
521	526	5	5
521	526	6	6
521	526	7	7
521	526	8	8
521	526	9	9
522	527	0	0
522	527	1	1
522	527	2	2
522	527	3	3
522	527	4	4
522	527	5	5
522	527	6	6
522	527	7	7
522	527	8	8
522	527	9	9
523	512	,	<epsilon>
523
524	528	0	0
525	505	0	0
525	505	1	1
525	505	2	2
525	505	3	3
525	505	4	4
525	505	5	5
525	505	6	6
525	505	7	7
525	505	8	8
525	505	9	9
526	529	<space>	<epsilon>
526
527	530	0	0
527	530	1	1
527	530	2	2
527	530	3	3
527	530	4	4
527	530	5	5
527	530	6	6
527	530	7	7
527	530	8	8
527	530	9	9
528	531	,	<epsilon>
528
529	532	,	<epsilon>
530	533	<space>	<epsilon>
530
531	508	<space>	<epsilon>
532	514	0	0
532	514	1	1
532	514	2	2
532	514	3	3
532	514	4	4
532	514	5	5
532	514	6	6
532	514	7	7
532	514	8	8
532	514	9	9
533	534	,	<epsilon>
534	515	<space>	<epsilon>
