0	1	<epsilon>	i
0	2	-	n
1	3	<epsilon>	n
2	4	<epsilon>	e
3	5	<epsilon>	t
4	6	<epsilon>	g
5	7	<epsilon>	e
6	8	<epsilon>	a
7	9	<epsilon>	g
8	10	<epsilon>	t
9	11	<epsilon>	e
10	12	<epsilon>	i
11	13	<epsilon>	r
12	14	<epsilon>	v
13	15	<epsilon>	_
14	16	<epsilon>	e
15	17	<epsilon>	p
16	18	<epsilon>	:
17	19	<epsilon>	a
18	20	<epsilon>	<space>
19	21	<epsilon>	r
20	22	<epsilon>	t
21	23	<epsilon>	t
22	24	<epsilon>	r
23	25	<epsilon>	:
24	26	<epsilon>	u
25	27	<epsilon>	<space>
26	28	<epsilon>	e
27	29	<epsilon>	"
28	30	<epsilon>	<space>
29	31	0	0
29	32	1	1
29	32	2	2
29	32	3	3
29	32	4	4
29	32	5	5
29	32	6	6
29	32	7	7
29	32	8	8
29	32	9	9
30	1	<epsilon>	i
31	33	<epsilon>	"
32	33	<epsilon>	"
32	34	<space>	<epsilon>
32	35	,	<epsilon>
32	36	.	<epsilon>
32	37	0	0
32	38	1	1
32	38	2	2
32	38	3	3
32	38	4	4
32	38	5	5
32	38	6	6
32	38	7	7
32	38	8	8
32	38	9	9
33	39	<epsilon>	<space>
34	40	,	<epsilon>
34	41	.	<epsilon>
34	42	0	0
34	42	1	1
34	42	2	2
34	42	3	3
34	42	4	4
34	42	5	5
34	42	6	6
34	42	7	7
34	42	8	8
34	42	9	9
35	43	<space>	<epsilon>
35	44	0	0
35	44	1	1
35	44	2	2
35	44	3	3
35	44	4	4
35	44	5	5
35	44	6	6
35	44	7	7
35	44	8	8
35	44	9	9
36	45	<space>	<epsilon>
36	46	0	0
36	46	1	1
36	46	2	2
36	46	3	3
36	46	4	4
36	46	5	5
36	46	6	6
36	46	7	7
36	46	8	8
36	46	9	9
37	33	<epsilon>	"
37	34	<space>	<epsilon>
37	35	,	<epsilon>
37	36	.	<epsilon>
37	47	0	0
37	48	1	1
37	48	2	2
37	48	3	3
37	48	4	4
37	48	5	5
37	48	6	6
37	48	7	7
37	48	8	8
37	48	9	9
38	33	<epsilon>	"
38	34	<space>	<epsilon>
38	35	,	<epsilon>
38	36	.	<epsilon>
38	47	0	0
38	49	1	1
38	49	2	2
38	49	3	3
38	49	4	4
38	49	5	5
38	49	6	6
38	49	7	7
38	49	8	8
38	49	9	9
39	50	<space>	<space>
39	51	*	<space>
39	54	E	<space>
39	54	e	<space>
39	51	x	<space>
39	52	<194>	<space>
39	53	<195>	<space>
39
40	55	<space>	<epsilon>
40	56	0	0
40	56	1	1
40	56	2	2
40	56	3	3
40	56	4	4
40	56	5	5
40	56	6	6
40	56	7	7
40	56	8	8
40	56	9	9
41	57	<space>	<epsilon>
41	58	0	0
41	58	1	1
41	58	2	2
41	58	3	3
41	58	4	4
41	58	5	5
41	58	6	6
41	58	7	7
41	58	8	8
41	58	9	9
42	59	0	0
42	59	1	1
42	59	2	2
42	59	3	3
42	59	4	4
42	59	5	5
42	59	6	6
42	59	7	7
42	59	8	8
42	59	9	9
43	60	0	0
43	60	1	1
43	60	2	2
43	60	3	3
43	60	4	4
43	60	5	5
43	60	6	6
43	60	7	7
43	60	8	8
43	60	9	9
44	61	0	0
44	61	1	1
44	61	2	2
44	61	3	3
44	61	4	4
44	61	5	5
44	61	6	6
44	61	7	7
44	61	8	8
44	61	9	9
45	62	0	0
46	63	0	0
46	63	1	1
46	63	2	2
46	63	3	3
46	63	4	4
46	63	5	5
46	63	6	6
46	63	7	7
46	63	8	8
46	63	9	9
47	33	<epsilon>	"
47	34	<space>	<epsilon>
47	35	,	<epsilon>
47	36	.	<epsilon>
47	64	0	0
47	65	1	1
47	65	2	2
47	65	3	3
47	65	4	4
47	65	5	5
47	65	6	6
47	65	7	7
47	65	8	8
47	65	9	9
48	33	<epsilon>	"
48	34	<space>	<epsilon>
48	35	,	<epsilon>
48	66	.	<epsilon>
48	65	0	0
48	65	1	1
48	65	2	2
48	65	3	3
48	65	4	4
48	65	5	5
48	65	6	6
48	65	7	7
48	65	8	8
48	65	9	9
49	33	<epsilon>	"
49	34	<space>	<epsilon>
49	35	,	<epsilon>
49	36	.	<epsilon>
49	64	0	0
49	64	1	1
49	64	2	2
49	64	3	3
49	64	4	4
49	64	5	5
49	64	6	6
49	64	7	7
49	64	8	8
49	64	9	9
50	67	<space>	e
50	71	*	e
50	71	x	e
50	68	<194>	e
50	69	<195>	e
51	71	<space>	e
51	70	1	e
52	71	<183>	e
53	71	<151>	e
54	72	<epsilon>	e
55	73	0	0
55	73	1	1
55	73	2	2
55	73	3	3
55	73	4	4
55	73	5	5
55	73	6	6
55	73	7	7
55	73	8	8
55	73	9	9
56	74	0	0
56	74	1	1
56	74	2	2
56	74	3	3
56	74	4	4
56	74	5	5
56	74	6	6
56	74	7	7
56	74	8	8
56	74	9	9
57	75	0	0
57	75	1	1
57	75	2	2
57	75	3	3
57	75	4	4
57	75	5	5
57	75	6	6
57	75	7	7
57	75	8	8
57	75	9	9
58	76	0	0
58	76	1	1
58	76	2	2
58	76	3	3
58	76	4	4
58	76	5	5
58	76	6	6
58	76	7	7
58	76	8	8
58	76	9	9
59	77	0	0
59	77	1	1
59	77	2	2
59	77	3	3
59	77	4	4
59	77	5	5
59	77	6	6
59	77	7	7
59	77	8	8
59	77	9	9
60	78	0	0
60	78	1	1
60	78	2	2
60	78	3	3
60	78	4	4
60	78	5	5
60	78	6	6
60	78	7	7
60	78	8	8
60	78	9	9
61	79	0	0
61	79	1	1
61	79	2	2
61	79	3	3
61	79	4	4
61	79	5	5
61	79	6	6
61	79	7	7
61	79	8	8
61	79	9	9
62	80	0	0
63	81	0	0
63	81	1	1
63	81	2	2
63	81	3	3
63	81	4	4
63	81	5	5
63	81	6	6
63	81	7	7
63	81	8	8
63	81	9	9
64	33	<epsilon>	"
64	82	<space>	<epsilon>
64	36	.	<epsilon>
64	83	0	0
64	83	1	1
64	83	2	2
64	83	3	3
64	83	4	4
64	83	5	5
64	83	6	6
64	83	7	7
64	83	8	8
64	83	9	9
65	33	<epsilon>	"
65	82	<space>	<epsilon>
65	66	.	<epsilon>
65	83	0	0
65	83	1	1
65	83	2	2
65	83	3	3
65	83	4	4
65	83	5	5
65	83	6	6
65	83	7	7
65	83	8	8
65	83	9	9
66	46	0	0
66	46	1	1
66	46	2	2
66	46	3	3
66	46	4	4
66	46	5	5
66	46	6	6
66	46	7	7
66	46	8	8
66	46	9	9
67	84	<space>	x
67	88	*	x
67	88	x	x
67	85	<194>	x
67	86	<195>	x
68	88	<183>	x
69	88	<151>	x
70	89	0	x
71	88	<space>	x
71	87	1	x
72	90	<epsilon>	x
73	91	0	0
73	91	1	1
73	91	2	2
73	91	3	3
73	91	4	4
73	91	5	5
73	91	6	6
73	91	7	7
73	91	8	8
73	91	9	9
74	92	0	0
74	92	1	1
74	92	2	2
74	92	3	3
74	92	4	4
74	92	5	5
74	92	6	6
74	92	7	7
74	92	8	8
74	92	9	9
75	93	0	0
75	93	1	1
75	93	2	2
75	93	3	3
75	93	4	4
75	93	5	5
75	93	6	6
75	93	7	7
75	93	8	8
75	93	9	9
76	94	0	0
76	94	1	1
76	94	2	2
76	94	3	3
76	94	4	4
76	94	5	5
76	94	6	6
76	94	7	7
76	94	8	8
76	94	9	9
77	33	<epsilon>	"
77	95	<space>	<epsilon>
78	96	0	0
78	96	1	1
78	96	2	2
78	96	3	3
78	96	4	4
78	96	5	5
78	96	6	6
78	96	7	7
78	96	8	8
78	96	9	9
79	97	,	<epsilon>
80	98	0	0
81	33	<epsilon>	"
81	66	.	<epsilon>
82	41	.	<epsilon>
83	33	<epsilon>	"
83	83	0	0
83	83	1	1
83	83	2	2
83	83	3	3
83	83	4	4
83	83	5	5
83	83	6	6
83	83	7	7
83	83	8	8
83	83	9	9
84	99	<space>	p
84	103	*	p
84	103	x	p
84	100	<194>	p
84	101	<195>	p
85	103	<183>	p
86	103	<151>	p
87	104	0	p
88	103	<space>	p
88	102	1	p
89	104	<space>	p
89	105	^	p
90	106	<epsilon>	p
91	107	0	0
91	107	1	1
91	107	2	2
91	107	3	3
91	107	4	4
91	107	5	5
91	107	6	6
91	107	7	7
91	107	8	8
91	107	9	9
92	108	<space>	<epsilon>
93	109	0	0
93	109	1	1
93	109	2	2
93	109	3	3
93	109	4	4
93	109	5	5
93	109	6	6
93	109	7	7
93	109	8	8
93	109	9	9
94	33	<epsilon>	"
94	110	<space>	<epsilon>
95	42	0	0
95	42	1	1
95	42	2	2
95	42	3	3
95	42	4	4
95	42	5	5
95	42	6	6
95	42	7	7
95	42	8	8
95	42	9	9
96	111	,	<epsilon>
97	112	0	0
97	112	1	1
97	112	2	2
97	112	3	3
97	112	4	4
97	112	5	5
97	112	6	6
97	112	7	7
97	112	8	8
97	112	9	9
98	33	<epsilon>	"
98	113	.	<epsilon>
99	114	<space>	o
99	118	*	o
99	118	x	o
99	115	<194>	o
99	116	<195>	o
100	118	<183>	o
101	118	<151>	o
102	119	0	o
103	118	<space>	o
103	117	1	o
104	119	<space>	o
104	120	^	o
105	121	<epsilon>	o
105	120	<space>	o
106	121	<epsilon>	o
107	122	<space>	<epsilon>
108	123	,	<epsilon>
109	33	<epsilon>	"
109	124	<space>	<epsilon>
110	125	.	<epsilon>
111	126	<space>	<epsilon>
112	127	0	0
112	127	1	1
112	127	2	2
112	127	3	3
112	127	4	4
112	127	5	5
112	127	6	6
112	127	7	7
112	127	8	8
112	127	9	9
113	45	<space>	<epsilon>
114	128	<space>	n
114	132	*	n
114	132	x	n
114	129	<194>	n
114	130	<195>	n
115	132	<183>	n
116	132	<151>	n
117	133	0	n
118	132	<space>	n
118	131	1	n
119	133	<space>	n
119	134	^	n
120	135	<epsilon>	n
120	134	<space>	n
121	135	<epsilon>	n
122	136	,	<epsilon>
123	137	0	0
123	137	1	1
123	137	2	2
123	137	3	3
123	137	4	4
123	137	5	5
123	137	6	6
123	137	7	7
123	137	8	8
123	137	9	9
124	138	.	<epsilon>
125	58	0	0
125	58	1	1
125	58	2	2
125	58	3	3
125	58	4	4
125	58	5	5
125	58	6	6
125	58	7	7
125	58	8	8
125	58	9	9
126	139	0	0
126	139	1	1
126	139	2	2
126	139	3	3
126	139	4	4
126	139	5	5
126	139	6	6
126	139	7	7
126	139	8	8
126	139	9	9
127	140	0	0
127	140	1	1
127	140	2	2
127	140	3	3
127	140	4	4
127	140	5	5
127	140	6	6
127	140	7	7
127	140	8	8
127	140	9	9
128	141	<space>	e
128	145	*	e
128	145	x	e
128	142	<194>	e
128	143	<195>	e
129	145	<183>	e
130	145	<151>	e
131	146	0	e
132	145	<space>	e
132	144	1	e
133	146	<space>	e
133	147	^	e
134	148	<epsilon>	e
134	147	<space>	e
135	148	<epsilon>	e
136	149	<space>	<epsilon>
137	150	0	0
137	150	1	1
137	150	2	2
137	150	3	3
137	150	4	4
137	150	5	5
137	150	6	6
137	150	7	7
137	150	8	8
137	150	9	9
138	57	<space>	<epsilon>
139	151	0	0
139	151	1	1
139	151	2	2
139	151	3	3
139	151	4	4
139	151	5	5
139	151	6	6
139	151	7	7
139	151	8	8
139	151	9	9
140	33	<epsilon>	"
140	97	,	<epsilon>
141	152	<space>	n
141	156	*	n
141	156	x	n
141	153	<194>	n
141	154	<195>	n
142	156	<183>	n
143	156	<151>	n
144	157	0	n
145	156	<space>	n
145	155	1	n
146	157	<space>	n
146	158	^	n
147	159	<epsilon>	n
147	158	<space>	n
148	159	<epsilon>	n
149	160	0	0
149	160	1	1
149	160	2	2
149	160	3	3
149	160	4	4
149	160	5	5
149	160	6	6
149	160	7	7
149	160	8	8
149	160	9	9
150	161	0	0
150	161	1	1
150	161	2	2
150	161	3	3
150	161	4	4
150	161	5	5
150	161	6	6
150	161	7	7
150	161	8	8
150	161	9	9
151	162	0	0
151	162	1	1
151	162	2	2
151	162	3	3
151	162	4	4
151	162	5	5
151	162	6	6
151	162	7	7
151	162	8	8
151	162	9	9
152	163	<space>	t
152	167	*	t
152	167	x	t
152	164	<194>	t
152	165	<195>	t
153	167	<183>	t
154	167	<151>	t
155	168	0	t
156	167	<space>	t
156	166	1	t
157	168	<space>	t
157	169	^	t
158	170	<epsilon>	t
158	169	<space>	t
159	170	<epsilon>	t
160	171	0	0
160	171	1	1
160	171	2	2
160	171	3	3
160	171	4	4
160	171	5	5
160	171	6	6
160	171	7	7
160	171	8	8
160	171	9	9
161	33	<epsilon>	"
161	108	<space>	<epsilon>
162	33	<epsilon>	"
162	111	,	<epsilon>
163	172	<space>	:
163	176	*	:
163	176	x	:
163	173	<194>	:
163	174	<195>	:
164	176	<183>	:
165	176	<151>	:
166	177	0	:
167	176	<space>	:
167	175	1	:
168	177	<space>	:
168	178	^	:
169	179	<epsilon>	:
169	178	<space>	:
170	179	<epsilon>	:
171	180	0	0
171	180	1	1
171	180	2	2
171	180	3	3
171	180	4	4
171	180	5	5
171	180	6	6
171	180	7	7
171	180	8	8
171	180	9	9
172	181	<space>	<space>
172	185	*	<space>
172	185	x	<space>
172	182	<194>	<space>
172	183	<195>	<space>
173	185	<183>	<space>
174	185	<151>	<space>
175	186	0	<space>
176	185	<space>	<space>
176	184	1	<space>
177	186	<space>	<space>
177	187	^	<space>
178	188	<epsilon>	<space>
178	187	<space>	<space>
179	188	<epsilon>	<space>
180	33	<epsilon>	"
180	122	<space>	<epsilon>
181	181	<space>	<epsilon>
181	185	*	<epsilon>
181	185	x	<epsilon>
181	182	<194>	<epsilon>
181	183	<195>	<epsilon>
182	185	<183>	<epsilon>
183	185	<151>	<epsilon>
184	186	0	<epsilon>
185	185	<space>	<epsilon>
185	184	1	<epsilon>
186	186	<space>	<epsilon>
186	187	^	<epsilon>
187	189	<epsilon>	"
187	187	<space>	<epsilon>
188	189	<epsilon>	"
189	192	-	-
189	190	0	0
189	191	1	1
189	191	2	2
189	191	3	3
189	191	4	4
189	191	5	5
189	191	6	6
189	191	7	7
189	191	8	8
189	191	9	9
190	193	<epsilon>	"
191	193	<epsilon>	"
191	194	<space>	<epsilon>
191	195	,	<epsilon>
191	196	.	<epsilon>
191	197	0	0
191	198	1	1
191	198	2	2
191	198	3	3
191	198	4	4
191	198	5	5
191	198	6	6
191	198	7	7
191	198	8	8
191	198	9	9
192	190	0	0
192	191	1	1
192	191	2	2
192	191	3	3
192	191	4	4
192	191	5	5
192	191	6	6
192	191	7	7
192	191	8	8
192	191	9	9
193
194	199	,	<epsilon>
194	200	.	<epsilon>
194	201	0	0
194	201	1	1
194	201	2	2
194	201	3	3
194	201	4	4
194	201	5	5
194	201	6	6
194	201	7	7
194	201	8	8
194	201	9	9
195	202	<space>	<epsilon>
195	203	0	0
195	203	1	1
195	203	2	2
195	203	3	3
195	203	4	4
195	203	5	5
195	203	6	6
195	203	7	7
195	203	8	8
195	203	9	9
196	204	<space>	<epsilon>
196	205	0	0
196	205	1	1
196	205	2	2
196	205	3	3
196	205	4	4
196	205	5	5
196	205	6	6
196	205	7	7
196	205	8	8
196	205	9	9
197	193	<epsilon>	"
197	194	<space>	<epsilon>
197	195	,	<epsilon>
197	196	.	<epsilon>
197	206	0	0
197	207	1	1
197	207	2	2
197	207	3	3
197	207	4	4
197	207	5	5
197	207	6	6
197	207	7	7
197	207	8	8
197	207	9	9
198	193	<epsilon>	"
198	194	<space>	<epsilon>
198	195	,	<epsilon>
198	196	.	<epsilon>
198	206	0	0
198	208	1	1
198	208	2	2
198	208	3	3
198	208	4	4
198	208	5	5
198	208	6	6
198	208	7	7
198	208	8	8
198	208	9	9
199	209	<space>	<epsilon>
199	210	0	0
199	210	1	1
199	210	2	2
199	210	3	3
199	210	4	4
199	210	5	5
199	210	6	6
199	210	7	7
199	210	8	8
199	210	9	9
200	211	<space>	<epsilon>
200	212	0	0
200	212	1	1
200	212	2	2
200	212	3	3
200	212	4	4
200	212	5	5
200	212	6	6
200	212	7	7
200	212	8	8
200	212	9	9
201	213	0	0
201	213	1	1
201	213	2	2
201	213	3	3
201	213	4	4
201	213	5	5
201	213	6	6
201	213	7	7
201	213	8	8
201	213	9	9
202	214	0	0
202	214	1	1
202	214	2	2
202	214	3	3
202	214	4	4
202	214	5	5
202	214	6	6
202	214	7	7
202	214	8	8
202	214	9	9
203	215	0	0
203	215	1	1
203	215	2	2
203	215	3	3
203	215	4	4
203	215	5	5
203	215	6	6
203	215	7	7
203	215	8	8
203	215	9	9
204	216	0	0
205	217	0	0
205	217	1	1
205	217	2	2
205	217	3	3
205	217	4	4
205	217	5	5
205	217	6	6
205	217	7	7
205	217	8	8
205	217	9	9
206	193	<epsilon>	"
206	194	<space>	<epsilon>
206	195	,	<epsilon>
206	196	.	<epsilon>
206	218	0	0
206	219	1	1
206	219	2	2
206	219	3	3
206	219	4	4
206	219	5	5
206	219	6	6
206	219	7	7
206	219	8	8
206	219	9	9
207	193	<epsilon>	"
207	194	<space>	<epsilon>
207	195	,	<epsilon>
207	220	.	<epsilon>
207	219	0	0
207	219	1	1
207	219	2	2
207	219	3	3
207	219	4	4
207	219	5	5
207	219	6	6
207	219	7	7
207	219	8	8
207	219	9	9
208	193	<epsilon>	"
208	194	<space>	<epsilon>
208	195	,	<epsilon>
208	196	.	<epsilon>
208	218	0	0
208	218	1	1
208	218	2	2
208	218	3	3
208	218	4	4
208	218	5	5
208	218	6	6
208	218	7	7
208	218	8	8
208	218	9	9
209	221	0	0
209	221	1	1
209	221	2	2
209	221	3	3
209	221	4	4
209	221	5	5
209	221	6	6
209	221	7	7
209	221	8	8
209	221	9	9
210	222	0	0
210	222	1	1
210	222	2	2
210	222	3	3
210	222	4	4
210	222	5	5
210	222	6	6
210	222	7	7
210	222	8	8
210	222	9	9
211	223	0	0
211	223	1	1
211	223	2	2
211	223	3	3
211	223	4	4
211	223	5	5
211	223	6	6
211	223	7	7
211	223	8	8
211	223	9	9
212	224	0	0
212	224	1	1
212	224	2	2
212	224	3	3
212	224	4	4
212	224	5	5
212	224	6	6
212	224	7	7
212	224	8	8
212	224	9	9
213	225	0	0
213	225	1	1
213	225	2	2
213	225	3	3
213	225	4	4
213	225	5	5
213	225	6	6
213	225	7	7
213	225	8	8
213	225	9	9
214	226	0	0
214	226	1	1
214	226	2	2
214	226	3	3
214	226	4	4
214	226	5	5
214	226	6	6
214	226	7	7
214	226	8	8
214	226	9	9
215	227	0	0
215	227	1	1
215	227	2	2
215	227	3	3
215	227	4	4
215	227	5	5
215	227	6	6
215	227	7	7
215	227	8	8
215	227	9	9
216	228	0	0
217	229	0	0
217	229	1	1
217	229	2	2
217	229	3	3
217	229	4	4
217	229	5	5
217	229	6	6
217	229	7	7
217	229	8	8
217	229	9	9
218	193	<epsilon>	"
218	230	<space>	<epsilon>
218	196	.	<epsilon>
218	231	0	0
218	231	1	1
218	231	2	2
218	231	3	3
218	231	4	4
218	231	5	5
218	231	6	6
218	231	7	7
218	231	8	8
218	231	9	9
219	193	<epsilon>	"
219	230	<space>	<epsilon>
219	220	.	<epsilon>
219	231	0	0
219	231	1	1
219	231	2	2
219	231	3	3
219	231	4	4
219	231	5	5
219	231	6	6
219	231	7	7
219	231	8	8
219	231	9	9
220	205	0	0
220	205	1	1
220	205	2	2
220	205	3	3
220	205	4	4
220	205	5	5
220	205	6	6
220	205	7	7
220	205	8	8
220	205	9	9
221	232	0	0
221	232	1	1
221	232	2	2
221	232	3	3
221	232	4	4
221	232	5	5
221	232	6	6
221	232	7	7
221	232	8	8
221	232	9	9
222	233	0	0
222	233	1	1
222	233	2	2
222	233	3	3
222	233	4	4
222	233	5	5
222	233	6	6
222	233	7	7
222	233	8	8
222	233	9	9
223	234	0	0
223	234	1	1
223	234	2	2
223	234	3	3
223	234	4	4
223	234	5	5
223	234	6	6
223	234	7	7
223	234	8	8
223	234	9	9
224	235	0	0
224	235	1	1
224	235	2	2
224	235	3	3
224	235	4	4
224	235	5	5
224	235	6	6
224	235	7	7
224	235	8	8
224	235	9	9
225	193	<epsilon>	"
225	236	<space>	<epsilon>
226	237	0	0
226	237	1	1
226	237	2	2
226	237	3	3
226	237	4	4
226	237	5	5
226	237	6	6
226	237	7	7
226	237	8	8
226	237	9	9
227	238	,	<epsilon>
228	239	0	0
229	193	<epsilon>	"
229	220	.	<epsilon>
230	200	.	<epsilon>
231	193	<epsilon>	"
231	231	0	0
231	231	1	1
231	231	2	2
231	231	3	3
231	231	4	4
231	231	5	5
231	231	6	6
231	231	7	7
231	231	8	8
231	231	9	9
232	240	0	0
232	240	1	1
232	240	2	2
232	240	3	3
232	240	4	4
232	240	5	5
232	240	6	6
232	240	7	7
232	240	8	8
232	240	9	9
233	241	<space>	<epsilon>
234	242	0	0
234	242	1	1
234	242	2	2
234	242	3	3
234	242	4	4
234	242	5	5
234	242	6	6
234	242	7	7
234	242	8	8
234	242	9	9
235	193	<epsilon>	"
235	243	<space>	<epsilon>
236	201	0	0
236	201	1	1
236	201	2	2
236	201	3	3
236	201	4	4
236	201	5	5
236	201	6	6
236	201	7	7
236	201	8	8
236	201	9	9
237	244	,	<epsilon>
238	245	0	0
238	245	1	1
238	245	2	2
238	245	3	3
238	245	4	4
238	245	5	5
238	245	6	6
238	245	7	7
238	245	8	8
238	245	9	9
239	193	<epsilon>	"
239	246	.	<epsilon>
240	247	<space>	<epsilon>
241	248	,	<epsilon>
242	193	<epsilon>	"
242	249	<space>	<epsilon>
243	250	.	<epsilon>
244	251	<space>	<epsilon>
245	252	0	0
245	252	1	1
245	252	2	2
245	252	3	3
245	252	4	4
245	252	5	5
245	252	6	6
245	252	7	7
245	252	8	8
245	252	9	9
246	204	<space>	<epsilon>
247	253	,	<epsilon>
248	254	0	0
248	254	1	1
248	254	2	2
248	254	3	3
248	254	4	4
248	254	5	5
248	254	6	6
248	254	7	7
248	254	8	8
248	254	9	9
249	255	.	<epsilon>
250	212	0	0
250	212	1	1
250	212	2	2
250	212	3	3
250	212	4	4
250	212	5	5
250	212	6	6
250	212	7	7
250	212	8	8
250	212	9	9
251	256	0	0
251	256	1	1
251	256	2	2
251	256	3	3
251	256	4	4
251	256	5	5
251	256	6	6
251	256	7	7
251	256	8	8
251	256	9	9
252	257	0	0
252	257	1	1
252	257	2	2
252	257	3	3
252	257	4	4
252	257	5	5
252	257	6	6
252	257	7	7
252	257	8	8
252	257	9	9
253	258	<space>	<epsilon>
254	259	0	0
254	259	1	1
254	259	2	2
254	259	3	3
254	259	4	4
254	259	5	5
254	259	6	6
254	259	7	7
254	259	8	8
254	259	9	9
255	211	<space>	<epsilon>
256	260	0	0
256	260	1	1
256	260	2	2
256	260	3	3
256	260	4	4
256	260	5	5
256	260	6	6
256	260	7	7
256	260	8	8
256	260	9	9
257	193	<epsilon>	"
257	238	,	<epsilon>
258	261	0	0
258	261	1	1
258	261	2	2
258	261	3	3
258	261	4	4
258	261	5	5
258	261	6	6
258	261	7	7
258	261	8	8
258	261	9	9
259	262	0	0
259	262	1	1
259	262	2	2
259	262	3	3
259	262	4	4
259	262	5	5
259	262	6	6
259	262	7	7
259	262	8	8
259	262	9	9
260	263	0	0
260	263	1	1
260	263	2	2
260	263	3	3
260	263	4	4
260	263	5	5
260	263	6	6
260	263	7	7
260	263	8	8
260	263	9	9
261	264	0	0
261	264	1	1
261	264	2	2
261	264	3	3
261	264	4	4
261	264	5	5
261	264	6	6
261	264	7	7
261	264	8	8
261	264	9	9
262	193	<epsilon>	"
262	241	<space>	<epsilon>
263	193	<epsilon>	"
263	244	,	<epsilon>
264	265	0	0
264	265	1	1
264	265	2	2
264	265	3	3
264	265	4	4
264	265	5	5
264	265	6	6
264	265	7	7
264	265	8	8
264	265	9	9
265	193	<epsilon>	"
265	247	<space>	<epsilon>
