0	1	<epsilon>	d
1	2	<epsilon>	e
2	3	<epsilon>	c
3	4	<epsilon>	i
4	5	<epsilon>	m
5	6	<epsilon>	a
6	7	<epsilon>	l
7	8	<epsilon>	<space>
8	9	<epsilon>	{
9	10	<epsilon>	<space>
10	11	<epsilon>	i
10	12	-	n
11	13	<epsilon>	n
12	14	<epsilon>	e
13	15	<epsilon>	t
14	16	<epsilon>	g
15	17	<epsilon>	e
16	18	<epsilon>	a
17	19	<epsilon>	g
18	20	<epsilon>	t
19	21	<epsilon>	e
20	22	<epsilon>	i
21	23	<epsilon>	r
22	24	<epsilon>	v
23	25	<epsilon>	_
24	26	<epsilon>	e
25	27	<epsilon>	p
26	28	<epsilon>	:
27	29	<epsilon>	a
28	30	<epsilon>	<space>
29	31	<epsilon>	r
30	32	<epsilon>	t
31	33	<epsilon>	t
32	34	<epsilon>	r
33	35	<epsilon>	:
34	36	<epsilon>	u
35	37	<epsilon>	<space>
36	38	<epsilon>	e
37	39	<epsilon>	"
38	40	<epsilon>	<space>
39	41	0	0
39	42	1	1
39	42	2	2
39	42	3	3
39	42	4	4
39	42	5	5
39	42	6	6
39	42	7	7
39	42	8	8
39	42	9	9
40	11	<epsilon>	i
41	43	<epsilon>	"
42	43	<epsilon>	"
42	46	<space>	<epsilon>
42	47	.	<epsilon>
42	44	0	0
42	45	1	1
42	45	2	2
42	45	3	3
42	45	4	4
42	45	5	5
42	45	6	6
42	45	7	7
42	45	8	8
42	45	9	9
43	48	<epsilon>	<space>
44	43	<epsilon>	"
44	46	<space>	<epsilon>
44	47	.	<epsilon>
44	49	0	0
44	50	1	1
44	50	2	2
44	50	3	3
44	50	4	4
44	50	5	5
44	50	6	6
44	50	7	7
44	50	8	8
44	50	9	9
45	43	<epsilon>	"
45	46	<space>	<epsilon>
45	47	.	<epsilon>
45	49	0	0
45	51	1	1
45	51	2	2
45	51	3	3
45	51	4	4
45	51	5	5
45	51	6	6
45	51	7	7
45	51	8	8
45	51	9	9
46	53	.	<epsilon>
46	52	0	0
46	52	1	1
46	52	2	2
46	52	3	3
46	52	4	4
46	52	5	5
46	52	6	6
46	52	7	7
46	52	8	8
46	52	9	9
47	55	<space>	<epsilon>
47	54	0	0
47	54	1	1
47	54	2	2
47	54	3	3
47	54	4	4
47	54	5	5
47	54	6	6
47	54	7	7
47	54	8	8
47	54	9	9
48	56	<epsilon>	<space>
48	171	<space>	<space>
48	172	*	<space>
48	57	,	<epsilon>
48	173	E	<space>
48	173	e	<space>
48	172	x	<space>
48	174	<194>	<space>
48	175	<195>	<space>
49	43	<epsilon>	"
49	46	<space>	<epsilon>
49	47	.	<epsilon>
49	58	0	0
49	59	1	1
49	59	2	2
49	59	3	3
49	59	4	4
49	59	5	5
49	59	6	6
49	59	7	7
49	59	8	8
49	59	9	9
50	43	<epsilon>	"
50	46	<space>	<epsilon>
50	60	.	<epsilon>
50	59	0	0
50	59	1	1
50	59	2	2
50	59	3	3
50	59	4	4
50	59	5	5
50	59	6	6
50	59	7	7
50	59	8	8
50	59	9	9
51	43	<epsilon>	"
51	46	<space>	<epsilon>
51	47	.	<epsilon>
51	58	0	0
51	58	1	1
51	58	2	2
51	58	3	3
51	58	4	4
51	58	5	5
51	58	6	6
51	58	7	7
51	58	8	8
51	58	9	9
52	61	0	0
52	61	1	1
52	61	2	2
52	61	3	3
52	61	4	4
52	61	5	5
52	61	6	6
52	61	7	7
52	61	8	8
52	61	9	9
53	63	<space>	<epsilon>
53	62	0	0
53	62	1	1
53	62	2	2
53	62	3	3
53	62	4	4
53	62	5	5
53	62	6	6
53	62	7	7
53	62	8	8
53	62	9	9
54	64	0	0
54	64	1	1
54	64	2	2
54	64	3	3
54	64	4	4
54	64	5	5
54	64	6	6
54	64	7	7
54	64	8	8
54	64	9	9
55	65	0	0
56	66	<epsilon>	}
57	67	<epsilon>	f
58	43	<epsilon>	"
58	75	<space>	<epsilon>
58	47	.	<epsilon>
58	74	0	0
58	74	1	1
58	74	2	2
58	74	3	3
58	74	4	4
58	74	5	5
58	74	6	6
58	74	7	7
58	74	8	8
58	74	9	9
59	43	<epsilon>	"
59	75	<space>	<epsilon>
59	60	.	<epsilon>
59	74	0	0
59	74	1	1
59	74	2	2
59	74	3	3
59	74	4	4
59	74	5	5
59	74	6	6
59	74	7	7
59	74	8	8
59	74	9	9
60	54	0	0
60	54	1	1
60	54	2	2
60	54	3	3
60	54	4	4
60	54	5	5
60	54	6	6
60	54	7	7
60	54	8	8
60	54	9	9
61	76	0	0
61	76	1	1
61	76	2	2
61	76	3	3
61	76	4	4
61	76	5	5
61	76	6	6
61	76	7	7
61	76	8	8
61	76	9	9
62	77	0	0
62	77	1	1
62	77	2	2
62	77	3	3
62	77	4	4
62	77	5	5
62	77	6	6
62	77	7	7
62	77	8	8
62	77	9	9
63	78	0	0
63	78	1	1
63	78	2	2
63	78	3	3
63	78	4	4
63	78	5	5
63	78	6	6
63	78	7	7
63	78	8	8
63	78	9	9
64	79	0	0
64	79	1	1
64	79	2	2
64	79	3	3
64	79	4	4
64	79	5	5
64	79	6	6
64	79	7	7
64	79	8	8
64	79	9	9
65	80	0	0
66
67	81	<epsilon>	r
68	176	<space>	x
68	177	*	x
68	177	x	x
68	178	<194>	x
68	179	<195>	x
69	177	<space>	x
69	180	1	x
70	177	<183>	x
71	177	<151>	x
72	82	0	x
73	181	<epsilon>	x
74	43	<epsilon>	"
74	74	0	0
74	74	1	1
74	74	2	2
74	74	3	3
74	74	4	4
74	74	5	5
74	74	6	6
74	74	7	7
74	74	8	8
74	74	9	9
75	53	.	<epsilon>
76	43	<epsilon>	"
76	83	<space>	<epsilon>
77	84	0	0
77	84	1	1
77	84	2	2
77	84	3	3
77	84	4	4
77	84	5	5
77	84	6	6
77	84	7	7
77	84	8	8
77	84	9	9
78	85	0	0
78	85	1	1
78	85	2	2
78	85	3	3
78	85	4	4
78	85	5	5
78	85	6	6
78	85	7	7
78	85	8	8
78	85	9	9
79	43	<epsilon>	"
79	60	.	<epsilon>
80	86	0	0
81	87	<epsilon>	a
82	182	<space>	p
82	93	^	p
83	52	0	0
83	52	1	1
83	52	2	2
83	52	3	3
83	52	4	4
83	52	5	5
83	52	6	6
83	52	7	7
83	52	8	8
83	52	9	9
84	43	<epsilon>	"
84	95	<space>	<epsilon>
85	96	0	0
85	96	1	1
85	96	2	2
85	96	3	3
85	96	4	4
85	96	5	5
85	96	6	6
85	96	7	7
85	96	8	8
85	96	9	9
86	43	<epsilon>	"
86	97	.	<epsilon>
87	98	<epsilon>	c
88	183	<space>	o
88	184	*	o
88	184	x	o
88	185	<194>	o
88	186	<195>	o
89	184	<space>	o
89	187	1	o
90	184	<183>	o
91	184	<151>	o
92	99	0	o
93	189	<epsilon>	o
93	188	<space>	o
94	189	<epsilon>	o
95	100	.	<epsilon>
96	43	<epsilon>	"
96	101	<space>	<epsilon>
97	55	<space>	<epsilon>
98	102	<epsilon>	t
99	190	<space>	n
99	108	^	n
100	62	0	0
100	62	1	1
100	62	2	2
100	62	3	3
100	62	4	4
100	62	5	5
100	62	6	6
100	62	7	7
100	62	8	8
100	62	9	9
101	110	.	<epsilon>
102	111	<epsilon>	i
103	191	<space>	e
103	192	*	e
103	192	x	e
103	193	<194>	e
103	194	<195>	e
104	192	<space>	e
104	195	1	e
105	192	<183>	e
106	192	<151>	e
107	112	0	e
108	197	<epsilon>	e
108	196	<space>	e
109	197	<epsilon>	e
110	63	<space>	<epsilon>
111	113	<epsilon>	o
112	198	<space>	n
112	119	^	n
113	121	<epsilon>	n
114	199	<space>	t
114	200	*	t
114	200	x	t
114	201	<194>	t
114	202	<195>	t
115	200	<space>	t
115	203	1	t
116	200	<183>	t
117	200	<151>	t
118	122	0	t
119	205	<epsilon>	t
119	204	<space>	t
120	205	<epsilon>	t
121	123	<epsilon>	a
122	129	<space>	:
122	130	^	:
123	132	<epsilon>	l
124	133	<space>	<space>
124	134	*	<space>
124	134	x	<space>
124	135	<194>	<space>
124	136	<195>	<space>
125	134	<space>	<space>
125	137	1	<space>
126	134	<183>	<space>
127	134	<151>	<space>
128	138	0	<space>
129	138	<space>	<space>
129	139	^	<space>
130	206	<epsilon>	<space>
130	139	<space>	<space>
131	206	<epsilon>	<space>
132	140	<epsilon>	_
133	133	<space>	<epsilon>
133	134	*	<epsilon>
133	134	x	<epsilon>
133	135	<194>	<epsilon>
133	136	<195>	<epsilon>
134	134	<space>	<epsilon>
134	137	1	<epsilon>
135	134	<183>	<epsilon>
136	134	<151>	<epsilon>
137	138	0	<epsilon>
138	138	<space>	<epsilon>
138	139	^	<epsilon>
139	141	<epsilon>	"
139	139	<space>	<epsilon>
140	142	<epsilon>	p
141	208	-	-
141	207	0	0
141	143	1	1
141	143	2	2
141	143	3	3
141	143	4	4
141	143	5	5
141	143	6	6
141	143	7	7
141	143	8	8
141	143	9	9
142	144	<epsilon>	a
143	209	<epsilon>	"
143	211	<space>	<epsilon>
143	212	.	<epsilon>
143	210	0	0
143	145	1	1
143	145	2	2
143	145	3	3
143	145	4	4
143	145	5	5
143	145	6	6
143	145	7	7
143	145	8	8
143	145	9	9
144	146	<epsilon>	r
145	209	<epsilon>	"
145	211	<space>	<epsilon>
145	212	.	<epsilon>
145	147	0	0
145	149	1	1
145	149	2	2
145	149	3	3
145	149	4	4
145	149	5	5
145	149	6	6
145	149	7	7
145	149	8	8
145	149	9	9
146	154	<epsilon>	t
147	209	<epsilon>	"
147	211	<space>	<epsilon>
147	212	.	<epsilon>
147	155	0	0
147	156	1	1
147	156	2	2
147	156	3	3
147	156	4	4
147	156	5	5
147	156	6	6
147	156	7	7
147	156	8	8
147	156	9	9
148	209	<epsilon>	"
148	211	<space>	<epsilon>
148	213	.	<epsilon>
148	156	0	0
148	156	1	1
148	156	2	2
148	156	3	3
148	156	4	4
148	156	5	5
148	156	6	6
148	156	7	7
148	156	8	8
148	156	9	9
149	209	<epsilon>	"
149	211	<space>	<epsilon>
149	212	.	<epsilon>
149	155	0	0
149	155	1	1
149	155	2	2
149	155	3	3
149	155	4	4
149	155	5	5
149	155	6	6
149	155	7	7
149	155	8	8
149	155	9	9
150	214	0	0
150	214	1	1
150	214	2	2
150	214	3	3
150	214	4	4
150	214	5	5
150	214	6	6
150	214	7	7
150	214	8	8
150	214	9	9
151	216	<space>	<epsilon>
151	215	0	0
151	215	1	1
151	215	2	2
151	215	3	3
151	215	4	4
151	215	5	5
151	215	6	6
151	215	7	7
151	215	8	8
151	215	9	9
152	217	0	0
152	217	1	1
152	217	2	2
152	217	3	3
152	217	4	4
152	217	5	5
152	217	6	6
152	217	7	7
152	217	8	8
152	217	9	9
153	218	0	0
154	157	<epsilon>	:
155	209	<epsilon>	"
155	220	<space>	<epsilon>
155	212	.	<epsilon>
155	219	0	0
155	219	1	1
155	219	2	2
155	219	3	3
155	219	4	4
155	219	5	5
155	219	6	6
155	219	7	7
155	219	8	8
155	219	9	9
156	209	<epsilon>	"
156	220	<space>	<epsilon>
156	213	.	<epsilon>
156	219	0	0
156	219	1	1
156	219	2	2
156	219	3	3
156	219	4	4
156	219	5	5
156	219	6	6
156	219	7	7
156	219	8	8
156	219	9	9
157	162	<epsilon>	<space>
158	209	<epsilon>	"
158	222	<space>	<epsilon>
159	163	0	0
159	163	1	1
159	163	2	2
159	163	3	3
159	163	4	4
159	163	5	5
159	163	6	6
159	163	7	7
159	163	8	8
159	163	9	9
160	223	0	0
160	223	1	1
160	223	2	2
160	223	3	3
160	223	4	4
160	223	5	5
160	223	6	6
160	223	7	7
160	223	8	8
160	223	9	9
161	209	<epsilon>	"
161	213	.	<epsilon>
162	165	<epsilon>	"
163	209	<epsilon>	"
163	224	<space>	<epsilon>
164	209	<epsilon>	"
164	225	.	<epsilon>
165	167	0	0
165	167	1	1
165	167	2	2
165	167	3	3
165	167	4	4
165	167	5	5
165	167	6	6
165	167	7	7
165	167	8	8
165	167	9	9
166	209	<epsilon>	"
166	226	<space>	<epsilon>
167	169	<epsilon>	"
167	167	0	0
167	167	1	1
167	167	2	2
167	167	3	3
167	167	4	4
167	167	5	5
167	167	6	6
167	167	7	7
167	167	8	8
167	167	9	9
168	215	0	0
168	215	1	1
168	215	2	2
168	215	3	3
168	215	4	4
168	215	5	5
168	215	6	6
168	215	7	7
168	215	8	8
168	215	9	9
169	56	<epsilon>	<space>
169	171	<space>	<space>
169	172	*	<space>
169	173	E	<space>
169	173	e	<space>
169	172	x	<space>
169	174	<194>	<space>
169	175	<195>	<space>
170	216	<space>	<epsilon>
171	68	<space>	e
171	69	*	e
171	69	x	e
171	70	<194>	e
171	71	<195>	e
172	69	<space>	e
172	72	1	e
173	73	<epsilon>	e
174	69	<183>	e
175	69	<151>	e
176	88	<space>	p
176	89	*	p
176	89	x	p
176	90	<194>	p
176	91	<195>	p
177	89	<space>	p
177	92	1	p
178	89	<183>	p
179	89	<151>	p
180	182	0	p
181	94	<epsilon>	p
182	99	<space>	o
182	188	^	o
183	103	<space>	n
183	104	*	n
183	104	x	n
183	105	<194>	n
183	106	<195>	n
184	104	<space>	n
184	107	1	n
185	104	<183>	n
186	104	<151>	n
187	190	0	n
188	109	<epsilon>	n
188	108	<space>	n
189	109	<epsilon>	n
190	112	<space>	e
190	196	^	e
191	114	<space>	n
191	115	*	n
191	115	x	n
191	116	<194>	n
191	117	<195>	n
192	115	<space>	n
192	118	1	n
193	115	<183>	n
194	115	<151>	n
195	198	0	n
196	120	<epsilon>	n
196	119	<space>	n
197	120	<epsilon>	n
198	122	<space>	t
198	204	^	t
199	124	<space>	:
199	125	*	:
199	125	x	:
199	126	<194>	:
199	127	<195>	:
200	125	<space>	:
200	128	1	:
201	125	<183>	:
202	125	<151>	:
203	129	0	:
204	131	<epsilon>	:
204	130	<space>	:
205	131	<epsilon>	:
206	141	<epsilon>	"
207	209	<epsilon>	"
208	207	0	0
208	143	1	1
208	143	2	2
208	143	3	3
208	143	4	4
208	143	5	5
208	143	6	6
208	143	7	7
208	143	8	8
208	143	9	9
209	56	<epsilon>	<space>
210	209	<epsilon>	"
210	211	<space>	<epsilon>
210	212	.	<epsilon>
210	147	0	0
210	148	1	1
210	148	2	2
210	148	3	3
210	148	4	4
210	148	5	5
210	148	6	6
210	148	7	7
210	148	8	8
210	148	9	9
211	151	.	<epsilon>
211	150	0	0
211	150	1	1
211	150	2	2
211	150	3	3
211	150	4	4
211	150	5	5
211	150	6	6
211	150	7	7
211	150	8	8
211	150	9	9
212	153	<space>	<epsilon>
212	152	0	0
212	152	1	1
212	152	2	2
212	152	3	3
212	152	4	4
212	152	5	5
212	152	6	6
212	152	7	7
212	152	8	8
212	152	9	9
213	152	0	0
213	152	1	1
213	152	2	2
213	152	3	3
213	152	4	4
213	152	5	5
213	152	6	6
213	152	7	7
213	152	8	8
213	152	9	9
214	158	0	0
214	158	1	1
214	158	2	2
214	158	3	3
214	158	4	4
214	158	5	5
214	158	6	6
214	158	7	7
214	158	8	8
214	158	9	9
215	159	0	0
215	159	1	1
215	159	2	2
215	159	3	3
215	159	4	4
215	159	5	5
215	159	6	6
215	159	7	7
215	159	8	8
215	159	9	9
216	160	0	0
216	160	1	1
216	160	2	2
216	160	3	3
216	160	4	4
216	160	5	5
216	160	6	6
216	160	7	7
216	160	8	8
216	160	9	9
217	161	0	0
217	161	1	1
217	161	2	2
217	161	3	3
217	161	4	4
217	161	5	5
217	161	6	6
217	161	7	7
217	161	8	8
217	161	9	9
218	221	0	0
219	209	<epsilon>	"
219	219	0	0
219	219	1	1
219	219	2	2
219	219	3	3
219	219	4	4
219	219	5	5
219	219	6	6
219	219	7	7
219	219	8	8
219	219	9	9
220	151	.	<epsilon>
221	164	0	0
222	150	0	0
222	150	1	1
222	150	2	2
222	150	3	3
222	150	4	4
222	150	5	5
222	150	6	6
222	150	7	7
222	150	8	8
222	150	9	9
223	166	0	0
223	166	1	1
223	166	2	2
223	166	3	3
223	166	4	4
223	166	5	5
223	166	6	6
223	166	7	7
223	166	8	8
223	166	9	9
224	168	.	<epsilon>
225	153	<space>	<epsilon>
226	170	.	<epsilon>
