0	1	<epsilon>	d
1	2	<epsilon>	e
2	3	<epsilon>	c
3	4	<epsilon>	i
4	5	<epsilon>	m
5	6	<epsilon>	a
6	7	<epsilon>	l
7	8	<epsilon>	<space>
8	9	<epsilon>	{
9	10	<epsilon>	<space>
10	11	<epsilon>	i
10	12	-	n
11	13	<epsilon>	n
12	14	<epsilon>	e
13	15	<epsilon>	t
14	16	<epsilon>	g
15	17	<epsilon>	e
16	18	<epsilon>	a
17	19	<epsilon>	g
18	20	<epsilon>	t
19	21	<epsilon>	e
20	22	<epsilon>	i
21	23	<epsilon>	r
22	24	<epsilon>	v
23	25	<epsilon>	_
24	26	<epsilon>	e
25	27	<epsilon>	p
26	28	<epsilon>	:
27	29	<epsilon>	a
28	30	<epsilon>	<space>
29	31	<epsilon>	r
30	32	<epsilon>	t
31	33	<epsilon>	t
32	34	<epsilon>	r
33	35	<epsilon>	:
34	36	<epsilon>	u
35	37	<epsilon>	<space>
36	38	<epsilon>	e
37	39	<epsilon>	"
38	40	<epsilon>	<space>
39	41	0	0
39	42	1	1
39	42	2	2
39	42	3	3
39	42	4	4
39	42	5	5
39	42	6	6
39	42	7	7
39	42	8	8
39	42	9	9
40	11	<epsilon>	i
41	43	<epsilon>	"
42	43	<epsilon>	"
42	46	<space>	<epsilon>
42	47	,	<epsilon>
42	48	.	<epsilon>
42	44	0	0
42	45	1	1
42	45	2	2
42	45	3	3
42	45	4	4
42	45	5	5
42	45	6	6
42	45	7	7
42	45	8	8
42	45	9	9
43	49	<epsilon>	<space>
44	43	<epsilon>	"
44	46	<space>	<epsilon>
44	47	,	<epsilon>
44	48	.	<epsilon>
44	50	0	0
44	51	1	1
44	51	2	2
44	51	3	3
44	51	4	4
44	51	5	5
44	51	6	6
44	51	7	7
44	51	8	8
44	51	9	9
45	43	<epsilon>	"
45	46	<space>	<epsilon>
45	47	,	<epsilon>
45	48	.	<epsilon>
45	50	0	0
45	52	1	1
45	52	2	2
45	52	3	3
45	52	4	4
45	52	5	5
45	52	6	6
45	52	7	7
45	52	8	8
45	52	9	9
46	54	,	<epsilon>
46	55	.	<epsilon>
46	53	0	0
46	53	1	1
46	53	2	2
46	53	3	3
46	53	4	4
46	53	5	5
46	53	6	6
46	53	7	7
46	53	8	8
46	53	9	9
47	57	<space>	<epsilon>
47	56	0	0
47	56	1	1
47	56	2	2
47	56	3	3
47	56	4	4
47	56	5	5
47	56	6	6
47	56	7	7
47	56	8	8
47	56	9	9
48	59	<space>	<epsilon>
48	58	0	0
48	58	1	1
48	58	2	2
48	58	3	3
48	58	4	4
48	58	5	5
48	58	6	6
48	58	7	7
48	58	8	8
48	58	9	9
49	60	<epsilon>	<space>
49	63	<space>	<space>
49	64	*	<space>
49	61	,	<epsilon>
49	62	.	<epsilon>
49	65	E	<space>
49	65	e	<space>
49	64	x	<space>
49	66	<194>	<space>
49	67	<195>	<space>
50	43	<epsilon>	"
50	46	<space>	<epsilon>
50	47	,	<epsilon>
50	48	.	<epsilon>
50	68	0	0
50	69	1	1
50	69	2	2
50	69	3	3
50	69	4	4
50	69	5	5
50	69	6	6
50	69	7	7
50	69	8	8
50	69	9	9
51	43	<epsilon>	"
51	46	<space>	<epsilon>
51	70	,	<epsilon>
51	71	.	<epsilon>
51	69	0	0
51	69	1	1
51	69	2	2
51	69	3	3
51	69	4	4
51	69	5	5
51	69	6	6
51	69	7	7
51	69	8	8
51	69	9	9
52	43	<epsilon>	"
52	46	<space>	<epsilon>
52	47	,	<epsilon>
52	48	.	<epsilon>
52	68	0	0
52	68	1	1
52	68	2	2
52	68	3	3
52	68	4	4
52	68	5	5
52	68	6	6
52	68	7	7
52	68	8	8
52	68	9	9
53	72	0	0
53	72	1	1
53	72	2	2
53	72	3	3
53	72	4	4
53	72	5	5
53	72	6	6
53	72	7	7
53	72	8	8
53	72	9	9
54	74	<space>	<epsilon>
54	73	0	0
54	73	1	1
54	73	2	2
54	73	3	3
54	73	4	4
54	73	5	5
54	73	6	6
54	73	7	7
54	73	8	8
54	73	9	9
55	76	<space>	<epsilon>
55	75	0	0
55	75	1	1
55	75	2	2
55	75	3	3
55	75	4	4
55	75	5	5
55	75	6	6
55	75	7	7
55	75	8	8
55	75	9	9
56	77	0	0
56	77	1	1
56	77	2	2
56	77	3	3
56	77	4	4
56	77	5	5
56	77	6	6
56	77	7	7
56	77	8	8
56	77	9	9
57	78	0	0
57	79	1	1
57	79	2	2
57	79	3	3
57	79	4	4
57	79	5	5
57	79	6	6
57	79	7	7
57	79	8	8
57	79	9	9
58	80	0	0
58	80	1	1
58	80	2	2
58	80	3	3
58	80	4	4
58	80	5	5
58	80	6	6
58	80	7	7
58	80	8	8
58	80	9	9
59	81	0	0
60	82	<epsilon>	}
61	83	<epsilon>	f
62	84	<epsilon>	f
63	271	<space>	e
63	272	*	e
63	272	x	e
63	273	<194>	e
63	274	<195>	e
64	272	<space>	e
64	275	1	e
65	276	<epsilon>	e
66	272	<183>	e
67	272	<151>	e
68	85	<epsilon>	"
68	87	<space>	<epsilon>
68	88	,	<epsilon>
68	48	.	<epsilon>
68	86	0	0
68	86	1	1
68	86	2	2
68	86	3	3
68	86	4	4
68	86	5	5
68	86	6	6
68	86	7	7
68	86	8	8
68	86	9	9
69	85	<epsilon>	"
69	87	<space>	<epsilon>
69	89	,	<epsilon>
69	71	.	<epsilon>
69	86	0	0
69	86	1	1
69	86	2	2
69	86	3	3
69	86	4	4
69	86	5	5
69	86	6	6
69	86	7	7
69	86	8	8
69	86	9	9
70	90	<space>	<epsilon>
70	56	0	0
70	56	1	1
70	56	2	2
70	56	3	3
70	56	4	4
70	56	5	5
70	56	6	6
70	56	7	7
70	56	8	8
70	56	9	9
71	58	0	0
71	58	1	1
71	58	2	2
71	58	3	3
71	58	4	4
71	58	5	5
71	58	6	6
71	58	7	7
71	58	8	8
71	58	9	9
72	91	0	0
72	91	1	1
72	91	2	2
72	91	3	3
72	91	4	4
72	91	5	5
72	91	6	6
72	91	7	7
72	91	8	8
72	91	9	9
73	92	0	0
73	92	1	1
73	92	2	2
73	92	3	3
73	92	4	4
73	92	5	5
73	92	6	6
73	92	7	7
73	92	8	8
73	92	9	9
74	93	0	0
74	93	1	1
74	93	2	2
74	93	3	3
74	93	4	4
74	93	5	5
74	93	6	6
74	93	7	7
74	93	8	8
74	93	9	9
75	94	0	0
75	94	1	1
75	94	2	2
75	94	3	3
75	94	4	4
75	94	5	5
75	94	6	6
75	94	7	7
75	94	8	8
75	94	9	9
76	95	0	0
76	95	1	1
76	95	2	2
76	95	3	3
76	95	4	4
76	95	5	5
76	95	6	6
76	95	7	7
76	95	8	8
76	95	9	9
77	96	0	0
77	96	1	1
77	96	2	2
77	96	3	3
77	96	4	4
77	96	5	5
77	96	6	6
77	96	7	7
77	96	8	8
77	96	9	9
78	97	0	0
78	98	1	1
78	98	2	2
78	98	3	3
78	98	4	4
78	98	5	5
78	98	6	6
78	98	7	7
78	98	8	8
78	98	9	9
79	98	0	0
79	98	1	1
79	98	2	2
79	98	3	3
79	98	4	4
79	98	5	5
79	98	6	6
79	98	7	7
79	98	8	8
79	98	9	9
80	99	0	0
80	99	1	1
80	99	2	2
80	99	3	3
80	99	4	4
80	99	5	5
80	99	6	6
80	99	7	7
80	99	8	8
80	99	9	9
81	100	0	0
82
83	101	<epsilon>	r
84	102	<epsilon>	r
85	109	<epsilon>	<space>
86	85	<epsilon>	"
86	86	0	0
86	86	1	1
86	86	2	2
86	86	3	3
86	86	4	4
86	86	5	5
86	86	6	6
86	86	7	7
86	86	8	8
86	86	9	9
87	110	,	<epsilon>
87	55	.	<epsilon>
88	112	<space>	<epsilon>
88	111	0	0
88	111	1	1
88	111	2	2
88	111	3	3
88	111	4	4
88	111	5	5
88	111	6	6
88	111	7	7
88	111	8	8
88	111	9	9
89	111	0	0
89	111	1	1
89	111	2	2
89	111	3	3
89	111	4	4
89	111	5	5
89	111	6	6
89	111	7	7
89	111	8	8
89	111	9	9
90	79	0	0
90	79	1	1
90	79	2	2
90	79	3	3
90	79	4	4
90	79	5	5
90	79	6	6
90	79	7	7
90	79	8	8
90	79	9	9
91	85	<epsilon>	"
91	113	<space>	<epsilon>
92	114	0	0
92	114	1	1
92	114	2	2
92	114	3	3
92	114	4	4
92	114	5	5
92	114	6	6
92	114	7	7
92	114	8	8
92	114	9	9
93	115	0	0
93	115	1	1
93	115	2	2
93	115	3	3
93	115	4	4
93	115	5	5
93	115	6	6
93	115	7	7
93	115	8	8
93	115	9	9
94	116	0	0
94	116	1	1
94	116	2	2
94	116	3	3
94	116	4	4
94	116	5	5
94	116	6	6
94	116	7	7
94	116	8	8
94	116	9	9
95	117	0	0
95	117	1	1
95	117	2	2
95	117	3	3
95	117	4	4
95	117	5	5
95	117	6	6
95	117	7	7
95	117	8	8
95	117	9	9
96	118	<epsilon>	"
96	119	,	<epsilon>
97	120	0	0
97	121	1	1
97	121	2	2
97	121	3	3
97	121	4	4
97	121	5	5
97	121	6	6
97	121	7	7
97	121	8	8
97	121	9	9
98	121	0	0
98	121	1	1
98	121	2	2
98	121	3	3
98	121	4	4
98	121	5	5
98	121	6	6
98	121	7	7
98	121	8	8
98	121	9	9
99	122	<epsilon>	"
99	71	.	<epsilon>
100	123	0	0
101	124	<epsilon>	a
102	125	<epsilon>	a
103	281	<space>	p
103	282	*	p
103	282	x	p
103	283	<194>	p
103	284	<195>	p
104	282	<space>	p
104	285	1	p
105	282	<183>	p
106	282	<151>	p
107	126	0	p
108	287	<epsilon>	p
109	60	<epsilon>	<space>
109	63	<space>	<space>
109	64	*	<space>
109	61	,	<epsilon>
109	61	.	<epsilon>
109	65	E	<space>
109	65	e	<space>
109	64	x	<space>
109	66	<194>	<space>
109	67	<195>	<space>
110	128	<space>	<epsilon>
110	127	0	0
110	127	1	1
110	127	2	2
110	127	3	3
110	127	4	4
110	127	5	5
110	127	6	6
110	127	7	7
110	127	8	8
110	127	9	9
111	129	0	0
111	129	1	1
111	129	2	2
111	129	3	3
111	129	4	4
111	129	5	5
111	129	6	6
111	129	7	7
111	129	8	8
111	129	9	9
112	130	0	0
113	53	0	0
113	53	1	1
113	53	2	2
113	53	3	3
113	53	4	4
113	53	5	5
113	53	6	6
113	53	7	7
113	53	8	8
113	53	9	9
114	118	<epsilon>	"
114	131	<space>	<epsilon>
115	132	0	0
115	132	1	1
115	132	2	2
115	132	3	3
115	132	4	4
115	132	5	5
115	132	6	6
115	132	7	7
115	132	8	8
115	132	9	9
116	122	<epsilon>	"
116	133	<space>	<epsilon>
117	134	0	0
117	134	1	1
117	134	2	2
117	134	3	3
117	134	4	4
117	134	5	5
117	134	6	6
117	134	7	7
117	134	8	8
117	134	9	9
118	135	<epsilon>	<space>
119	136	0	0
119	136	1	1
119	136	2	2
119	136	3	3
119	136	4	4
119	136	5	5
119	136	6	6
119	136	7	7
119	136	8	8
119	136	9	9
120	118	<epsilon>	"
120	137	,	<epsilon>
121	138	,	<epsilon>
122	139	<epsilon>	<space>
123	122	<epsilon>	"
123	140	.	<epsilon>
124	141	<epsilon>	c
125	142	<epsilon>	c
126	288	<space>	o
126	148	^	o
127	150	0	0
127	150	1	1
127	150	2	2
127	150	3	3
127	150	4	4
127	150	5	5
127	150	6	6
127	150	7	7
127	150	8	8
127	150	9	9
128	151	0	0
128	151	1	1
128	151	2	2
128	151	3	3
128	151	4	4
128	151	5	5
128	151	6	6
128	151	7	7
128	151	8	8
128	151	9	9
129	152	0	0
129	152	1	1
129	152	2	2
129	152	3	3
129	152	4	4
129	152	5	5
129	152	6	6
129	152	7	7
129	152	8	8
129	152	9	9
130	153	0	0
131	154	,	<epsilon>
132	118	<epsilon>	"
132	155	<space>	<epsilon>
133	156	.	<epsilon>
134	122	<epsilon>	"
134	157	<space>	<epsilon>
135	61	.	<epsilon>
136	158	0	0
136	158	1	1
136	158	2	2
136	158	3	3
136	158	4	4
136	158	5	5
136	158	6	6
136	158	7	7
136	158	8	8
136	158	9	9
137	159	<space>	<epsilon>
138	160	<space>	<epsilon>
139	60	<epsilon>	<space>
139	63	<space>	<space>
139	64	*	<space>
139	61	,	<epsilon>
139	65	E	<space>
139	65	e	<space>
139	64	x	<space>
139	66	<194>	<space>
139	67	<195>	<space>
140	59	<space>	<epsilon>
141	161	<epsilon>	t
142	162	<epsilon>	t
143	289	<space>	n
143	290	*	n
143	290	x	n
143	291	<194>	n
143	292	<195>	n
144	290	<space>	n
144	293	1	n
145	290	<183>	n
146	290	<151>	n
147	163	0	n
148	295	<epsilon>	n
148	294	<space>	n
149	295	<epsilon>	n
150	164	0	0
150	164	1	1
150	164	2	2
150	164	3	3
150	164	4	4
150	164	5	5
150	164	6	6
150	164	7	7
150	164	8	8
150	164	9	9
151	165	0	0
151	165	1	1
151	165	2	2
151	165	3	3
151	165	4	4
151	165	5	5
151	165	6	6
151	165	7	7
151	165	8	8
151	165	9	9
152	118	<epsilon>	"
152	89	,	<epsilon>
153	166	0	0
154	167	0	0
154	167	1	1
154	167	2	2
154	167	3	3
154	167	4	4
154	167	5	5
154	167	6	6
154	167	7	7
154	167	8	8
154	167	9	9
155	168	,	<epsilon>
156	75	0	0
156	75	1	1
156	75	2	2
156	75	3	3
156	75	4	4
156	75	5	5
156	75	6	6
156	75	7	7
156	75	8	8
156	75	9	9
157	169	.	<epsilon>
158	170	0	0
158	170	1	1
158	170	2	2
158	170	3	3
158	170	4	4
158	170	5	5
158	170	6	6
158	170	7	7
158	170	8	8
158	170	9	9
159	171	0	0
159	172	1	1
159	172	2	2
159	172	3	3
159	172	4	4
159	172	5	5
159	172	6	6
159	172	7	7
159	172	8	8
159	172	9	9
160	172	0	0
160	172	1	1
160	172	2	2
160	172	3	3
160	172	4	4
160	172	5	5
160	172	6	6
160	172	7	7
160	172	8	8
160	172	9	9
161	173	<epsilon>	i
162	174	<epsilon>	i
163	296	<space>	e
163	180	^	e
164	118	<epsilon>	"
164	182	<space>	<epsilon>
165	183	0	0
165	183	1	1
165	183	2	2
165	183	3	3
165	183	4	4
165	183	5	5
165	183	6	6
165	183	7	7
165	183	8	8
165	183	9	9
166	118	<epsilon>	"
166	184	,	<epsilon>
167	185	0	0
167	185	1	1
167	185	2	2
167	185	3	3
167	185	4	4
167	185	5	5
167	185	6	6
167	185	7	7
167	185	8	8
167	185	9	9
168	186	<space>	<epsilon>
169	76	<space>	<epsilon>
170	187	<epsilon>	"
170	119	,	<epsilon>
171	188	0	0
171	189	1	1
171	189	2	2
171	189	3	3
171	189	4	4
171	189	5	5
171	189	6	6
171	189	7	7
171	189	8	8
171	189	9	9
172	189	0	0
172	189	1	1
172	189	2	2
172	189	3	3
172	189	4	4
172	189	5	5
172	189	6	6
172	189	7	7
172	189	8	8
172	189	9	9
173	190	<epsilon>	o
174	191	<epsilon>	o
175	297	<space>	n
175	298	*	n
175	298	x	n
175	299	<194>	n
175	300	<195>	n
176	298	<space>	n
176	301	1	n
177	298	<183>	n
178	298	<151>	n
179	192	0	n
180	303	<epsilon>	n
180	302	<space>	n
181	303	<epsilon>	n
182	193	,	<epsilon>
183	118	<epsilon>	"
183	194	<space>	<epsilon>
184	112	<space>	<epsilon>
185	195	0	0
185	195	1	1
185	195	2	2
185	195	3	3
185	195	4	4
185	195	5	5
185	195	6	6
185	195	7	7
185	195	8	8
185	195	9	9
186	196	0	0
186	196	1	1
186	196	2	2
186	196	3	3
186	196	4	4
186	196	5	5
186	196	6	6
186	196	7	7
186	196	8	8
186	196	9	9
187	197	<epsilon>	<space>
188	198	0	0
188	199	1	1
188	199	2	2
188	199	3	3
188	199	4	4
188	199	5	5
188	199	6	6
188	199	7	7
188	199	8	8
188	199	9	9
189	199	0	0
189	199	1	1
189	199	2	2
189	199	3	3
189	199	4	4
189	199	5	5
189	199	6	6
189	199	7	7
189	199	8	8
189	199	9	9
190	200	<epsilon>	n
191	201	<epsilon>	n
192	304	<space>	t
192	207	^	t
193	127	0	0
193	127	1	1
193	127	2	2
193	127	3	3
193	127	4	4
193	127	5	5
193	127	6	6
193	127	7	7
193	127	8	8
193	127	9	9
194	209	,	<epsilon>
195	187	<epsilon>	"
195	131	<space>	<epsilon>
196	210	0	0
196	210	1	1
196	210	2	2
196	210	3	3
196	210	4	4
196	210	5	5
196	210	6	6
196	210	7	7
196	210	8	8
196	210	9	9
197	60	<epsilon>	<space>
197	63	<space>	<space>
197	64	*	<space>
197	61	.	<epsilon>
197	65	E	<space>
197	65	e	<space>
197	64	x	<space>
197	66	<194>	<space>
197	67	<195>	<space>
198	187	<epsilon>	"
198	137	,	<epsilon>
199	211	<epsilon>	"
199	138	,	<epsilon>
200	212	<epsilon>	a
201	213	<epsilon>	a
202	305	<space>	:
202	306	*	:
202	306	x	:
202	307	<194>	:
202	308	<195>	:
203	306	<space>	:
203	309	1	:
204	306	<183>	:
205	306	<151>	:
206	310	0	:
207	312	<epsilon>	:
207	311	<space>	:
208	312	<epsilon>	:
209	128	<space>	<epsilon>
210	214	0	0
210	214	1	1
210	214	2	2
210	214	3	3
210	214	4	4
210	214	5	5
210	214	6	6
210	214	7	7
210	214	8	8
210	214	9	9
211	215	<epsilon>	<space>
212	216	<epsilon>	l
213	217	<epsilon>	l
214	187	<epsilon>	"
214	155	<space>	<epsilon>
215	60	<epsilon>	<space>
215	63	<space>	<space>
215	64	*	<space>
215	65	E	<space>
215	65	e	<space>
215	64	x	<space>
215	66	<194>	<space>
215	67	<195>	<space>
216	219	<epsilon>	_
217	220	<epsilon>	_
218	221	<epsilon>	"
219	222	<epsilon>	p
220	223	<epsilon>	p
221	224	-	-
221	320	0	0
221	321	1	1
221	321	2	2
221	321	3	3
221	321	4	4
221	321	5	5
221	321	6	6
221	321	7	7
221	321	8	8
221	321	9	9
222	225	<epsilon>	a
223	226	<epsilon>	a
224	320	0	0
224	321	1	1
224	321	2	2
224	321	3	3
224	321	4	4
224	321	5	5
224	321	6	6
224	321	7	7
224	321	8	8
224	321	9	9
225	229	<epsilon>	r
226	230	<epsilon>	r
227	322	<epsilon>	"
227	324	<space>	<epsilon>
227	228	,	<epsilon>
227	325	.	<epsilon>
227	326	0	0
227	327	1	1
227	327	2	2
227	327	3	3
227	327	4	4
227	327	5	5
227	327	6	6
227	327	7	7
227	327	8	8
227	327	9	9
228	331	<space>	<epsilon>
228	330	0	0
228	330	1	1
228	330	2	2
228	330	3	3
228	330	4	4
228	330	5	5
228	330	6	6
228	330	7	7
228	330	8	8
228	330	9	9
229	234	<epsilon>	t
230	235	<epsilon>	t
231	336	0	0
231	336	1	1
231	336	2	2
231	336	3	3
231	336	4	4
231	336	5	5
231	336	6	6
231	336	7	7
231	336	8	8
231	336	9	9
232	338	<space>	<epsilon>
232	337	0	0
232	337	1	1
232	337	2	2
232	337	3	3
232	337	4	4
232	337	5	5
232	337	6	6
232	337	7	7
232	337	8	8
232	337	9	9
233	339	0	0
233	339	1	1
233	339	2	2
233	339	3	3
233	339	4	4
233	339	5	5
233	339	6	6
233	339	7	7
233	339	8	8
233	339	9	9
234	241	<epsilon>	:
235	242	<epsilon>	:
236	342	0	0
236	342	1	1
236	342	2	2
236	342	3	3
236	342	4	4
236	342	5	5
236	342	6	6
236	342	7	7
236	342	8	8
236	342	9	9
237	343	0	0
237	343	1	1
237	343	2	2
237	343	3	3
237	343	4	4
237	343	5	5
237	343	6	6
237	343	7	7
237	343	8	8
237	343	9	9
238	344	0	0
238	344	1	1
238	344	2	2
238	344	3	3
238	344	4	4
238	344	5	5
238	344	6	6
238	344	7	7
238	344	8	8
238	344	9	9
239	345	0	0
239	345	1	1
239	345	2	2
239	345	3	3
239	345	4	4
239	345	5	5
239	345	6	6
239	345	7	7
239	345	8	8
239	345	9	9
240	247	0	0
241	248	<epsilon>	<space>
242	249	<epsilon>	<space>
243	322	<epsilon>	"
243	346	<space>	<epsilon>
244	252	0	0
244	252	1	1
244	252	2	2
244	252	3	3
244	252	4	4
244	252	5	5
244	252	6	6
244	252	7	7
244	252	8	8
244	252	9	9
245	347	0	0
245	347	1	1
245	347	2	2
245	347	3	3
245	347	4	4
245	347	5	5
245	347	6	6
245	347	7	7
245	347	8	8
245	347	9	9
246	322	<epsilon>	"
246	335	.	<epsilon>
247	348	0	0
248	255	<epsilon>	"
249	256	<epsilon>	"
250	257	<space>	<epsilon>
251	349	0	0
251	349	1	1
251	349	2	2
251	349	3	3
251	349	4	4
251	349	5	5
251	349	6	6
251	349	7	7
251	349	8	8
251	349	9	9
252	322	<epsilon>	"
252	350	<space>	<epsilon>
253	351	0	0
253	351	1	1
253	351	2	2
253	351	3	3
253	351	4	4
253	351	5	5
253	351	6	6
253	351	7	7
253	351	8	8
253	351	9	9
254	352	,	<epsilon>
255	260	0	0
255	260	1	1
255	260	2	2
255	260	3	3
255	260	4	4
255	260	5	5
255	260	6	6
255	260	7	7
255	260	8	8
255	260	9	9
256	261	0	0
256	261	1	1
256	261	2	2
256	261	3	3
256	261	4	4
256	261	5	5
256	261	6	6
256	261	7	7
256	261	8	8
256	261	9	9
257	353	,	<epsilon>
258	322	<epsilon>	"
258	354	<space>	<epsilon>
259	332	<space>	<epsilon>
260	215	<epsilon>	"
260	260	0	0
260	260	1	1
260	260	2	2
260	260	3	3
260	260	4	4
260	260	5	5
260	260	6	6
260	260	7	7
260	260	8	8
260	260	9	9
261	215	<epsilon>	"
261	266	0	0
261	266	1	1
261	266	2	2
261	266	3	3
261	266	4	4
261	266	5	5
261	266	6	6
261	266	7	7
261	266	8	8
261	266	9	9
262	355	,	<epsilon>
263	337	0	0
263	337	1	1
263	337	2	2
263	337	3	3
263	337	4	4
263	337	5	5
263	337	6	6
263	337	7	7
263	337	8	8
263	337	9	9
264	356	0	0
264	356	1	1
264	356	2	2
264	356	3	3
264	356	4	4
264	356	5	5
264	356	6	6
264	356	7	7
264	356	8	8
264	356	9	9
265	357	0	0
265	357	1	1
265	357	2	2
265	357	3	3
265	357	4	4
265	357	5	5
265	357	6	6
265	357	7	7
265	357	8	8
265	357	9	9
266	215	<epsilon>	"
266	255	0	0
266	255	1	1
266	255	2	2
266	255	3	3
266	255	4	4
266	255	5	5
266	255	6	6
266	255	7	7
266	255	8	8
266	255	9	9
267	358	0	0
267	358	1	1
267	358	2	2
267	358	3	3
267	358	4	4
267	358	5	5
267	358	6	6
267	358	7	7
267	358	8	8
267	358	9	9
268	338	<space>	<epsilon>
269	359	0	0
269	359	1	1
269	359	2	2
269	359	3	3
269	359	4	4
269	359	5	5
269	359	6	6
269	359	7	7
269	359	8	8
269	359	9	9
270	278	0	0
270	278	1	1
270	278	2	2
270	278	3	3
270	278	4	4
270	278	5	5
270	278	6	6
270	278	7	7
270	278	8	8
270	278	9	9
271	103	<space>	x
271	104	*	x
271	104	x	x
271	105	<194>	x
271	106	<195>	x
272	104	<space>	x
272	107	1	x
273	104	<183>	x
274	104	<151>	x
275	279	0	x
276	108	<epsilon>	x
277	322	<epsilon>	"
277	257	<space>	<epsilon>
278	322	<epsilon>	"
278	352	,	<epsilon>
279	126	<space>	p
279	286	^	p
280	360	0	0
280	360	1	1
280	360	2	2
280	360	3	3
280	360	4	4
280	360	5	5
280	360	6	6
280	360	7	7
280	360	8	8
280	360	9	9
281	143	<space>	o
281	144	*	o
281	144	x	o
281	145	<194>	o
281	146	<195>	o
282	144	<space>	o
282	147	1	o
283	144	<183>	o
284	144	<151>	o
285	288	0	o
286	149	<epsilon>	o
286	148	<space>	o
287	149	<epsilon>	o
288	163	<space>	n
288	294	^	n
289	175	<space>	e
289	176	*	e
289	176	x	e
289	177	<194>	e
289	178	<195>	e
290	176	<space>	e
290	179	1	e
291	176	<183>	e
292	176	<151>	e
293	296	0	e
294	181	<epsilon>	e
294	180	<space>	e
295	181	<epsilon>	e
296	192	<space>	n
296	302	^	n
297	202	<space>	t
297	203	*	t
297	203	x	t
297	204	<194>	t
297	205	<195>	t
298	203	<space>	t
298	206	1	t
299	203	<183>	t
300	203	<151>	t
301	304	0	t
302	208	<epsilon>	t
302	207	<space>	t
303	208	<epsilon>	t
304	310	<space>	:
304	311	^	:
305	313	<space>	<space>
305	314	*	<space>
305	314	x	<space>
305	315	<194>	<space>
305	316	<195>	<space>
306	314	<space>	<space>
306	317	1	<space>
307	314	<183>	<space>
308	314	<151>	<space>
309	318	0	<space>
310	318	<space>	<space>
310	319	^	<space>
311	218	<epsilon>	<space>
311	319	<space>	<space>
312	218	<epsilon>	<space>
313	313	<space>	<epsilon>
313	314	*	<epsilon>
313	314	x	<epsilon>
313	315	<194>	<epsilon>
313	316	<195>	<epsilon>
314	314	<space>	<epsilon>
314	317	1	<epsilon>
315	314	<183>	<epsilon>
316	314	<151>	<epsilon>
317	318	0	<epsilon>
318	318	<space>	<epsilon>
318	319	^	<epsilon>
319	221	<epsilon>	"
319	319	<space>	<epsilon>
320	322	<epsilon>	"
321	322	<epsilon>	"
321	324	<space>	<epsilon>
321	228	,	<epsilon>
321	325	.	<epsilon>
321	227	0	0
321	323	1	1
321	323	2	2
321	323	3	3
321	323	4	4
321	323	5	5
321	323	6	6
321	323	7	7
321	323	8	8
321	323	9	9
322	60	<epsilon>	<space>
323	322	<epsilon>	"
323	324	<space>	<epsilon>
323	228	,	<epsilon>
323	325	.	<epsilon>
323	326	0	0
323	328	1	1
323	328	2	2
323	328	3	3
323	328	4	4
323	328	5	5
323	328	6	6
323	328	7	7
323	328	8	8
323	328	9	9
324	329	,	<epsilon>
324	232	.	<epsilon>
324	231	0	0
324	231	1	1
324	231	2	2
324	231	3	3
324	231	4	4
324	231	5	5
324	231	6	6
324	231	7	7
324	231	8	8
324	231	9	9
325	332	<space>	<epsilon>
325	233	0	0
325	233	1	1
325	233	2	2
325	233	3	3
325	233	4	4
325	233	5	5
325	233	6	6
325	233	7	7
325	233	8	8
325	233	9	9
326	322	<epsilon>	"
326	324	<space>	<epsilon>
326	228	,	<epsilon>
326	325	.	<epsilon>
326	333	0	0
326	334	1	1
326	334	2	2
326	334	3	3
326	334	4	4
326	334	5	5
326	334	6	6
326	334	7	7
326	334	8	8
326	334	9	9
327	322	<epsilon>	"
327	324	<space>	<epsilon>
327	228	,	<epsilon>
327	335	.	<epsilon>
327	334	0	0
327	334	1	1
327	334	2	2
327	334	3	3
327	334	4	4
327	334	5	5
327	334	6	6
327	334	7	7
327	334	8	8
327	334	9	9
328	322	<epsilon>	"
328	324	<space>	<epsilon>
328	228	,	<epsilon>
328	325	.	<epsilon>
328	333	0	0
328	333	1	1
328	333	2	2
328	333	3	3
328	333	4	4
328	333	5	5
328	333	6	6
328	333	7	7
328	333	8	8
328	333	9	9
329	237	<space>	<epsilon>
329	236	0	0
329	236	1	1
329	236	2	2
329	236	3	3
329	236	4	4
329	236	5	5
329	236	6	6
329	236	7	7
329	236	8	8
329	236	9	9
330	238	0	0
330	238	1	1
330	238	2	2
330	238	3	3
330	238	4	4
330	238	5	5
330	238	6	6
330	238	7	7
330	238	8	8
330	238	9	9
331	239	0	0
331	239	1	1
331	239	2	2
331	239	3	3
331	239	4	4
331	239	5	5
331	239	6	6
331	239	7	7
331	239	8	8
331	239	9	9
332	240	0	0
333	322	<epsilon>	"
333	341	<space>	<epsilon>
333	325	.	<epsilon>
333	340	0	0
333	340	1	1
333	340	2	2
333	340	3	3
333	340	4	4
333	340	5	5
333	340	6	6
333	340	7	7
333	340	8	8
333	340	9	9
334	322	<epsilon>	"
334	341	<space>	<epsilon>
334	335	.	<epsilon>
334	340	0	0
334	340	1	1
334	340	2	2
334	340	3	3
334	340	4	4
334	340	5	5
334	340	6	6
334	340	7	7
334	340	8	8
334	340	9	9
335	233	0	0
335	233	1	1
335	233	2	2
335	233	3	3
335	233	4	4
335	233	5	5
335	233	6	6
335	233	7	7
335	233	8	8
335	233	9	9
336	243	0	0
336	243	1	1
336	243	2	2
336	243	3	3
336	243	4	4
336	243	5	5
336	243	6	6
336	243	7	7
336	243	8	8
336	243	9	9
337	244	0	0
337	244	1	1
337	244	2	2
337	244	3	3
337	244	4	4
337	244	5	5
337	244	6	6
337	244	7	7
337	244	8	8
337	244	9	9
338	245	0	0
338	245	1	1
338	245	2	2
338	245	3	3
338	245	4	4
338	245	5	5
338	245	6	6
338	245	7	7
338	245	8	8
338	245	9	9
339	246	0	0
339	246	1	1
339	246	2	2
339	246	3	3
339	246	4	4
339	246	5	5
339	246	6	6
339	246	7	7
339	246	8	8
339	246	9	9
340	322	<epsilon>	"
340	340	0	0
340	340	1	1
340	340	2	2
340	340	3	3
340	340	4	4
340	340	5	5
340	340	6	6
340	340	7	7
340	340	8	8
340	340	9	9
341	232	.	<epsilon>
342	250	0	0
342	250	1	1
342	250	2	2
342	250	3	3
342	250	4	4
342	250	5	5
342	250	6	6
342	250	7	7
342	250	8	8
342	250	9	9
343	251	0	0
343	251	1	1
343	251	2	2
343	251	3	3
343	251	4	4
343	251	5	5
343	251	6	6
343	251	7	7
343	251	8	8
343	251	9	9
344	253	,	<epsilon>
345	254	0	0
345	254	1	1
345	254	2	2
345	254	3	3
345	254	4	4
345	254	5	5
345	254	6	6
345	254	7	7
345	254	8	8
345	254	9	9
346	231	0	0
346	231	1	1
346	231	2	2
346	231	3	3
346	231	4	4
346	231	5	5
346	231	6	6
346	231	7	7
346	231	8	8
346	231	9	9
347	258	0	0
347	258	1	1
347	258	2	2
347	258	3	3
347	258	4	4
347	258	5	5
347	258	6	6
347	258	7	7
347	258	8	8
347	258	9	9
348	322	<epsilon>	"
348	259	.	<epsilon>
349	262	<space>	<epsilon>
350	263	.	<epsilon>
351	264	0	0
351	264	1	1
351	264	2	2
351	264	3	3
351	264	4	4
351	264	5	5
351	264	6	6
351	264	7	7
351	264	8	8
351	264	9	9
352	265	<space>	<epsilon>
353	267	0	0
353	267	1	1
353	267	2	2
353	267	3	3
353	267	4	4
353	267	5	5
353	267	6	6
353	267	7	7
353	267	8	8
353	267	9	9
354	268	.	<epsilon>
355	269	<space>	<epsilon>
356	322	<epsilon>	"
356	253	,	<epsilon>
357	270	0	0
357	270	1	1
357	270	2	2
357	270	3	3
357	270	4	4
357	270	5	5
357	270	6	6
357	270	7	7
357	270	8	8
357	270	9	9
358	277	0	0
358	277	1	1
358	277	2	2
358	277	3	3
358	277	4	4
358	277	5	5
358	277	6	6
358	277	7	7
358	277	8	8
358	277	9	9
359	280	0	0
359	280	1	1
359	280	2	2
359	280	3	3
359	280	4	4
359	280	5	5
359	280	6	6
359	280	7	7
359	280	8	8
359	280	9	9
360	322	<epsilon>	"
360	262	<space>	<epsilon>
