0	1	<epsilon>	i
0	2	-	n
1	3	<epsilon>	n
2	4	<epsilon>	e
3	5	<epsilon>	t
4	6	<epsilon>	g
5	7	<epsilon>	e
6	8	<epsilon>	a
7	9	<epsilon>	g
8	10	<epsilon>	t
9	11	<epsilon>	e
10	12	<epsilon>	i
11	13	<epsilon>	r
12	14	<epsilon>	v
13	15	<epsilon>	_
14	16	<epsilon>	e
15	17	<epsilon>	p
16	18	<epsilon>	:
17	19	<epsilon>	a
18	20	<epsilon>	<space>
19	21	<epsilon>	r
20	22	<epsilon>	t
21	23	<epsilon>	t
22	24	<epsilon>	r
23	25	<epsilon>	:
24	26	<epsilon>	u
25	27	<epsilon>	<space>
26	28	<epsilon>	e
27	29	<epsilon>	"
28	30	<epsilon>	<space>
29	31	0	0
29	32	1	1
29	32	2	2
29	32	3	3
29	32	4	4
29	32	5	5
29	32	6	6
29	32	7	7
29	32	8	8
29	32	9	9
30	1	<epsilon>	i
31	33	<epsilon>	"
32	33	<epsilon>	"
32	34	<space>	<epsilon>
32	35	,	<epsilon>
32	36	0	0
32	37	1	1
32	37	2	2
32	37	3	3
32	37	4	4
32	37	5	5
32	37	6	6
32	37	7	7
32	37	8	8
32	37	9	9
33	38	<epsilon>	<space>
34	39	,	<epsilon>
34	40	0	0
34	40	1	1
34	40	2	2
34	40	3	3
34	40	4	4
34	40	5	5
34	40	6	6
34	40	7	7
34	40	8	8
34	40	9	9
35	41	<space>	<epsilon>
35	42	0	0
35	42	1	1
35	42	2	2
35	42	3	3
35	42	4	4
35	42	5	5
35	42	6	6
35	42	7	7
35	42	8	8
35	42	9	9
36	33	<epsilon>	"
36	34	<space>	<epsilon>
36	35	,	<epsilon>
36	43	0	0
36	44	1	1
36	44	2	2
36	44	3	3
36	44	4	4
36	44	5	5
36	44	6	6
36	44	7	7
36	44	8	8
36	44	9	9
37	33	<epsilon>	"
37	34	<space>	<epsilon>
37	35	,	<epsilon>
37	43	0	0
37	45	1	1
37	45	2	2
37	45	3	3
37	45	4	4
37	45	5	5
37	45	6	6
37	45	7	7
37	45	8	8
37	45	9	9
38	46	<space>	<space>
38	47	*	<space>
38	50	E	<space>
38	50	e	<space>
38	47	x	<space>
38	48	<194>	<space>
38	49	<195>	<space>
38
39	51	<space>	<epsilon>
39	52	0	0
39	52	1	1
39	52	2	2
39	52	3	3
39	52	4	4
39	52	5	5
39	52	6	6
39	52	7	7
39	52	8	8
39	52	9	9
40	53	0	0
40	53	1	1
40	53	2	2
40	53	3	3
40	53	4	4
40	53	5	5
40	53	6	6
40	53	7	7
40	53	8	8
40	53	9	9
41	54	0	0
42	55	0	0
42	55	1	1
42	55	2	2
42	55	3	3
42	55	4	4
42	55	5	5
42	55	6	6
42	55	7	7
42	55	8	8
42	55	9	9
43	33	<epsilon>	"
43	34	<space>	<epsilon>
43	35	,	<epsilon>
43	56	0	0
43	57	1	1
43	57	2	2
43	57	3	3
43	57	4	4
43	57	5	5
43	57	6	6
43	57	7	7
43	57	8	8
43	57	9	9
44	33	<epsilon>	"
44	34	<space>	<epsilon>
44	58	,	<epsilon>
44	57	0	0
44	57	1	1
44	57	2	2
44	57	3	3
44	57	4	4
44	57	5	5
44	57	6	6
44	57	7	7
44	57	8	8
44	57	9	9
45	33	<epsilon>	"
45	34	<space>	<epsilon>
45	35	,	<epsilon>
45	56	0	0
45	56	1	1
45	56	2	2
45	56	3	3
45	56	4	4
45	56	5	5
45	56	6	6
45	56	7	7
45	56	8	8
45	56	9	9
46	59	<space>	e
46	63	*	e
46	63	x	e
46	60	<194>	e
46	61	<195>	e
47	63	<space>	e
47	62	1	e
48	63	<183>	e
49	63	<151>	e
50	64	<epsilon>	e
51	65	0	0
51	65	1	1
51	65	2	2
51	65	3	3
51	65	4	4
51	65	5	5
51	65	6	6
51	65	7	7
51	65	8	8
51	65	9	9
52	66	0	0
52	66	1	1
52	66	2	2
52	66	3	3
52	66	4	4
52	66	5	5
52	66	6	6
52	66	7	7
52	66	8	8
52	66	9	9
53	67	0	0
53	67	1	1
53	67	2	2
53	67	3	3
53	67	4	4
53	67	5	5
53	67	6	6
53	67	7	7
53	67	8	8
53	67	9	9
54	68	0	0
55	69	0	0
55	69	1	1
55	69	2	2
55	69	3	3
55	69	4	4
55	69	5	5
55	69	6	6
55	69	7	7
55	69	8	8
55	69	9	9
56	33	<epsilon>	"
56	70	<space>	<epsilon>
56	35	,	<epsilon>
56	71	0	0
56	71	1	1
56	71	2	2
56	71	3	3
56	71	4	4
56	71	5	5
56	71	6	6
56	71	7	7
56	71	8	8
56	71	9	9
57	33	<epsilon>	"
57	70	<space>	<epsilon>
57	58	,	<epsilon>
57	71	0	0
57	71	1	1
57	71	2	2
57	71	3	3
57	71	4	4
57	71	5	5
57	71	6	6
57	71	7	7
57	71	8	8
57	71	9	9
58	42	0	0
58	42	1	1
58	42	2	2
58	42	3	3
58	42	4	4
58	42	5	5
58	42	6	6
58	42	7	7
58	42	8	8
58	42	9	9
59	72	<space>	x
59	76	*	x
59	76	x	x
59	73	<194>	x
59	74	<195>	x
60	76	<183>	x
61	76	<151>	x
62	77	0	x
63	76	<space>	x
63	75	1	x
64	78	<epsilon>	x
65	79	0	0
65	79	1	1
65	79	2	2
65	79	3	3
65	79	4	4
65	79	5	5
65	79	6	6
65	79	7	7
65	79	8	8
65	79	9	9
66	80	0	0
66	80	1	1
66	80	2	2
66	80	3	3
66	80	4	4
66	80	5	5
66	80	6	6
66	80	7	7
66	80	8	8
66	80	9	9
67	33	<epsilon>	"
67	81	<space>	<epsilon>
68	82	0	0
69	33	<epsilon>	"
69	58	,	<epsilon>
70	39	,	<epsilon>
71	33	<epsilon>	"
71	71	0	0
71	71	1	1
71	71	2	2
71	71	3	3
71	71	4	4
71	71	5	5
71	71	6	6
71	71	7	7
71	71	8	8
71	71	9	9
72	83	<space>	p
72	87	*	p
72	87	x	p
72	84	<194>	p
72	85	<195>	p
73	87	<183>	p
74	87	<151>	p
75	88	0	p
76	87	<space>	p
76	86	1	p
77	88	<space>	p
77	89	^	p
78	90	<epsilon>	p
79	91	0	0
79	91	1	1
79	91	2	2
79	91	3	3
79	91	4	4
79	91	5	5
79	91	6	6
79	91	7	7
79	91	8	8
79	91	9	9
80	33	<epsilon>	"
80	92	<space>	<epsilon>
81	40	0	0
81	40	1	1
81	40	2	2
81	40	3	3
81	40	4	4
81	40	5	5
81	40	6	6
81	40	7	7
81	40	8	8
81	40	9	9
82	33	<epsilon>	"
82	93	,	<epsilon>
83	94	<space>	o
83	98	*	o
83	98	x	o
83	95	<194>	o
83	96	<195>	o
84	98	<183>	o
85	98	<151>	o
86	99	0	o
87	98	<space>	o
87	97	1	o
88	99	<space>	o
88	100	^	o
89	101	<epsilon>	o
89	100	<space>	o
90	101	<epsilon>	o
91	33	<epsilon>	"
91	102	<space>	<epsilon>
92	103	,	<epsilon>
93	41	<space>	<epsilon>
94	104	<space>	n
94	108	*	n
94	108	x	n
94	105	<194>	n
94	106	<195>	n
95	108	<183>	n
96	108	<151>	n
97	109	0	n
98	108	<space>	n
98	107	1	n
99	109	<space>	n
99	110	^	n
100	111	<epsilon>	n
100	110	<space>	n
101	111	<epsilon>	n
102	112	,	<epsilon>
103	52	0	0
103	52	1	1
103	52	2	2
103	52	3	3
103	52	4	4
103	52	5	5
103	52	6	6
103	52	7	7
103	52	8	8
103	52	9	9
104	113	<space>	e
104	117	*	e
104	117	x	e
104	114	<194>	e
104	115	<195>	e
105	117	<183>	e
106	117	<151>	e
107	118	0	e
108	117	<space>	e
108	116	1	e
109	118	<space>	e
109	119	^	e
110	120	<epsilon>	e
110	119	<space>	e
111	120	<epsilon>	e
112	51	<space>	<epsilon>
113	121	<space>	n
113	125	*	n
113	125	x	n
113	122	<194>	n
113	123	<195>	n
114	125	<183>	n
115	125	<151>	n
116	126	0	n
117	125	<space>	n
117	124	1	n
118	126	<space>	n
118	127	^	n
119	128	<epsilon>	n
119	127	<space>	n
120	128	<epsilon>	n
121	129	<space>	t
121	133	*	t
121	133	x	t
121	130	<194>	t
121	131	<195>	t
122	133	<183>	t
123	133	<151>	t
124	134	0	t
125	133	<space>	t
125	132	1	t
126	134	<space>	t
126	135	^	t
127	136	<epsilon>	t
127	135	<space>	t
128	136	<epsilon>	t
129	137	<space>	:
129	141	*	:
129	141	x	:
129	138	<194>	:
129	139	<195>	:
130	141	<183>	:
131	141	<151>	:
132	142	0	:
133	141	<space>	:
133	140	1	:
134	142	<space>	:
134	143	^	:
135	144	<epsilon>	:
135	143	<space>	:
136	144	<epsilon>	:
137	145	<space>	<space>
137	149	*	<space>
137	149	x	<space>
137	146	<194>	<space>
137	147	<195>	<space>
138	149	<183>	<space>
139	149	<151>	<space>
140	150	0	<space>
141	149	<space>	<space>
141	148	1	<space>
142	150	<space>	<space>
142	151	^	<space>
143	152	<epsilon>	<space>
143	151	<space>	<space>
144	152	<epsilon>	<space>
145	145	<space>	<epsilon>
145	149	*	<epsilon>
145	149	x	<epsilon>
145	146	<194>	<epsilon>
145	147	<195>	<epsilon>
146	149	<183>	<epsilon>
147	149	<151>	<epsilon>
148	150	0	<epsilon>
149	149	<space>	<epsilon>
149	148	1	<epsilon>
150	150	<space>	<epsilon>
150	151	^	<epsilon>
151	153	<epsilon>	"
151	151	<space>	<epsilon>
152	153	<epsilon>	"
153	156	-	-
153	154	0	0
153	155	1	1
153	155	2	2
153	155	3	3
153	155	4	4
153	155	5	5
153	155	6	6
153	155	7	7
153	155	8	8
153	155	9	9
154	157	<epsilon>	"
155	157	<epsilon>	"
155	158	<space>	<epsilon>
155	159	,	<epsilon>
155	160	0	0
155	161	1	1
155	161	2	2
155	161	3	3
155	161	4	4
155	161	5	5
155	161	6	6
155	161	7	7
155	161	8	8
155	161	9	9
156	154	0	0
156	155	1	1
156	155	2	2
156	155	3	3
156	155	4	4
156	155	5	5
156	155	6	6
156	155	7	7
156	155	8	8
156	155	9	9
157
158	162	,	<epsilon>
158	163	0	0
158	163	1	1
158	163	2	2
158	163	3	3
158	163	4	4
158	163	5	5
158	163	6	6
158	163	7	7
158	163	8	8
158	163	9	9
159	164	<space>	<epsilon>
159	165	0	0
159	165	1	1
159	165	2	2
159	165	3	3
159	165	4	4
159	165	5	5
159	165	6	6
159	165	7	7
159	165	8	8
159	165	9	9
160	157	<epsilon>	"
160	158	<space>	<epsilon>
160	159	,	<epsilon>
160	166	0	0
160	167	1	1
160	167	2	2
160	167	3	3
160	167	4	4
160	167	5	5
160	167	6	6
160	167	7	7
160	167	8	8
160	167	9	9
161	157	<epsilon>	"
161	158	<space>	<epsilon>
161	159	,	<epsilon>
161	166	0	0
161	168	1	1
161	168	2	2
161	168	3	3
161	168	4	4
161	168	5	5
161	168	6	6
161	168	7	7
161	168	8	8
161	168	9	9
162	169	<space>	<epsilon>
162	170	0	0
162	170	1	1
162	170	2	2
162	170	3	3
162	170	4	4
162	170	5	5
162	170	6	6
162	170	7	7
162	170	8	8
162	170	9	9
163	171	0	0
163	171	1	1
163	171	2	2
163	171	3	3
163	171	4	4
163	171	5	5
163	171	6	6
163	171	7	7
163	171	8	8
163	171	9	9
164	172	0	0
165	173	0	0
165	173	1	1
165	173	2	2
165	173	3	3
165	173	4	4
165	173	5	5
165	173	6	6
165	173	7	7
165	173	8	8
165	173	9	9
166	157	<epsilon>	"
166	158	<space>	<epsilon>
166	159	,	<epsilon>
166	174	0	0
166	175	1	1
166	175	2	2
166	175	3	3
166	175	4	4
166	175	5	5
166	175	6	6
166	175	7	7
166	175	8	8
166	175	9	9
167	157	<epsilon>	"
167	158	<space>	<epsilon>
167	176	,	<epsilon>
167	175	0	0
167	175	1	1
167	175	2	2
167	175	3	3
167	175	4	4
167	175	5	5
167	175	6	6
167	175	7	7
167	175	8	8
167	175	9	9
168	157	<epsilon>	"
168	158	<space>	<epsilon>
168	159	,	<epsilon>
168	174	0	0
168	174	1	1
168	174	2	2
168	174	3	3
168	174	4	4
168	174	5	5
168	174	6	6
168	174	7	7
168	174	8	8
168	174	9	9
169	177	0	0
169	177	1	1
169	177	2	2
169	177	3	3
169	177	4	4
169	177	5	5
169	177	6	6
169	177	7	7
169	177	8	8
169	177	9	9
170	178	0	0
170	178	1	1
170	178	2	2
170	178	3	3
170	178	4	4
170	178	5	5
170	178	6	6
170	178	7	7
170	178	8	8
170	178	9	9
171	179	0	0
171	179	1	1
171	179	2	2
171	179	3	3
171	179	4	4
171	179	5	5
171	179	6	6
171	179	7	7
171	179	8	8
171	179	9	9
172	180	0	0
173	181	0	0
173	181	1	1
173	181	2	2
173	181	3	3
173	181	4	4
173	181	5	5
173	181	6	6
173	181	7	7
173	181	8	8
173	181	9	9
174	157	<epsilon>	"
174	182	<space>	<epsilon>
174	159	,	<epsilon>
174	183	0	0
174	183	1	1
174	183	2	2
174	183	3	3
174	183	4	4
174	183	5	5
174	183	6	6
174	183	7	7
174	183	8	8
174	183	9	9
175	157	<epsilon>	"
175	182	<space>	<epsilon>
175	176	,	<epsilon>
175	183	0	0
175	183	1	1
175	183	2	2
175	183	3	3
175	183	4	4
175	183	5	5
175	183	6	6
175	183	7	7
175	183	8	8
175	183	9	9
176	165	0	0
176	165	1	1
176	165	2	2
176	165	3	3
176	165	4	4
176	165	5	5
176	165	6	6
176	165	7	7
176	165	8	8
176	165	9	9
177	184	0	0
177	184	1	1
177	184	2	2
177	184	3	3
177	184	4	4
177	184	5	5
177	184	6	6
177	184	7	7
177	184	8	8
177	184	9	9
178	185	0	0
178	185	1	1
178	185	2	2
178	185	3	3
178	185	4	4
178	185	5	5
178	185	6	6
178	185	7	7
178	185	8	8
178	185	9	9
179	157	<epsilon>	"
179	186	<space>	<epsilon>
180	187	0	0
181	157	<epsilon>	"
181	176	,	<epsilon>
182	162	,	<epsilon>
183	157	<epsilon>	"
183	183	0	0
183	183	1	1
183	183	2	2
183	183	3	3
183	183	4	4
183	183	5	5
183	183	6	6
183	183	7	7
183	183	8	8
183	183	9	9
184	188	0	0
184	188	1	1
184	188	2	2
184	188	3	3
184	188	4	4
184	188	5	5
184	188	6	6
184	188	7	7
184	188	8	8
184	188	9	9
185	157	<epsilon>	"
185	189	<space>	<epsilon>
186	163	0	0
186	163	1	1
186	163	2	2
186	163	3	3
186	163	4	4
186	163	5	5
186	163	6	6
186	163	7	7
186	163	8	8
186	163	9	9
187	157	<epsilon>	"
187	190	,	<epsilon>
188	157	<epsilon>	"
188	191	<space>	<epsilon>
189	192	,	<epsilon>
190	164	<space>	<epsilon>
191	193	,	<epsilon>
192	170	0	0
192	170	1	1
192	170	2	2
192	170	3	3
192	170	4	4
192	170	5	5
192	170	6	6
192	170	7	7
192	170	8	8
192	170	9	9
193	169	<space>	<epsilon>
