0	1	<epsilon>	d
1	2	<epsilon>	e
2	3	<epsilon>	c
3	4	<epsilon>	i
4	5	<epsilon>	m
5	6	<epsilon>	a
6	7	<epsilon>	l
7	8	<epsilon>	<space>
8	9	<epsilon>	{
9	10	<epsilon>	<space>
10	11	<epsilon>	i
10	13	-	n
10	12	.	<epsilon>
11	14	<epsilon>	n
12	15	<epsilon>	f
13	16	<epsilon>	e
14	17	<epsilon>	t
15	18	<epsilon>	r
16	19	<epsilon>	g
17	20	<epsilon>	e
18	21	<epsilon>	a
19	22	<epsilon>	a
20	23	<epsilon>	g
21	24	<epsilon>	c
22	25	<epsilon>	t
23	26	<epsilon>	e
24	27	<epsilon>	t
25	28	<epsilon>	i
26	29	<epsilon>	r
27	30	<epsilon>	i
28	31	<epsilon>	v
29	32	<epsilon>	_
30	33	<epsilon>	o
31	34	<epsilon>	e
32	35	<epsilon>	p
33	36	<epsilon>	n
34	37	<epsilon>	:
35	38	<epsilon>	a
36	39	<epsilon>	a
37	40	<epsilon>	<space>
38	41	<epsilon>	r
39	42	<epsilon>	l
40	43	<epsilon>	t
41	44	<epsilon>	t
42	45	<epsilon>	_
43	46	<epsilon>	r
44	47	<epsilon>	:
45	48	<epsilon>	p
46	49	<epsilon>	u
47	50	<epsilon>	<space>
48	51	<epsilon>	a
49	52	<epsilon>	e
50	53	<epsilon>	"
51	54	<epsilon>	r
52	55	<epsilon>	<space>
53	56	0	0
53	57	1	1
53	57	2	2
53	57	3	3
53	57	4	4
53	57	5	5
53	57	6	6
53	57	7	7
53	57	8	8
53	57	9	9
54	58	<epsilon>	t
55	11	<epsilon>	i
55	12	.	<epsilon>
56	59	<epsilon>	"
57	59	<epsilon>	"
57	62	<space>	<epsilon>
57	63	,	<epsilon>
57	60	0	0
57	61	1	1
57	61	2	2
57	61	3	3
57	61	4	4
57	61	5	5
57	61	6	6
57	61	7	7
57	61	8	8
57	61	9	9
58	64	<epsilon>	:
59	65	<epsilon>	<space>
60	59	<epsilon>	"
60	62	<space>	<epsilon>
60	63	,	<epsilon>
60	66	0	0
60	67	1	1
60	67	2	2
60	67	3	3
60	67	4	4
60	67	5	5
60	67	6	6
60	67	7	7
60	67	8	8
60	67	9	9
61	59	<epsilon>	"
61	62	<space>	<epsilon>
61	63	,	<epsilon>
61	66	0	0
61	68	1	1
61	68	2	2
61	68	3	3
61	68	4	4
61	68	5	5
61	68	6	6
61	68	7	7
61	68	8	8
61	68	9	9
62	70	,	<epsilon>
62	69	0	0
62	69	1	1
62	69	2	2
62	69	3	3
62	69	4	4
62	69	5	5
62	69	6	6
62	69	7	7
62	69	8	8
62	69	9	9
63	72	<space>	<epsilon>
63	71	0	0
63	71	1	1
63	71	2	2
63	71	3	3
63	71	4	4
63	71	5	5
63	71	6	6
63	71	7	7
63	71	8	8
63	71	9	9
64	73	<epsilon>	<space>
65	74	<epsilon>	<space>
65	76	<epsilon>	q
65	123	<space>	<space>
65	124	*	<space>
65	75	.	<epsilon>
65	125	E	<space>
65	125	e	<space>
65	124	x	<space>
65	126	<194>	<space>
65	127	<195>	<space>
66	59	<epsilon>	"
66	62	<space>	<epsilon>
66	63	,	<epsilon>
66	77	0	0
66	78	1	1
66	78	2	2
66	78	3	3
66	78	4	4
66	78	5	5
66	78	6	6
66	78	7	7
66	78	8	8
66	78	9	9
67	59	<epsilon>	"
67	62	<space>	<epsilon>
67	79	,	<epsilon>
67	78	0	0
67	78	1	1
67	78	2	2
67	78	3	3
67	78	4	4
67	78	5	5
67	78	6	6
67	78	7	7
67	78	8	8
67	78	9	9
68	59	<epsilon>	"
68	62	<space>	<epsilon>
68	63	,	<epsilon>
68	77	0	0
68	77	1	1
68	77	2	2
68	77	3	3
68	77	4	4
68	77	5	5
68	77	6	6
68	77	7	7
68	77	8	8
68	77	9	9
69	80	0	0
69	80	1	1
69	80	2	2
69	80	3	3
69	80	4	4
69	80	5	5
69	80	6	6
69	80	7	7
69	80	8	8
69	80	9	9
70	82	<space>	<epsilon>
70	81	0	0
70	81	1	1
70	81	2	2
70	81	3	3
70	81	4	4
70	81	5	5
70	81	6	6
70	81	7	7
70	81	8	8
70	81	9	9
71	83	0	0
71	83	1	1
71	83	2	2
71	83	3	3
71	83	4	4
71	83	5	5
71	83	6	6
71	83	7	7
71	83	8	8
71	83	9	9
72	84	0	0
73	85	<epsilon>	"
74	86	<epsilon>	}
75	87	<epsilon>	f
76	88	<epsilon>	u
77	59	<epsilon>	"
77	96	<space>	<epsilon>
77	63	,	<epsilon>
77	95	0	0
77	95	1	1
77	95	2	2
77	95	3	3
77	95	4	4
77	95	5	5
77	95	6	6
77	95	7	7
77	95	8	8
77	95	9	9
78	59	<epsilon>	"
78	96	<space>	<epsilon>
78	79	,	<epsilon>
78	95	0	0
78	95	1	1
78	95	2	2
78	95	3	3
78	95	4	4
78	95	5	5
78	95	6	6
78	95	7	7
78	95	8	8
78	95	9	9
79	71	0	0
79	71	1	1
79	71	2	2
79	71	3	3
79	71	4	4
79	71	5	5
79	71	6	6
79	71	7	7
79	71	8	8
79	71	9	9
80	97	0	0
80	97	1	1
80	97	2	2
80	97	3	3
80	97	4	4
80	97	5	5
80	97	6	6
80	97	7	7
80	97	8	8
80	97	9	9
81	98	0	0
81	98	1	1
81	98	2	2
81	98	3	3
81	98	4	4
81	98	5	5
81	98	6	6
81	98	7	7
81	98	8	8
81	98	9	9
82	99	0	0
82	99	1	1
82	99	2	2
82	99	3	3
82	99	4	4
82	99	5	5
82	99	6	6
82	99	7	7
82	99	8	8
82	99	9	9
83	100	0	0
83	100	1	1
83	100	2	2
83	100	3	3
83	100	4	4
83	100	5	5
83	100	6	6
83	100	7	7
83	100	8	8
83	100	9	9
84	101	0	0
85	102	0	0
85	102	1	1
85	102	2	2
85	102	3	3
85	102	4	4
85	102	5	5
85	102	6	6
85	102	7	7
85	102	8	8
85	102	9	9
86
87	103	<epsilon>	r
88	104	<epsilon>	a
89	143	<space>	x
89	144	*	x
89	144	x	x
89	145	<194>	x
89	146	<195>	x
90	144	<space>	x
90	147	1	x
91	144	<183>	x
92	144	<151>	x
93	105	0	x
94	148	<epsilon>	x
95	59	<epsilon>	"
95	95	0	0
95	95	1	1
95	95	2	2
95	95	3	3
95	95	4	4
95	95	5	5
95	95	6	6
95	95	7	7
95	95	8	8
95	95	9	9
96	70	,	<epsilon>
97	59	<epsilon>	"
97	106	<space>	<epsilon>
98	107	0	0
98	107	1	1
98	107	2	2
98	107	3	3
98	107	4	4
98	107	5	5
98	107	6	6
98	107	7	7
98	107	8	8
98	107	9	9
99	108	0	0
99	108	1	1
99	108	2	2
99	108	3	3
99	108	4	4
99	108	5	5
99	108	6	6
99	108	7	7
99	108	8	8
99	108	9	9
100	59	<epsilon>	"
100	79	,	<epsilon>
101	109	0	0
102	110	<epsilon>	"
102	102	0	0
102	102	1	1
102	102	2	2
102	102	3	3
102	102	4	4
102	102	5	5
102	102	6	6
102	102	7	7
102	102	8	8
102	102	9	9
103	111	<epsilon>	a
104	112	<epsilon>	n
105	152	<space>	p
105	118	^	p
106	69	0	0
106	69	1	1
106	69	2	2
106	69	3	3
106	69	4	4
106	69	5	5
106	69	6	6
106	69	7	7
106	69	8	8
106	69	9	9
107	59	<epsilon>	"
107	120	<space>	<epsilon>
108	121	0	0
108	121	1	1
108	121	2	2
108	121	3	3
108	121	4	4
108	121	5	5
108	121	6	6
108	121	7	7
108	121	8	8
108	121	9	9
109	59	<epsilon>	"
109	122	,	<epsilon>
110	74	<epsilon>	<space>	20
110	123	<space>	<space>	20
110	124	*	<space>	20
110	125	E	<space>	20
110	125	e	<space>	20
110	124	x	<space>	20
110	126	<194>	<space>	20
110	127	<195>	<space>	20
111	128	<epsilon>	c
112	129	<epsilon>	t
113	162	<space>	o
113	163	*	o
113	163	x	o
113	164	<194>	o
113	165	<195>	o
114	163	<space>	o
114	166	1	o
115	163	<183>	o
116	163	<151>	o
117	130	0	o
118	168	<epsilon>	o
118	167	<space>	o
119	168	<epsilon>	o
120	131	,	<epsilon>
121	59	<epsilon>	"
121	132	<space>	<epsilon>
122	72	<space>	<epsilon>
123	89	<space>	e
123	90	*	e
123	90	x	e
123	91	<194>	e
123	92	<195>	e
124	90	<space>	e
124	93	1	e
125	94	<epsilon>	e
126	90	<183>	e
127	90	<151>	e
128	133	<epsilon>	t
129	134	<epsilon>	i
130	172	<space>	n
130	140	^	n
131	81	0	0
131	81	1	1
131	81	2	2
131	81	3	3
131	81	4	4
131	81	5	5
131	81	6	6
131	81	7	7
131	81	8	8
131	81	9	9
132	142	,	<epsilon>
133	149	<epsilon>	i
134	150	<epsilon>	t
135	184	<space>	e
135	185	*	e
135	185	x	e
135	186	<194>	e
135	187	<195>	e
136	185	<space>	e
136	188	1	e
137	185	<183>	e
138	185	<151>	e
139	151	0	e
140	190	<epsilon>	e
140	189	<space>	e
141	190	<epsilon>	e
142	82	<space>	<epsilon>
143	113	<space>	p
143	114	*	p
143	114	x	p
143	115	<194>	p
143	116	<195>	p
144	114	<space>	p
144	117	1	p
145	114	<183>	p
146	114	<151>	p
147	152	0	p
148	119	<epsilon>	p
149	153	<epsilon>	o
150	154	<epsilon>	y
151	200	<space>	n
151	160	^	n
152	130	<space>	o
152	167	^	o
153	169	<epsilon>	n
154	170	<epsilon>	:
155	206	<space>	t
155	207	*	t
155	207	x	t
155	208	<194>	t
155	209	<195>	t
156	207	<space>	t
156	210	1	t
157	207	<183>	t
158	207	<151>	t
159	171	0	t
160	212	<epsilon>	t
160	211	<space>	t
161	212	<epsilon>	t
162	135	<space>	n
162	136	*	n
162	136	x	n
162	137	<194>	n
162	138	<195>	n
163	136	<space>	n
163	139	1	n
164	136	<183>	n
165	136	<151>	n
166	172	0	n
167	141	<epsilon>	n
167	140	<space>	n
168	141	<epsilon>	n
169	173	<epsilon>	a
170	174	<epsilon>	<space>
170	175	<space>	<space>
171	181	<space>	:
171	182	^	:
172	151	<space>	e
172	189	^	e
173	191	<epsilon>	l
174	192	<epsilon>	"
175	192	<epsilon>	"
175	175	<space>	<epsilon>
176	193	<space>	<space>
176	194	*	<space>
176	194	x	<space>
176	195	<194>	<space>
176	196	<195>	<space>
177	194	<space>	<space>
177	197	1	<space>
178	194	<183>	<space>
179	194	<151>	<space>
180	198	0	<space>
181	198	<space>	<space>
181	199	^	<space>
182	226	<epsilon>	<space>
182	199	<space>	<space>
183	226	<epsilon>	<space>
184	155	<space>	n
184	156	*	n
184	156	x	n
184	157	<194>	n
184	158	<195>	n
185	156	<space>	n
185	159	1	n
186	156	<183>	n
187	156	<151>	n
188	200	0	n
189	161	<epsilon>	n
189	160	<space>	n
190	161	<epsilon>	n
191	201	<epsilon>	_
192	202	b	b
192	202	m	m
192	203	q	q
192	204	t	t
193	193	<space>	<epsilon>
193	194	*	<epsilon>
193	194	x	<epsilon>
193	195	<194>	<epsilon>
193	196	<195>	<epsilon>
194	194	<space>	<epsilon>
194	197	1	<epsilon>
195	194	<183>	<epsilon>
196	194	<151>	<epsilon>
197	198	0	<epsilon>
198	198	<space>	<epsilon>
198	199	^	<epsilon>
199	205	<epsilon>	"
199	199	<space>	<epsilon>
200	171	<space>	t
200	211	^	t
201	213	<epsilon>	p
202	214	i	i
203	215	u	u
204	216	h	h
204	202	r	r
205	218	-	-
205	217	0	0
205	240	1	1
205	240	2	2
205	240	3	3
205	240	4	4
205	240	5	5
205	240	6	6
205	240	7	7
205	240	8	8
205	240	9	9
206	176	<space>	:
206	177	*	:
206	177	x	:
206	178	<194>	:
206	179	<195>	:
207	177	<space>	:
207	180	1	:
208	177	<183>	:
209	177	<151>	:
210	181	0	:
211	183	<epsilon>	:
211	182	<space>	:
212	183	<epsilon>	:
213	219	<epsilon>	a
214	220	l	l
215	221	a	a
216	222	o	o
217	246	<epsilon>	"
218	217	0	0
218	240	1	1
218	240	2	2
218	240	3	3
218	240	4	4
218	240	5	5
218	240	6	6
218	240	7	7
218	240	8	8
218	240	9	9
219	227	<epsilon>	r
220	228	l	l
221	229	d	d
222	230	u	u
223	246	<epsilon>	"
223	224	<space>	<epsilon>
223	225	,	<epsilon>
223	253	0	0
223	254	1	1
223	254	2	2
223	254	3	3
223	254	4	4
223	254	5	5
223	254	6	6
223	254	7	7
223	254	8	8
223	254	9	9
224	257	,	<epsilon>
224	256	0	0
224	256	1	1
224	256	2	2
224	256	3	3
224	256	4	4
224	256	5	5
224	256	6	6
224	256	7	7
224	256	8	8
224	256	9	9
225	259	<space>	<epsilon>
225	258	0	0
225	258	1	1
225	258	2	2
225	258	3	3
225	258	4	4
225	258	5	5
225	258	6	6
225	258	7	7
225	258	8	8
225	258	9	9
226	205	<epsilon>	"
227	231	<epsilon>	t
228	232	i	i
229	202	r	r
230	233	s	s
231	241	<epsilon>	:
232	242	o	o
233	243	a	a
234	258	0	0
234	258	1	1
234	258	2	2
234	258	3	3
234	258	4	4
234	258	5	5
234	258	6	6
234	258	7	7
234	258	8	8
234	258	9	9
235	269	0	0
235	269	1	1
235	269	2	2
235	269	3	3
235	269	4	4
235	269	5	5
235	269	6	6
235	269	7	7
235	269	8	8
235	269	9	9
236	270	0	0
236	270	1	1
236	270	2	2
236	270	3	3
236	270	4	4
236	270	5	5
236	270	6	6
236	270	7	7
236	270	8	8
236	270	9	9
237	271	0	0
237	271	1	1
237	271	2	2
237	271	3	3
237	271	4	4
237	271	5	5
237	271	6	6
237	271	7	7
237	271	8	8
237	271	9	9
238	272	0	0
238	272	1	1
238	272	2	2
238	272	3	3
238	272	4	4
238	272	5	5
238	272	6	6
238	272	7	7
238	272	8	8
238	272	9	9
239	245	0	0
240	246	<epsilon>	"
240	224	<space>	<epsilon>
240	225	,	<epsilon>
240	223	0	0
240	247	1	1
240	247	2	2
240	247	3	3
240	247	4	4
240	247	5	5
240	247	6	6
240	247	7	7
240	247	8	8
240	247	9	9
241	248	<epsilon>	<space>
242	249	n	n
243	250	n	n
244	257	,	<epsilon>
245	275	0	0
246	74	<epsilon>	<space>
247	246	<epsilon>	"
247	224	<space>	<epsilon>
247	225	,	<epsilon>
247	253	0	0
247	255	1	1
247	255	2	2
247	255	3	3
247	255	4	4
247	255	5	5
247	255	6	6
247	255	7	7
247	255	8	8
247	255	9	9
248	260	<epsilon>	"
249	261	<epsilon>	"
250	249	d	d
251	256	0	0
251	256	1	1
251	256	2	2
251	256	3	3
251	256	4	4
251	256	5	5
251	256	6	6
251	256	7	7
251	256	8	8
251	256	9	9
252	276	0	0
252	276	1	1
252	276	2	2
252	276	3	3
252	276	4	4
252	276	5	5
252	276	6	6
252	276	7	7
252	276	8	8
252	276	9	9
253	246	<epsilon>	"
253	224	<space>	<epsilon>
253	225	,	<epsilon>
253	264	0	0
253	265	1	1
253	265	2	2
253	265	3	3
253	265	4	4
253	265	5	5
253	265	6	6
253	265	7	7
253	265	8	8
253	265	9	9
254	246	<epsilon>	"
254	224	<space>	<epsilon>
254	234	,	<epsilon>
254	265	0	0
254	265	1	1
254	265	2	2
254	265	3	3
254	265	4	4
254	265	5	5
254	265	6	6
254	265	7	7
254	265	8	8
254	265	9	9
255	246	<epsilon>	"
255	224	<space>	<epsilon>
255	225	,	<epsilon>
255	264	0	0
255	264	1	1
255	264	2	2
255	264	3	3
255	264	4	4
255	264	5	5
255	264	6	6
255	264	7	7
255	264	8	8
255	264	9	9
256	235	0	0
256	235	1	1
256	235	2	2
256	235	3	3
256	235	4	4
256	235	5	5
256	235	6	6
256	235	7	7
256	235	8	8
256	235	9	9
257	237	<space>	<epsilon>
257	236	0	0
257	236	1	1
257	236	2	2
257	236	3	3
257	236	4	4
257	236	5	5
257	236	6	6
257	236	7	7
257	236	8	8
257	236	9	9
258	238	0	0
258	238	1	1
258	238	2	2
258	238	3	3
258	238	4	4
258	238	5	5
258	238	6	6
258	238	7	7
258	238	8	8
258	238	9	9
259	239	0	0
260	266	0	0
260	266	1	1
260	266	2	2
260	266	3	3
260	266	4	4
260	266	5	5
260	266	6	6
260	266	7	7
260	266	8	8
260	266	9	9
261	74	<epsilon>	<space>
261	123	<space>	<space>
261	124	*	<space>
261	125	E	<space>
261	125	e	<space>
261	124	x	<space>
261	126	<194>	<space>
261	127	<195>	<space>
262	277	,	<epsilon>
263	259	<space>	<epsilon>
264	246	<epsilon>	"
264	244	<space>	<epsilon>
264	225	,	<epsilon>
264	268	0	0
264	268	1	1
264	268	2	2
264	268	3	3
264	268	4	4
264	268	5	5
264	268	6	6
264	268	7	7
264	268	8	8
264	268	9	9
265	246	<epsilon>	"
265	244	<space>	<epsilon>
265	234	,	<epsilon>
265	268	0	0
265	268	1	1
265	268	2	2
265	268	3	3
265	268	4	4
265	268	5	5
265	268	6	6
265	268	7	7
265	268	8	8
265	268	9	9
266	273	<epsilon>	"
266	266	0	0
266	266	1	1
266	266	2	2
266	266	3	3
266	266	4	4
266	266	5	5
266	266	6	6
266	266	7	7
266	266	8	8
266	266	9	9
267	278	,	<epsilon>
268	246	<epsilon>	"
268	268	0	0
268	268	1	1
268	268	2	2
268	268	3	3
268	268	4	4
268	268	5	5
268	268	6	6
268	268	7	7
268	268	8	8
268	268	9	9
269	246	<epsilon>	"
269	251	<space>	<epsilon>
270	274	0	0
270	274	1	1
270	274	2	2
270	274	3	3
270	274	4	4
270	274	5	5
270	274	6	6
270	274	7	7
270	274	8	8
270	274	9	9
271	252	0	0
271	252	1	1
271	252	2	2
271	252	3	3
271	252	4	4
271	252	5	5
271	252	6	6
271	252	7	7
271	252	8	8
271	252	9	9
272	246	<epsilon>	"
272	234	,	<epsilon>
273	74	<epsilon>	<space>
273	76	<epsilon>	q
273	123	<space>	<space>
273	124	*	<space>
273	125	E	<space>
273	125	e	<space>
273	124	x	<space>
273	126	<194>	<space>
273	127	<195>	<space>
274	246	<epsilon>	"
274	262	<space>	<epsilon>
275	246	<epsilon>	"
275	263	,	<epsilon>
276	246	<epsilon>	"
276	267	<space>	<epsilon>
277	236	0	0
277	236	1	1
277	236	2	2
277	236	3	3
277	236	4	4
277	236	5	5
277	236	6	6
277	236	7	7
277	236	8	8
277	236	9	9
278	237	<space>	<epsilon>
