0	1	<epsilon>	d
1	2	<epsilon>	e
2	3	<epsilon>	c
3	4	<epsilon>	i
4	5	<epsilon>	m
5	6	<epsilon>	a
6	7	<epsilon>	l
7	8	<epsilon>	<space>
8	9	<epsilon>	{
9	10	<epsilon>	<space>
10	11	<epsilon>	i
10	12	-	n
11	13	<epsilon>	n
12	14	<epsilon>	e
13	15	<epsilon>	t
14	16	<epsilon>	g
15	17	<epsilon>	e
16	18	<epsilon>	a
17	19	<epsilon>	g
18	20	<epsilon>	t
19	21	<epsilon>	e
20	22	<epsilon>	i
21	23	<epsilon>	r
22	24	<epsilon>	v
23	25	<epsilon>	_
24	26	<epsilon>	e
25	27	<epsilon>	p
26	28	<epsilon>	:
27	29	<epsilon>	a
28	30	<epsilon>	<space>
29	31	<epsilon>	r
30	32	<epsilon>	t
31	33	<epsilon>	t
32	34	<epsilon>	r
33	35	<epsilon>	:
34	36	<epsilon>	u
35	37	<epsilon>	<space>
36	38	<epsilon>	e
37	39	<epsilon>	"
38	40	<epsilon>	<space>
39	41	0	0
39	42	1	1
39	42	2	2
39	42	3	3
39	42	4	4
39	42	5	5
39	42	6	6
39	42	7	7
39	42	8	8
39	42	9	9
40	11	<epsilon>	i
41	43	<epsilon>	"
42	43	<epsilon>	"
42	46	<space>	<epsilon>
42	47	,	<epsilon>
42	48	.	<epsilon>
42	44	0	0
42	45	1	1
42	45	2	2
42	45	3	3
42	45	4	4
42	45	5	5
42	45	6	6
42	45	7	7
42	45	8	8
42	45	9	9
43	49	<epsilon>	<space>
44	43	<epsilon>	"
44	46	<space>	<epsilon>
44	47	,	<epsilon>
44	48	.	<epsilon>
44	50	0	0
44	51	1	1
44	51	2	2
44	51	3	3
44	51	4	4
44	51	5	5
44	51	6	6
44	51	7	7
44	51	8	8
44	51	9	9
45	43	<epsilon>	"
45	46	<space>	<epsilon>
45	47	,	<epsilon>
45	48	.	<epsilon>
45	50	0	0
45	52	1	1
45	52	2	2
45	52	3	3
45	52	4	4
45	52	5	5
45	52	6	6
45	52	7	7
45	52	8	8
45	52	9	9
46	54	,	<epsilon>
46	55	.	<epsilon>
46	53	0	0
46	53	1	1
46	53	2	2
46	53	3	3
46	53	4	4
46	53	5	5
46	53	6	6
46	53	7	7
46	53	8	8
46	53	9	9
47	57	<space>	<epsilon>
47	56	0	0
47	56	1	1
47	56	2	2
47	56	3	3
47	56	4	4
47	56	5	5
47	56	6	6
47	56	7	7
47	56	8	8
47	56	9	9
48	59	<space>	<epsilon>
48	58	0	0
48	58	1	1
48	58	2	2
48	58	3	3
48	58	4	4
48	58	5	5
48	58	6	6
48	58	7	7
48	58	8	8
48	58	9	9
49	60	<epsilon>	<space>
49	63	<space>	<space>
49	64	*	<space>
49	61	,	<epsilon>
49	62	.	<epsilon>
49	65	E	<space>
49	65	e	<space>
49	64	x	<space>
49	66	<194>	<space>
49	67	<195>	<space>
50	43	<epsilon>	"
50	46	<space>	<epsilon>
50	47	,	<epsilon>
50	48	.	<epsilon>
50	68	0	0
50	69	1	1
50	69	2	2
50	69	3	3
50	69	4	4
50	69	5	5
50	69	6	6
50	69	7	7
50	69	8	8
50	69	9	9
51	43	<epsilon>	"
51	46	<space>	<epsilon>
51	70	,	<epsilon>
51	71	.	<epsilon>
51	69	0	0
51	69	1	1
51	69	2	2
51	69	3	3
51	69	4	4
51	69	5	5
51	69	6	6
51	69	7	7
51	69	8	8
51	69	9	9
52	43	<epsilon>	"
52	46	<space>	<epsilon>
52	47	,	<epsilon>
52	48	.	<epsilon>
52	68	0	0
52	68	1	1
52	68	2	2
52	68	3	3
52	68	4	4
52	68	5	5
52	68	6	6
52	68	7	7
52	68	8	8
52	68	9	9
53	72	0	0
53	72	1	1
53	72	2	2
53	72	3	3
53	72	4	4
53	72	5	5
53	72	6	6
53	72	7	7
53	72	8	8
53	72	9	9
54	74	<space>	<epsilon>
54	73	0	0
54	73	1	1
54	73	2	2
54	73	3	3
54	73	4	4
54	73	5	5
54	73	6	6
54	73	7	7
54	73	8	8
54	73	9	9
55	76	<space>	<epsilon>
55	75	0	0
55	75	1	1
55	75	2	2
55	75	3	3
55	75	4	4
55	75	5	5
55	75	6	6
55	75	7	7
55	75	8	8
55	75	9	9
56	77	0	0
56	77	1	1
56	77	2	2
56	77	3	3
56	77	4	4
56	77	5	5
56	77	6	6
56	77	7	7
56	77	8	8
56	77	9	9
57	78	0	0
58	79	0	0
58	79	1	1
58	79	2	2
58	79	3	3
58	79	4	4
58	79	5	5
58	79	6	6
58	79	7	7
58	79	8	8
58	79	9	9
59	80	0	0
59	81	1	1
59	81	2	2
59	81	3	3
59	81	4	4
59	81	5	5
59	81	6	6
59	81	7	7
59	81	8	8
59	81	9	9
60	82	<epsilon>	}
61	83	<epsilon>	f
62	84	<epsilon>	f
63	273	<space>	e
63	274	*	e
63	274	x	e
63	275	<194>	e
63	276	<195>	e
64	274	<space>	e
64	277	1	e
65	278	<epsilon>	e
66	274	<183>	e
67	274	<151>	e
68	85	<epsilon>	"
68	87	<space>	<epsilon>
68	47	,	<epsilon>
68	88	.	<epsilon>
68	86	0	0
68	86	1	1
68	86	2	2
68	86	3	3
68	86	4	4
68	86	5	5
68	86	6	6
68	86	7	7
68	86	8	8
68	86	9	9
69	85	<epsilon>	"
69	87	<space>	<epsilon>
69	70	,	<epsilon>
69	89	.	<epsilon>
69	86	0	0
69	86	1	1
69	86	2	2
69	86	3	3
69	86	4	4
69	86	5	5
69	86	6	6
69	86	7	7
69	86	8	8
69	86	9	9
70	56	0	0
70	56	1	1
70	56	2	2
70	56	3	3
70	56	4	4
70	56	5	5
70	56	6	6
70	56	7	7
70	56	8	8
70	56	9	9
71	90	<space>	<epsilon>
71	58	0	0
71	58	1	1
71	58	2	2
71	58	3	3
71	58	4	4
71	58	5	5
71	58	6	6
71	58	7	7
71	58	8	8
71	58	9	9
72	91	0	0
72	91	1	1
72	91	2	2
72	91	3	3
72	91	4	4
72	91	5	5
72	91	6	6
72	91	7	7
72	91	8	8
72	91	9	9
73	92	0	0
73	92	1	1
73	92	2	2
73	92	3	3
73	92	4	4
73	92	5	5
73	92	6	6
73	92	7	7
73	92	8	8
73	92	9	9
74	93	0	0
74	93	1	1
74	93	2	2
74	93	3	3
74	93	4	4
74	93	5	5
74	93	6	6
74	93	7	7
74	93	8	8
74	93	9	9
75	94	0	0
75	94	1	1
75	94	2	2
75	94	3	3
75	94	4	4
75	94	5	5
75	94	6	6
75	94	7	7
75	94	8	8
75	94	9	9
76	95	0	0
76	95	1	1
76	95	2	2
76	95	3	3
76	95	4	4
76	95	5	5
76	95	6	6
76	95	7	7
76	95	8	8
76	95	9	9
77	96	0	0
77	96	1	1
77	96	2	2
77	96	3	3
77	96	4	4
77	96	5	5
77	96	6	6
77	96	7	7
77	96	8	8
77	96	9	9
78	97	0	0
79	98	0	0
79	98	1	1
79	98	2	2
79	98	3	3
79	98	4	4
79	98	5	5
79	98	6	6
79	98	7	7
79	98	8	8
79	98	9	9
80	99	0	0
80	100	1	1
80	100	2	2
80	100	3	3
80	100	4	4
80	100	5	5
80	100	6	6
80	100	7	7
80	100	8	8
80	100	9	9
81	100	0	0
81	100	1	1
81	100	2	2
81	100	3	3
81	100	4	4
81	100	5	5
81	100	6	6
81	100	7	7
81	100	8	8
81	100	9	9
82
83	101	<epsilon>	r
84	102	<epsilon>	r
85	109	<epsilon>	<space>
86	85	<epsilon>	"
86	86	0	0
86	86	1	1
86	86	2	2
86	86	3	3
86	86	4	4
86	86	5	5
86	86	6	6
86	86	7	7
86	86	8	8
86	86	9	9
87	54	,	<epsilon>
87	110	.	<epsilon>
88	112	<space>	<epsilon>
88	111	0	0
88	111	1	1
88	111	2	2
88	111	3	3
88	111	4	4
88	111	5	5
88	111	6	6
88	111	7	7
88	111	8	8
88	111	9	9
89	111	0	0
89	111	1	1
89	111	2	2
89	111	3	3
89	111	4	4
89	111	5	5
89	111	6	6
89	111	7	7
89	111	8	8
89	111	9	9
90	81	0	0
90	81	1	1
90	81	2	2
90	81	3	3
90	81	4	4
90	81	5	5
90	81	6	6
90	81	7	7
90	81	8	8
90	81	9	9
91	85	<epsilon>	"
91	113	<space>	<epsilon>
92	114	0	0
92	114	1	1
92	114	2	2
92	114	3	3
92	114	4	4
92	114	5	5
92	114	6	6
92	114	7	7
92	114	8	8
92	114	9	9
93	115	0	0
93	115	1	1
93	115	2	2
93	115	3	3
93	115	4	4
93	115	5	5
93	115	6	6
93	115	7	7
93	115	8	8
93	115	9	9
94	116	0	0
94	116	1	1
94	116	2	2
94	116	3	3
94	116	4	4
94	116	5	5
94	116	6	6
94	116	7	7
94	116	8	8
94	116	9	9
95	117	0	0
95	117	1	1
95	117	2	2
95	117	3	3
95	117	4	4
95	117	5	5
95	117	6	6
95	117	7	7
95	117	8	8
95	117	9	9
96	118	<epsilon>	"
96	70	,	<epsilon>
97	119	0	0
98	120	<epsilon>	"
98	121	.	<epsilon>
99	122	0	0
99	123	1	1
99	123	2	2
99	123	3	3
99	123	4	4
99	123	5	5
99	123	6	6
99	123	7	7
99	123	8	8
99	123	9	9
100	123	0	0
100	123	1	1
100	123	2	2
100	123	3	3
100	123	4	4
100	123	5	5
100	123	6	6
100	123	7	7
100	123	8	8
100	123	9	9
101	124	<epsilon>	a
102	125	<epsilon>	a
103	282	<space>	p
103	283	*	p
103	283	x	p
103	284	<194>	p
103	285	<195>	p
104	283	<space>	p
104	286	1	p
105	283	<183>	p
106	283	<151>	p
107	126	0	p
108	288	<epsilon>	p
109	60	<epsilon>	<space>
109	63	<space>	<space>
109	64	*	<space>
109	62	,	<epsilon>
109	62	.	<epsilon>
109	65	E	<space>
109	65	e	<space>
109	64	x	<space>
109	66	<194>	<space>
109	67	<195>	<space>
110	128	<space>	<epsilon>
110	127	0	0
110	127	1	1
110	127	2	2
110	127	3	3
110	127	4	4
110	127	5	5
110	127	6	6
110	127	7	7
110	127	8	8
110	127	9	9
111	129	0	0
111	129	1	1
111	129	2	2
111	129	3	3
111	129	4	4
111	129	5	5
111	129	6	6
111	129	7	7
111	129	8	8
111	129	9	9
112	130	0	0
113	53	0	0
113	53	1	1
113	53	2	2
113	53	3	3
113	53	4	4
113	53	5	5
113	53	6	6
113	53	7	7
113	53	8	8
113	53	9	9
114	118	<epsilon>	"
114	131	<space>	<epsilon>
115	132	0	0
115	132	1	1
115	132	2	2
115	132	3	3
115	132	4	4
115	132	5	5
115	132	6	6
115	132	7	7
115	132	8	8
115	132	9	9
116	120	<epsilon>	"
116	133	<space>	<epsilon>
117	134	0	0
117	134	1	1
117	134	2	2
117	134	3	3
117	134	4	4
117	134	5	5
117	134	6	6
117	134	7	7
117	134	8	8
117	134	9	9
118	135	<epsilon>	<space>
119	118	<epsilon>	"
119	136	,	<epsilon>
120	137	<epsilon>	<space>
121	138	0	0
121	138	1	1
121	138	2	2
121	138	3	3
121	138	4	4
121	138	5	5
121	138	6	6
121	138	7	7
121	138	8	8
121	138	9	9
122	120	<epsilon>	"
122	139	.	<epsilon>
123	140	.	<epsilon>
124	141	<epsilon>	c
125	142	<epsilon>	c
126	290	<space>	o
126	148	^	o
127	150	0	0
127	150	1	1
127	150	2	2
127	150	3	3
127	150	4	4
127	150	5	5
127	150	6	6
127	150	7	7
127	150	8	8
127	150	9	9
128	151	0	0
128	151	1	1
128	151	2	2
128	151	3	3
128	151	4	4
128	151	5	5
128	151	6	6
128	151	7	7
128	151	8	8
128	151	9	9
129	152	0	0
129	152	1	1
129	152	2	2
129	152	3	3
129	152	4	4
129	152	5	5
129	152	6	6
129	152	7	7
129	152	8	8
129	152	9	9
130	153	0	0
131	154	,	<epsilon>
132	118	<epsilon>	"
132	155	<space>	<epsilon>
133	156	.	<epsilon>
134	120	<epsilon>	"
134	157	<space>	<epsilon>
135	60	<epsilon>	<space>
135	63	<space>	<space>
135	64	*	<space>
135	62	.	<epsilon>
135	65	E	<space>
135	65	e	<space>
135	64	x	<space>
135	66	<194>	<space>
135	67	<195>	<space>
136	57	<space>	<epsilon>
137	62	,	<epsilon>
138	158	0	0
138	158	1	1
138	158	2	2
138	158	3	3
138	158	4	4
138	158	5	5
138	158	6	6
138	158	7	7
138	158	8	8
138	158	9	9
139	159	<space>	<epsilon>
140	160	<space>	<epsilon>
141	161	<epsilon>	t
142	162	<epsilon>	t
143	291	<space>	n
143	292	*	n
143	292	x	n
143	293	<194>	n
143	294	<195>	n
144	292	<space>	n
144	295	1	n
145	292	<183>	n
146	292	<151>	n
147	163	0	n
148	297	<epsilon>	n
148	296	<space>	n
149	297	<epsilon>	n
150	164	0	0
150	164	1	1
150	164	2	2
150	164	3	3
150	164	4	4
150	164	5	5
150	164	6	6
150	164	7	7
150	164	8	8
150	164	9	9
151	165	0	0
151	165	1	1
151	165	2	2
151	165	3	3
151	165	4	4
151	165	5	5
151	165	6	6
151	165	7	7
151	165	8	8
151	165	9	9
152	120	<epsilon>	"
152	89	.	<epsilon>
153	166	0	0
154	73	0	0
154	73	1	1
154	73	2	2
154	73	3	3
154	73	4	4
154	73	5	5
154	73	6	6
154	73	7	7
154	73	8	8
154	73	9	9
155	167	,	<epsilon>
156	168	0	0
156	168	1	1
156	168	2	2
156	168	3	3
156	168	4	4
156	168	5	5
156	168	6	6
156	168	7	7
156	168	8	8
156	168	9	9
157	169	.	<epsilon>
158	170	0	0
158	170	1	1
158	170	2	2
158	170	3	3
158	170	4	4
158	170	5	5
158	170	6	6
158	170	7	7
158	170	8	8
158	170	9	9
159	171	0	0
159	172	1	1
159	172	2	2
159	172	3	3
159	172	4	4
159	172	5	5
159	172	6	6
159	172	7	7
159	172	8	8
159	172	9	9
160	172	0	0
160	172	1	1
160	172	2	2
160	172	3	3
160	172	4	4
160	172	5	5
160	172	6	6
160	172	7	7
160	172	8	8
160	172	9	9
161	173	<epsilon>	i
162	174	<epsilon>	i
163	298	<space>	e
163	180	^	e
164	120	<epsilon>	"
164	182	<space>	<epsilon>
165	183	0	0
165	183	1	1
165	183	2	2
165	183	3	3
165	183	4	4
165	183	5	5
165	183	6	6
165	183	7	7
165	183	8	8
165	183	9	9
166	120	<epsilon>	"
166	184	.	<epsilon>
167	74	<space>	<epsilon>
168	185	0	0
168	185	1	1
168	185	2	2
168	185	3	3
168	185	4	4
168	185	5	5
168	185	6	6
168	185	7	7
168	185	8	8
168	185	9	9
169	186	<space>	<epsilon>
170	187	<epsilon>	"
170	121	.	<epsilon>
171	188	0	0
171	189	1	1
171	189	2	2
171	189	3	3
171	189	4	4
171	189	5	5
171	189	6	6
171	189	7	7
171	189	8	8
171	189	9	9
172	189	0	0
172	189	1	1
172	189	2	2
172	189	3	3
172	189	4	4
172	189	5	5
172	189	6	6
172	189	7	7
172	189	8	8
172	189	9	9
173	190	<epsilon>	o
174	191	<epsilon>	o
175	299	<space>	n
175	300	*	n
175	300	x	n
175	301	<194>	n
175	302	<195>	n
176	300	<space>	n
176	303	1	n
177	300	<183>	n
178	300	<151>	n
179	192	0	n
180	305	<epsilon>	n
180	304	<space>	n
181	305	<epsilon>	n
182	193	.	<epsilon>
183	120	<epsilon>	"
183	194	<space>	<epsilon>
184	112	<space>	<epsilon>
185	195	0	0
185	195	1	1
185	195	2	2
185	195	3	3
185	195	4	4
185	195	5	5
185	195	6	6
185	195	7	7
185	195	8	8
185	195	9	9
186	196	0	0
186	196	1	1
186	196	2	2
186	196	3	3
186	196	4	4
186	196	5	5
186	196	6	6
186	196	7	7
186	196	8	8
186	196	9	9
187	197	<epsilon>	<space>
188	198	0	0
188	199	1	1
188	199	2	2
188	199	3	3
188	199	4	4
188	199	5	5
188	199	6	6
188	199	7	7
188	199	8	8
188	199	9	9
189	199	0	0
189	199	1	1
189	199	2	2
189	199	3	3
189	199	4	4
189	199	5	5
189	199	6	6
189	199	7	7
189	199	8	8
189	199	9	9
190	200	<epsilon>	n
191	201	<epsilon>	n
192	306	<space>	t
192	207	^	t
193	127	0	0
193	127	1	1
193	127	2	2
193	127	3	3
193	127	4	4
193	127	5	5
193	127	6	6
193	127	7	7
193	127	8	8
193	127	9	9
194	209	.	<epsilon>
195	187	<epsilon>	"
195	133	<space>	<epsilon>
196	210	0	0
196	210	1	1
196	210	2	2
196	210	3	3
196	210	4	4
196	210	5	5
196	210	6	6
196	210	7	7
196	210	8	8
196	210	9	9
197	60	<epsilon>	<space>
197	63	<space>	<space>
197	64	*	<space>
197	62	,	<epsilon>
197	65	E	<space>
197	65	e	<space>
197	64	x	<space>
197	66	<194>	<space>
197	67	<195>	<space>
198	187	<epsilon>	"
198	139	.	<epsilon>
199	211	<epsilon>	"
199	140	.	<epsilon>
200	212	<epsilon>	a
201	213	<epsilon>	a
202	307	<space>	:
202	308	*	:
202	308	x	:
202	309	<194>	:
202	310	<195>	:
203	308	<space>	:
203	311	1	:
204	308	<183>	:
205	308	<151>	:
206	312	0	:
207	314	<epsilon>	:
207	313	<space>	:
208	314	<epsilon>	:
209	128	<space>	<epsilon>
210	214	0	0
210	214	1	1
210	214	2	2
210	214	3	3
210	214	4	4
210	214	5	5
210	214	6	6
210	214	7	7
210	214	8	8
210	214	9	9
211	215	<epsilon>	<space>
212	216	<epsilon>	l
213	217	<epsilon>	l
214	187	<epsilon>	"
214	157	<space>	<epsilon>
215	60	<epsilon>	<space>
215	63	<space>	<space>
215	64	*	<space>
215	65	E	<space>
215	65	e	<space>
215	64	x	<space>
215	66	<194>	<space>
215	67	<195>	<space>
216	219	<epsilon>	_
217	220	<epsilon>	_
218	221	<epsilon>	"
219	222	<epsilon>	p
220	223	<epsilon>	p
221	224	-	-
221	322	0	0
221	323	1	1
221	323	2	2
221	323	3	3
221	323	4	4
221	323	5	5
221	323	6	6
221	323	7	7
221	323	8	8
221	323	9	9
222	225	<epsilon>	a
223	226	<epsilon>	a
224	322	0	0
224	323	1	1
224	323	2	2
224	323	3	3
224	323	4	4
224	323	5	5
224	323	6	6
224	323	7	7
224	323	8	8
224	323	9	9
225	229	<epsilon>	r
226	230	<epsilon>	r
227	324	<epsilon>	"
227	228	<space>	<epsilon>
227	326	,	<epsilon>
227	327	.	<epsilon>
227	328	0	0
227	329	1	1
227	329	2	2
227	329	3	3
227	329	4	4
227	329	5	5
227	329	6	6
227	329	7	7
227	329	8	8
227	329	9	9
228	231	,	<epsilon>
228	232	.	<epsilon>
228	331	0	0
228	331	1	1
228	331	2	2
228	331	3	3
228	331	4	4
228	331	5	5
228	331	6	6
228	331	7	7
228	331	8	8
228	331	9	9
229	236	<epsilon>	t
230	237	<epsilon>	t
231	335	<space>	<epsilon>
231	334	0	0
231	334	1	1
231	334	2	2
231	334	3	3
231	334	4	4
231	334	5	5
231	334	6	6
231	334	7	7
231	334	8	8
231	334	9	9
232	336	<space>	<epsilon>
232	241	0	0
232	241	1	1
232	241	2	2
232	241	3	3
232	241	4	4
232	241	5	5
232	241	6	6
232	241	7	7
232	241	8	8
232	241	9	9
233	337	0	0
233	337	1	1
233	337	2	2
233	337	3	3
233	337	4	4
233	337	5	5
233	337	6	6
233	337	7	7
233	337	8	8
233	337	9	9
234	338	0	0
234	338	1	1
234	338	2	2
234	338	3	3
234	338	4	4
234	338	5	5
234	338	6	6
234	338	7	7
234	338	8	8
234	338	9	9
235	339	0	0
235	339	1	1
235	339	2	2
235	339	3	3
235	339	4	4
235	339	5	5
235	339	6	6
235	339	7	7
235	339	8	8
235	339	9	9
236	243	<epsilon>	:
237	244	<epsilon>	:
238	324	<epsilon>	"
238	341	<space>	<epsilon>
238	326	,	<epsilon>
238	340	0	0
238	340	1	1
238	340	2	2
238	340	3	3
238	340	4	4
238	340	5	5
238	340	6	6
238	340	7	7
238	340	8	8
238	340	9	9
239	324	<epsilon>	"
239	341	<space>	<epsilon>
239	333	,	<epsilon>
239	340	0	0
239	340	1	1
239	340	2	2
239	340	3	3
239	340	4	4
239	340	5	5
239	340	6	6
239	340	7	7
239	340	8	8
239	340	9	9
240	342	0	0
240	342	1	1
240	342	2	2
240	342	3	3
240	342	4	4
240	342	5	5
240	342	6	6
240	342	7	7
240	342	8	8
240	342	9	9
241	344	0	0
241	344	1	1
241	344	2	2
241	344	3	3
241	344	4	4
241	344	5	5
241	344	6	6
241	344	7	7
241	344	8	8
241	344	9	9
242	248	0	0
243	251	<epsilon>	<space>
244	252	<epsilon>	<space>
245	254	0	0
245	254	1	1
245	254	2	2
245	254	3	3
245	254	4	4
245	254	5	5
245	254	6	6
245	254	7	7
245	254	8	8
245	254	9	9
246	345	0	0
246	345	1	1
246	345	2	2
246	345	3	3
246	345	4	4
246	345	5	5
246	345	6	6
246	345	7	7
246	345	8	8
246	345	9	9
247	324	<epsilon>	"
247	333	,	<epsilon>
248	346	0	0
249	347	.	<epsilon>
250	348	0	0
250	348	1	1
250	348	2	2
250	348	3	3
250	348	4	4
250	348	5	5
250	348	6	6
250	348	7	7
250	348	8	8
250	348	9	9
251	257	<epsilon>	"
252	258	<epsilon>	"
253	331	0	0
253	331	1	1
253	331	2	2
253	331	3	3
253	331	4	4
253	331	5	5
253	331	6	6
253	331	7	7
253	331	8	8
253	331	9	9
254	324	<epsilon>	"
254	349	<space>	<epsilon>
255	350	0	0
255	350	1	1
255	350	2	2
255	350	3	3
255	350	4	4
255	350	5	5
255	350	6	6
255	350	7	7
255	350	8	8
255	350	9	9
256	259	<space>	<epsilon>
257	264	0	0
257	264	1	1
257	264	2	2
257	264	3	3
257	264	4	4
257	264	5	5
257	264	6	6
257	264	7	7
257	264	8	8
257	264	9	9
258	265	0	0
258	265	1	1
258	265	2	2
258	265	3	3
258	265	4	4
258	265	5	5
258	265	6	6
258	265	7	7
258	265	8	8
258	265	9	9
259	351	.	<epsilon>
260	352	<space>	<epsilon>
261	332	<space>	<epsilon>
262	353	0	0
262	353	1	1
262	353	2	2
262	353	3	3
262	353	4	4
262	353	5	5
262	353	6	6
262	353	7	7
262	353	8	8
262	353	9	9
263	354	<space>	<epsilon>
264	215	<epsilon>	"
264	268	0	0
264	268	1	1
264	268	2	2
264	268	3	3
264	268	4	4
264	268	5	5
264	268	6	6
264	268	7	7
264	268	8	8
264	268	9	9
265	215	<epsilon>	"
265	265	0	0
265	265	1	1
265	265	2	2
265	265	3	3
265	265	4	4
265	265	5	5
265	265	6	6
265	265	7	7
265	265	8	8
265	265	9	9
266	334	0	0
266	334	1	1
266	334	2	2
266	334	3	3
266	334	4	4
266	334	5	5
266	334	6	6
266	334	7	7
266	334	8	8
266	334	9	9
267	355	,	<epsilon>
268	215	<epsilon>	"
268	258	0	0
268	258	1	1
268	258	2	2
268	258	3	3
268	258	4	4
268	258	5	5
268	258	6	6
268	258	7	7
268	258	8	8
268	258	9	9
269	356	0	0
269	356	1	1
269	356	2	2
269	356	3	3
269	356	4	4
269	356	5	5
269	356	6	6
269	356	7	7
269	356	8	8
269	356	9	9
270	357	<space>	<epsilon>
271	324	<epsilon>	"
271	347	.	<epsilon>
272	358	0	0
272	358	1	1
272	358	2	2
272	358	3	3
272	358	4	4
272	358	5	5
272	358	6	6
272	358	7	7
272	358	8	8
272	358	9	9
273	103	<space>	x
273	104	*	x
273	104	x	x
273	105	<194>	x
273	106	<195>	x
274	104	<space>	x
274	107	1	x
275	104	<183>	x
276	104	<151>	x
277	281	0	x
278	108	<epsilon>	x
279	324	<epsilon>	"
279	259	<space>	<epsilon>
280	360	0	0
280	360	1	1
280	360	2	2
280	360	3	3
280	360	4	4
280	360	5	5
280	360	6	6
280	360	7	7
280	360	8	8
280	360	9	9
281	126	<space>	p
281	287	^	p
282	143	<space>	o
282	144	*	o
282	144	x	o
282	145	<194>	o
282	146	<195>	o
283	144	<space>	o
283	147	1	o
284	144	<183>	o
285	144	<151>	o
286	290	0	o
287	149	<epsilon>	o
287	148	<space>	o
288	149	<epsilon>	o
289	324	<epsilon>	"
289	352	<space>	<epsilon>
290	163	<space>	n
290	296	^	n
291	175	<space>	e
291	176	*	e
291	176	x	e
291	177	<194>	e
291	178	<195>	e
292	176	<space>	e
292	179	1	e
293	176	<183>	e
294	176	<151>	e
295	298	0	e
296	181	<epsilon>	e
296	180	<space>	e
297	181	<epsilon>	e
298	192	<space>	n
298	304	^	n
299	202	<space>	t
299	203	*	t
299	203	x	t
299	204	<194>	t
299	205	<195>	t
300	203	<space>	t
300	206	1	t
301	203	<183>	t
302	203	<151>	t
303	306	0	t
304	208	<epsilon>	t
304	207	<space>	t
305	208	<epsilon>	t
306	312	<space>	:
306	313	^	:
307	315	<space>	<space>
307	316	*	<space>
307	316	x	<space>
307	317	<194>	<space>
307	318	<195>	<space>
308	316	<space>	<space>
308	319	1	<space>
309	316	<183>	<space>
310	316	<151>	<space>
311	320	0	<space>
312	320	<space>	<space>
312	321	^	<space>
313	218	<epsilon>	<space>
313	321	<space>	<space>
314	218	<epsilon>	<space>
315	315	<space>	<epsilon>
315	316	*	<epsilon>
315	316	x	<epsilon>
315	317	<194>	<epsilon>
315	318	<195>	<epsilon>
316	316	<space>	<epsilon>
316	319	1	<epsilon>
317	316	<183>	<epsilon>
318	316	<151>	<epsilon>
319	320	0	<epsilon>
320	320	<space>	<epsilon>
320	321	^	<epsilon>
321	221	<epsilon>	"
321	321	<space>	<epsilon>
322	324	<epsilon>	"
323	324	<epsilon>	"
323	228	<space>	<epsilon>
323	326	,	<epsilon>
323	327	.	<epsilon>
323	227	0	0
323	325	1	1
323	325	2	2
323	325	3	3
323	325	4	4
323	325	5	5
323	325	6	6
323	325	7	7
323	325	8	8
323	325	9	9
324	60	<epsilon>	<space>
325	324	<epsilon>	"
325	228	<space>	<epsilon>
325	326	,	<epsilon>
325	327	.	<epsilon>
325	328	0	0
325	330	1	1
325	330	2	2
325	330	3	3
325	330	4	4
325	330	5	5
325	330	6	6
325	330	7	7
325	330	8	8
325	330	9	9
326	332	<space>	<epsilon>
326	233	0	0
326	233	1	1
326	233	2	2
326	233	3	3
326	233	4	4
326	233	5	5
326	233	6	6
326	233	7	7
326	233	8	8
326	233	9	9
327	235	<space>	<epsilon>
327	234	0	0
327	234	1	1
327	234	2	2
327	234	3	3
327	234	4	4
327	234	5	5
327	234	6	6
327	234	7	7
327	234	8	8
327	234	9	9
328	324	<epsilon>	"
328	228	<space>	<epsilon>
328	326	,	<epsilon>
328	327	.	<epsilon>
328	238	0	0
328	239	1	1
328	239	2	2
328	239	3	3
328	239	4	4
328	239	5	5
328	239	6	6
328	239	7	7
328	239	8	8
328	239	9	9
329	324	<epsilon>	"
329	228	<space>	<epsilon>
329	333	,	<epsilon>
329	327	.	<epsilon>
329	239	0	0
329	239	1	1
329	239	2	2
329	239	3	3
329	239	4	4
329	239	5	5
329	239	6	6
329	239	7	7
329	239	8	8
329	239	9	9
330	324	<epsilon>	"
330	228	<space>	<epsilon>
330	326	,	<epsilon>
330	327	.	<epsilon>
330	238	0	0
330	238	1	1
330	238	2	2
330	238	3	3
330	238	4	4
330	238	5	5
330	238	6	6
330	238	7	7
330	238	8	8
330	238	9	9
331	240	0	0
331	240	1	1
331	240	2	2
331	240	3	3
331	240	4	4
331	240	5	5
331	240	6	6
331	240	7	7
331	240	8	8
331	240	9	9
332	242	0	0
333	233	0	0
333	233	1	1
333	233	2	2
333	233	3	3
333	233	4	4
333	233	5	5
333	233	6	6
333	233	7	7
333	233	8	8
333	233	9	9
334	245	0	0
334	245	1	1
334	245	2	2
334	245	3	3
334	245	4	4
334	245	5	5
334	245	6	6
334	245	7	7
334	245	8	8
334	245	9	9
335	343	0	0
335	343	1	1
335	343	2	2
335	343	3	3
335	343	4	4
335	343	5	5
335	343	6	6
335	343	7	7
335	343	8	8
335	343	9	9
336	246	0	0
336	246	1	1
336	246	2	2
336	246	3	3
336	246	4	4
336	246	5	5
336	246	6	6
336	246	7	7
336	246	8	8
336	246	9	9
337	247	0	0
337	247	1	1
337	247	2	2
337	247	3	3
337	247	4	4
337	247	5	5
337	247	6	6
337	247	7	7
337	247	8	8
337	247	9	9
338	249	0	0
338	249	1	1
338	249	2	2
338	249	3	3
338	249	4	4
338	249	5	5
338	249	6	6
338	249	7	7
338	249	8	8
338	249	9	9
339	250	0	0
339	250	1	1
339	250	2	2
339	250	3	3
339	250	4	4
339	250	5	5
339	250	6	6
339	250	7	7
339	250	8	8
339	250	9	9
340	324	<epsilon>	"
340	340	0	0
340	340	1	1
340	340	2	2
340	340	3	3
340	340	4	4
340	340	5	5
340	340	6	6
340	340	7	7
340	340	8	8
340	340	9	9
341	231	,	<epsilon>
342	324	<epsilon>	"
342	253	<space>	<epsilon>
343	255	0	0
343	255	1	1
343	255	2	2
343	255	3	3
343	255	4	4
343	255	5	5
343	255	6	6
343	255	7	7
343	255	8	8
343	255	9	9
344	256	0	0
344	256	1	1
344	256	2	2
344	256	3	3
344	256	4	4
344	256	5	5
344	256	6	6
344	256	7	7
344	256	8	8
344	256	9	9
345	260	0	0
345	260	1	1
345	260	2	2
345	260	3	3
345	260	4	4
345	260	5	5
345	260	6	6
345	260	7	7
345	260	8	8
345	260	9	9
346	324	<epsilon>	"
346	261	,	<epsilon>
347	262	0	0
347	262	1	1
347	262	2	2
347	262	3	3
347	262	4	4
347	262	5	5
347	262	6	6
347	262	7	7
347	262	8	8
347	262	9	9
348	263	.	<epsilon>
349	266	,	<epsilon>
350	324	<epsilon>	"
350	267	<space>	<epsilon>
351	269	0	0
351	269	1	1
351	269	2	2
351	269	3	3
351	269	4	4
351	269	5	5
351	269	6	6
351	269	7	7
351	269	8	8
351	269	9	9
352	270	.	<epsilon>
353	271	0	0
353	271	1	1
353	271	2	2
353	271	3	3
353	271	4	4
353	271	5	5
353	271	6	6
353	271	7	7
353	271	8	8
353	271	9	9
354	272	0	0
354	272	1	1
354	272	2	2
354	272	3	3
354	272	4	4
354	272	5	5
354	272	6	6
354	272	7	7
354	272	8	8
354	272	9	9
355	335	<space>	<epsilon>
356	279	0	0
356	279	1	1
356	279	2	2
356	279	3	3
356	279	4	4
356	279	5	5
356	279	6	6
356	279	7	7
356	279	8	8
356	279	9	9
357	280	0	0
357	280	1	1
357	280	2	2
357	280	3	3
357	280	4	4
357	280	5	5
357	280	6	6
357	280	7	7
357	280	8	8
357	280	9	9
358	359	0	0
358	359	1	1
358	359	2	2
358	359	3	3
358	359	4	4
358	359	5	5
358	359	6	6
358	359	7	7
358	359	8	8
358	359	9	9
359	324	<epsilon>	"
359	263	.	<epsilon>
360	289	0	0
360	289	1	1
360	289	2	2
360	289	3	3
360	289	4	4
360	289	5	5
360	289	6	6
360	289	7	7
360	289	8	8
360	289	9	9
