0	1	<epsilon>	c
1	2	<epsilon>	a
2	3	<epsilon>	r
3	4	<epsilon>	d
4	5	<epsilon>	i
5	6	<epsilon>	n
6	7	<epsilon>	a
7	8	<epsilon>	l
8	9	<epsilon>	<space>
9	10	<epsilon>	{
10	11	<epsilon>	<space>
11	12	<epsilon>	i
12	13	<epsilon>	n
13	14	<epsilon>	t
14	15	<epsilon>	e
15	16	<epsilon>	g
16	17	<epsilon>	e
17	18	<epsilon>	r
18	19	<epsilon>	:
19	20	<epsilon>	<space>
20	21	<epsilon>	"
21	22	-	-
21	23	0	0
21	24	1	1
21	24	2	2
21	24	3	3
21	24	4	4
21	24	5	5
21	24	6	6
21	24	7	7
21	24	8	8
21	24	9	9
22	23	0	0
22	24	1	1
22	24	2	2
22	24	3	3
22	24	4	4
22	24	5	5
22	24	6	6
22	24	7	7
22	24	8	8
22	24	9	9
23	25	<epsilon>	"
24	25	<epsilon>	"
24	28	<space>	<epsilon>
24	29	.	<epsilon>
24	26	0	0
24	27	1	1
24	27	2	2
24	27	3	3
24	27	4	4
24	27	5	5
24	27	6	6
24	27	7	7
24	27	8	8
24	27	9	9
25	30	<epsilon>	<space>
26	25	<epsilon>	"
26	28	<space>	<epsilon>
26	29	.	<epsilon>
26	31	0	0
26	32	1	1
26	32	2	2
26	32	3	3
26	32	4	4
26	32	5	5
26	32	6	6
26	32	7	7
26	32	8	8
26	32	9	9
27	25	<epsilon>	"
27	28	<space>	<epsilon>
27	29	.	<epsilon>
27	31	0	0
27	33	1	1
27	33	2	2
27	33	3	3
27	33	4	4
27	33	5	5
27	33	6	6
27	33	7	7
27	33	8	8
27	33	9	9
28	35	.	<epsilon>
28	34	0	0
28	34	1	1
28	34	2	2
28	34	3	3
28	34	4	4
28	34	5	5
28	34	6	6
28	34	7	7
28	34	8	8
28	34	9	9
29	37	<space>	<epsilon>
29	36	0	0
29	36	1	1
29	36	2	2
29	36	3	3
29	36	4	4
29	36	5	5
29	36	6	6
29	36	7	7
29	36	8	8
29	36	9	9
30	47	<epsilon>	}
31	25	<epsilon>	"
31	28	<space>	<epsilon>
31	29	.	<epsilon>
31	38	0	0
31	39	1	1
31	39	2	2
31	39	3	3
31	39	4	4
31	39	5	5
31	39	6	6
31	39	7	7
31	39	8	8
31	39	9	9
32	25	<epsilon>	"
32	28	<space>	<epsilon>
32	40	.	<epsilon>
32	39	0	0
32	39	1	1
32	39	2	2
32	39	3	3
32	39	4	4
32	39	5	5
32	39	6	6
32	39	7	7
32	39	8	8
32	39	9	9
33	25	<epsilon>	"
33	28	<space>	<epsilon>
33	29	.	<epsilon>
33	38	0	0
33	38	1	1
33	38	2	2
33	38	3	3
33	38	4	4
33	38	5	5
33	38	6	6
33	38	7	7
33	38	8	8
33	38	9	9
34	41	0	0
34	41	1	1
34	41	2	2
34	41	3	3
34	41	4	4
34	41	5	5
34	41	6	6
34	41	7	7
34	41	8	8
34	41	9	9
35	43	<space>	<epsilon>
35	42	0	0
35	42	1	1
35	42	2	2
35	42	3	3
35	42	4	4
35	42	5	5
35	42	6	6
35	42	7	7
35	42	8	8
35	42	9	9
36	44	0	0
36	44	1	1
36	44	2	2
36	44	3	3
36	44	4	4
36	44	5	5
36	44	6	6
36	44	7	7
36	44	8	8
36	44	9	9
37	45	0	0
38	25	<epsilon>	"
38	49	<space>	<epsilon>
38	29	.	<epsilon>
38	48	0	0
38	48	1	1
38	48	2	2
38	48	3	3
38	48	4	4
38	48	5	5
38	48	6	6
38	48	7	7
38	48	8	8
38	48	9	9
39	25	<epsilon>	"
39	49	<space>	<epsilon>
39	40	.	<epsilon>
39	48	0	0
39	48	1	1
39	48	2	2
39	48	3	3
39	48	4	4
39	48	5	5
39	48	6	6
39	48	7	7
39	48	8	8
39	48	9	9
40	36	0	0
40	36	1	1
40	36	2	2
40	36	3	3
40	36	4	4
40	36	5	5
40	36	6	6
40	36	7	7
40	36	8	8
40	36	9	9
41	50	0	0
41	50	1	1
41	50	2	2
41	50	3	3
41	50	4	4
41	50	5	5
41	50	6	6
41	50	7	7
41	50	8	8
41	50	9	9
42	51	0	0
42	51	1	1
42	51	2	2
42	51	3	3
42	51	4	4
42	51	5	5
42	51	6	6
42	51	7	7
42	51	8	8
42	51	9	9
43	52	0	0
43	52	1	1
43	52	2	2
43	52	3	3
43	52	4	4
43	52	5	5
43	52	6	6
43	52	7	7
43	52	8	8
43	52	9	9
44	53	0	0
44	53	1	1
44	53	2	2
44	53	3	3
44	53	4	4
44	53	5	5
44	53	6	6
44	53	7	7
44	53	8	8
44	53	9	9
45	54	0	0
46	55	<epsilon>	}
47	46	<epsilon>	<space>
47	47	<space>	<epsilon>
48	25	<epsilon>	"
48	48	0	0
48	48	1	1
48	48	2	2
48	48	3	3
48	48	4	4
48	48	5	5
48	48	6	6
48	48	7	7
48	48	8	8
48	48	9	9
49	35	.	<epsilon>
50	25	<epsilon>	"
50	56	<space>	<epsilon>
51	57	0	0
51	57	1	1
51	57	2	2
51	57	3	3
51	57	4	4
51	57	5	5
51	57	6	6
51	57	7	7
51	57	8	8
51	57	9	9
52	58	0	0
52	58	1	1
52	58	2	2
52	58	3	3
52	58	4	4
52	58	5	5
52	58	6	6
52	58	7	7
52	58	8	8
52	58	9	9
53	25	<epsilon>	"
53	40	.	<epsilon>
54	59	0	0
55	60	<epsilon>	<space>
56	34	0	0
56	34	1	1
56	34	2	2
56	34	3	3
56	34	4	4
56	34	5	5
56	34	6	6
56	34	7	7
56	34	8	8
56	34	9	9
57	25	<epsilon>	"
57	61	<space>	<epsilon>
58	62	0	0
58	62	1	1
58	62	2	2
58	62	3	3
58	62	4	4
58	62	5	5
58	62	6	6
58	62	7	7
58	62	8	8
58	62	9	9
59	25	<epsilon>	"
59	63	.	<epsilon>
60	64	<epsilon>	t
61	65	.	<epsilon>
62	25	<epsilon>	"
62	66	<space>	<epsilon>
63	37	<space>	<epsilon>
64	67	<epsilon>	o
65	42	0	0
65	42	1	1
65	42	2	2
65	42	3	3
65	42	4	4
65	42	5	5
65	42	6	6
65	42	7	7
65	42	8	8
65	42	9	9
66	68	.	<epsilon>
67	69	<epsilon>	k
68	43	<space>	<epsilon>
69	70	<epsilon>	e
70	71	<epsilon>	n
71	72	<epsilon>	s
72	73	<epsilon>	<space>
73	74	<epsilon>	{
74	75	<epsilon>	<space>
75	76	<epsilon>	c
76	77	<epsilon>	o
77	78	<epsilon>	n
78	79	<epsilon>	n
79	80	<epsilon>	e
80	81	<epsilon>	c
81	82	<epsilon>	t
82	83	<epsilon>	o
83	84	<epsilon>	r
84	85	<epsilon>	<space>
85	86	<epsilon>	{
86	87	<epsilon>	<space>
87	88	<epsilon>	t
88	89	<epsilon>	y
89	90	<epsilon>	p
90	91	<epsilon>	e
91	92	<epsilon>	:
92	93	<epsilon>	<space>
93	94	<epsilon>	"
94	94	<space>	<epsilon>
94	95	:	r
95	96	<epsilon>	a
96	97	<epsilon>	t
97	98	<epsilon>	i
98	100	<epsilon>	o
99	101	<epsilon>	<space>
100	99	<epsilon>	"
100	100	<space>	<epsilon>
101	102	<epsilon>	}
102	103	<epsilon>	<space>
103	104	<epsilon>	<space>
104	105	<epsilon>	}
105	106	<epsilon>	<space>
106	107	<epsilon>	t
107	108	<epsilon>	o
108	109	<epsilon>	k
109	110	<epsilon>	e
110	111	<epsilon>	n
111	112	<epsilon>	s
112	113	<epsilon>	<space>
113	114	<epsilon>	{
114	115	<epsilon>	<space>
115	116	<epsilon>	c
115	115	<space>	<epsilon>
116	117	<epsilon>	a
117	118	<epsilon>	r
118	119	<epsilon>	d
119	120	<epsilon>	i
120	121	<epsilon>	n
121	122	<epsilon>	a
122	123	<epsilon>	l
123	124	<epsilon>	<space>
124	125	<epsilon>	{
125	126	<epsilon>	<space>
126	127	<epsilon>	i
127	128	<epsilon>	n
128	129	<epsilon>	t
129	130	<epsilon>	e
130	131	<epsilon>	g
131	132	<epsilon>	e
132	133	<epsilon>	r
133	134	<epsilon>	:
134	135	<epsilon>	<space>
135	136	<epsilon>	"
136	137	-	-
136	138	0	0
136	139	1	1
136	139	2	2
136	139	3	3
136	139	4	4
136	139	5	5
136	139	6	6
136	139	7	7
136	139	8	8
136	139	9	9
137	138	0	0
137	139	1	1
137	139	2	2
137	139	3	3
137	139	4	4
137	139	5	5
137	139	6	6
137	139	7	7
137	139	8	8
137	139	9	9
138	140	<epsilon>	"
139	140	<epsilon>	"
139	143	<space>	<epsilon>
139	144	.	<epsilon>
139	141	0	0
139	142	1	1
139	142	2	2
139	142	3	3
139	142	4	4
139	142	5	5
139	142	6	6
139	142	7	7
139	142	8	8
139	142	9	9
140	145	<epsilon>	<space>
141	140	<epsilon>	"
141	143	<space>	<epsilon>
141	144	.	<epsilon>
141	146	0	0
141	147	1	1
141	147	2	2
141	147	3	3
141	147	4	4
141	147	5	5
141	147	6	6
141	147	7	7
141	147	8	8
141	147	9	9
142	140	<epsilon>	"
142	143	<space>	<epsilon>
142	144	.	<epsilon>
142	146	0	0
142	148	1	1
142	148	2	2
142	148	3	3
142	148	4	4
142	148	5	5
142	148	6	6
142	148	7	7
142	148	8	8
142	148	9	9
143	150	.	<epsilon>
143	149	0	0
143	149	1	1
143	149	2	2
143	149	3	3
143	149	4	4
143	149	5	5
143	149	6	6
143	149	7	7
143	149	8	8
143	149	9	9
144	152	<space>	<epsilon>
144	151	0	0
144	151	1	1
144	151	2	2
144	151	3	3
144	151	4	4
144	151	5	5
144	151	6	6
144	151	7	7
144	151	8	8
144	151	9	9
145	153	<epsilon>	}
146	140	<epsilon>	"
146	143	<space>	<epsilon>
146	144	.	<epsilon>
146	154	0	0
146	155	1	1
146	155	2	2
146	155	3	3
146	155	4	4
146	155	5	5
146	155	6	6
146	155	7	7
146	155	8	8
146	155	9	9
147	140	<epsilon>	"
147	143	<space>	<epsilon>
147	156	.	<epsilon>
147	155	0	0
147	155	1	1
147	155	2	2
147	155	3	3
147	155	4	4
147	155	5	5
147	155	6	6
147	155	7	7
147	155	8	8
147	155	9	9
148	140	<epsilon>	"
148	143	<space>	<epsilon>
148	144	.	<epsilon>
148	154	0	0
148	154	1	1
148	154	2	2
148	154	3	3
148	154	4	4
148	154	5	5
148	154	6	6
148	154	7	7
148	154	8	8
148	154	9	9
149	157	0	0
149	157	1	1
149	157	2	2
149	157	3	3
149	157	4	4
149	157	5	5
149	157	6	6
149	157	7	7
149	157	8	8
149	157	9	9
150	159	<space>	<epsilon>
150	158	0	0
150	158	1	1
150	158	2	2
150	158	3	3
150	158	4	4
150	158	5	5
150	158	6	6
150	158	7	7
150	158	8	8
150	158	9	9
151	160	0	0
151	160	1	1
151	160	2	2
151	160	3	3
151	160	4	4
151	160	5	5
151	160	6	6
151	160	7	7
151	160	8	8
151	160	9	9
152	161	0	0
153
154	140	<epsilon>	"
154	163	<space>	<epsilon>
154	144	.	<epsilon>
154	162	0	0
154	162	1	1
154	162	2	2
154	162	3	3
154	162	4	4
154	162	5	5
154	162	6	6
154	162	7	7
154	162	8	8
154	162	9	9
155	140	<epsilon>	"
155	163	<space>	<epsilon>
155	156	.	<epsilon>
155	162	0	0
155	162	1	1
155	162	2	2
155	162	3	3
155	162	4	4
155	162	5	5
155	162	6	6
155	162	7	7
155	162	8	8
155	162	9	9
156	151	0	0
156	151	1	1
156	151	2	2
156	151	3	3
156	151	4	4
156	151	5	5
156	151	6	6
156	151	7	7
156	151	8	8
156	151	9	9
157	164	0	0
157	164	1	1
157	164	2	2
157	164	3	3
157	164	4	4
157	164	5	5
157	164	6	6
157	164	7	7
157	164	8	8
157	164	9	9
158	165	0	0
158	165	1	1
158	165	2	2
158	165	3	3
158	165	4	4
158	165	5	5
158	165	6	6
158	165	7	7
158	165	8	8
158	165	9	9
159	166	0	0
159	166	1	1
159	166	2	2
159	166	3	3
159	166	4	4
159	166	5	5
159	166	6	6
159	166	7	7
159	166	8	8
159	166	9	9
160	167	0	0
160	167	1	1
160	167	2	2
160	167	3	3
160	167	4	4
160	167	5	5
160	167	6	6
160	167	7	7
160	167	8	8
160	167	9	9
161	168	0	0
162	140	<epsilon>	"
162	162	0	0
162	162	1	1
162	162	2	2
162	162	3	3
162	162	4	4
162	162	5	5
162	162	6	6
162	162	7	7
162	162	8	8
162	162	9	9
163	150	.	<epsilon>
164	140	<epsilon>	"
164	169	<space>	<epsilon>
165	170	0	0
165	170	1	1
165	170	2	2
165	170	3	3
165	170	4	4
165	170	5	5
165	170	6	6
165	170	7	7
165	170	8	8
165	170	9	9
166	171	0	0
166	171	1	1
166	171	2	2
166	171	3	3
166	171	4	4
166	171	5	5
166	171	6	6
166	171	7	7
166	171	8	8
166	171	9	9
167	140	<epsilon>	"
167	156	.	<epsilon>
168	172	0	0
169	149	0	0
169	149	1	1
169	149	2	2
169	149	3	3
169	149	4	4
169	149	5	5
169	149	6	6
169	149	7	7
169	149	8	8
169	149	9	9
170	140	<epsilon>	"
170	173	<space>	<epsilon>
171	174	0	0
171	174	1	1
171	174	2	2
171	174	3	3
171	174	4	4
171	174	5	5
171	174	6	6
171	174	7	7
171	174	8	8
171	174	9	9
172	140	<epsilon>	"
172	175	.	<epsilon>
173	176	.	<epsilon>
174	140	<epsilon>	"
174	177	<space>	<epsilon>
175	152	<space>	<epsilon>
176	158	0	0
176	158	1	1
176	158	2	2
176	158	3	3
176	158	4	4
176	158	5	5
176	158	6	6
176	158	7	7
176	158	8	8
176	158	9	9
177	178	.	<epsilon>
178	159	<space>	<epsilon>
