0	1	<epsilon>	d
1	2	<epsilon>	e
2	3	<epsilon>	c
3	4	<epsilon>	i
4	5	<epsilon>	m
5	6	<epsilon>	a
6	7	<epsilon>	l
7	8	<epsilon>	<space>
8	9	<epsilon>	{
9	10	<epsilon>	<space>
10	11	<epsilon>	i
10	12	-	n
11	13	<epsilon>	n
12	14	<epsilon>	e
13	15	<epsilon>	t
14	16	<epsilon>	g
15	17	<epsilon>	e
16	18	<epsilon>	a
17	19	<epsilon>	g
18	20	<epsilon>	t
19	21	<epsilon>	e
20	22	<epsilon>	i
21	23	<epsilon>	r
22	24	<epsilon>	v
23	25	<epsilon>	_
24	26	<epsilon>	e
25	27	<epsilon>	p
26	28	<epsilon>	:
27	29	<epsilon>	a
28	30	<epsilon>	<space>
29	31	<epsilon>	r
30	32	<epsilon>	t
31	33	<epsilon>	t
32	34	<epsilon>	r
33	35	<epsilon>	:
34	36	<epsilon>	u
35	37	<epsilon>	<space>
36	38	<epsilon>	e
37	39	<epsilon>	"
38	40	<epsilon>	<space>
39	41	0	0
39	42	1	1
39	42	2	2
39	42	3	3
39	42	4	4
39	42	5	5
39	42	6	6
39	42	7	7
39	42	8	8
39	42	9	9
40	11	<epsilon>	i
41	43	<epsilon>	"
42	43	<epsilon>	"
42	45	,	<epsilon>
42	44	0	0
42	44	1	1
42	44	2	2
42	44	3	3
42	44	4	4
42	44	5	5
42	44	6	6
42	44	7	7
42	44	8	8
42	44	9	9
43	46	<epsilon>	<space>
44	43	<epsilon>	"
44	45	,	<epsilon>
44	47	0	0
44	47	1	1
44	47	2	2
44	47	3	3
44	47	4	4
44	47	5	5
44	47	6	6
44	47	7	7
44	47	8	8
44	47	9	9
45	48	0	0
45	48	1	1
45	48	2	2
45	48	3	3
45	48	4	4
45	48	5	5
45	48	6	6
45	48	7	7
45	48	8	8
45	48	9	9
46	49	.	<epsilon>
47	43	<epsilon>	"
47	47	0	0
47	47	1	1
47	47	2	2
47	47	3	3
47	47	4	4
47	47	5	5
47	47	6	6
47	47	7	7
47	47	8	8
47	47	9	9
48	50	0	0
48	50	1	1
48	50	2	2
48	50	3	3
48	50	4	4
48	50	5	5
48	50	6	6
48	50	7	7
48	50	8	8
48	50	9	9
49	51	<epsilon>	f
50	45	,	<epsilon>
50	41	0	0
50	41	1	1
50	41	2	2
50	41	3	3
50	41	4	4
50	41	5	5
50	41	6	6
50	41	7	7
50	41	8	8
50	41	9	9
51	52	<epsilon>	r
52	53	<epsilon>	a
53	54	<epsilon>	c
54	55	<epsilon>	t
55	56	<epsilon>	i
56	57	<epsilon>	o
57	58	<epsilon>	n
58	59	<epsilon>	a
59	60	<epsilon>	l
60	61	<epsilon>	_
61	62	<epsilon>	p
62	63	<epsilon>	a
63	64	<epsilon>	r
64	65	<epsilon>	t
65	66	<epsilon>	:
66	67	<epsilon>	<space>
67	68	<epsilon>	"
68	69	0	0
68	69	1	1
68	69	2	2
68	69	3	3
68	69	4	4
68	69	5	5
68	69	6	6
68	69	7	7
68	69	8	8
68	69	9	9
69	70	<epsilon>	"
69	69	0	0
69	69	1	1
69	69	2	2
69	69	3	3
69	69	4	4
69	69	5	5
69	69	6	6
69	69	7	7
69	69	8	8
69	69	9	9
70	71	<epsilon>	<space>
70	72	<space>	<space>
70	73	*	<space>
70	74	E	<space>
70	74	e	<space>
70	73	x	<space>
70	75	<194>	<space>
70	76	<195>	<space>
71	77	<epsilon>	}
72	78	<space>	e
72	79	*	e
72	79	x	e
72	80	<194>	e
72	81	<195>	e
73	79	<space>	e
73	82	1	e
74	83	<epsilon>	e
75	79	<183>	e
76	79	<151>	e
77
78	84	<space>	x
78	85	*	x
78	85	x	x
78	86	<194>	x
78	87	<195>	x
79	85	<space>	x
79	88	1	x
80	85	<183>	x
81	85	<151>	x
82	89	0	x
83	90	<epsilon>	x
84	91	<space>	p
84	92	*	p
84	92	x	p
84	93	<194>	p
84	94	<195>	p
85	92	<space>	p
85	95	1	p
86	92	<183>	p
87	92	<151>	p
88	96	0	p
89	96	<space>	p
89	97	^	p
90	98	<epsilon>	p
91	99	<space>	o
91	100	*	o
91	100	x	o
91	101	<194>	o
91	102	<195>	o
92	100	<space>	o
92	103	1	o
93	100	<183>	o
94	100	<151>	o
95	104	0	o
96	104	<space>	o
96	105	^	o
97	106	<epsilon>	o
97	105	<space>	o
98	106	<epsilon>	o
99	107	<space>	n
99	108	*	n
99	108	x	n
99	109	<194>	n
99	110	<195>	n
100	108	<space>	n
100	111	1	n
101	108	<183>	n
102	108	<151>	n
103	112	0	n
104	112	<space>	n
104	113	^	n
105	114	<epsilon>	n
105	113	<space>	n
106	114	<epsilon>	n
107	115	<space>	e
107	116	*	e
107	116	x	e
107	117	<194>	e
107	118	<195>	e
108	116	<space>	e
108	119	1	e
109	116	<183>	e
110	116	<151>	e
111	120	0	e
112	120	<space>	e
112	121	^	e
113	122	<epsilon>	e
113	121	<space>	e
114	122	<epsilon>	e
115	123	<space>	n
115	124	*	n
115	124	x	n
115	125	<194>	n
115	126	<195>	n
116	124	<space>	n
116	127	1	n
117	124	<183>	n
118	124	<151>	n
119	128	0	n
120	128	<space>	n
120	129	^	n
121	130	<epsilon>	n
121	129	<space>	n
122	130	<epsilon>	n
123	131	<space>	t
123	132	*	t
123	132	x	t
123	133	<194>	t
123	134	<195>	t
124	132	<space>	t
124	135	1	t
125	132	<183>	t
126	132	<151>	t
127	136	0	t
128	136	<space>	t
128	137	^	t
129	138	<epsilon>	t
129	137	<space>	t
130	138	<epsilon>	t
131	139	<space>	:
131	140	*	:
131	140	x	:
131	141	<194>	:
131	142	<195>	:
132	140	<space>	:
132	143	1	:
133	140	<183>	:
134	140	<151>	:
135	144	0	:
136	144	<space>	:
136	145	^	:
137	146	<epsilon>	:
137	145	<space>	:
138	146	<epsilon>	:
139	147	<space>	<space>
139	148	*	<space>
139	148	x	<space>
139	149	<194>	<space>
139	150	<195>	<space>
140	148	<space>	<space>
140	151	1	<space>
141	148	<183>	<space>
142	148	<151>	<space>
143	152	0	<space>
144	152	<space>	<space>
144	153	^	<space>
145	154	<epsilon>	<space>
145	153	<space>	<space>
146	154	<epsilon>	<space>
147	147	<space>	<epsilon>
147	148	*	<epsilon>
147	148	x	<epsilon>
147	149	<194>	<epsilon>
147	150	<195>	<epsilon>
148	148	<space>	<epsilon>
148	151	1	<epsilon>
149	148	<183>	<epsilon>
150	148	<151>	<epsilon>
151	152	0	<epsilon>
152	152	<space>	<epsilon>
152	153	^	<epsilon>
153	155	<epsilon>	"
153	153	<space>	<epsilon>
154	155	<epsilon>	"
155	158	-	-
155	156	0	0
155	157	1	1
155	157	2	2
155	157	3	3
155	157	4	4
155	157	5	5
155	157	6	6
155	157	7	7
155	157	8	8
155	157	9	9
156	159	<epsilon>	"
157	159	<epsilon>	"
157	163	<space>	<epsilon>
157	162	,	<epsilon>
157	160	0	0
157	161	1	1
157	161	2	2
157	161	3	3
157	161	4	4
157	161	5	5
157	161	6	6
157	161	7	7
157	161	8	8
157	161	9	9
158	156	0	0
158	157	1	1
158	157	2	2
158	157	3	3
158	157	4	4
158	157	5	5
158	157	6	6
158	157	7	7
158	157	8	8
158	157	9	9
159	71	<epsilon>	<space>
160	159	<epsilon>	"
160	163	<space>	<epsilon>
160	162	,	<epsilon>
160	164	0	0
160	165	1	1
160	165	2	2
160	165	3	3
160	165	4	4
160	165	5	5
160	165	6	6
160	165	7	7
160	165	8	8
160	165	9	9
161	159	<epsilon>	"
161	163	<space>	<epsilon>
161	162	,	<epsilon>
161	164	0	0
161	166	1	1
161	166	2	2
161	166	3	3
161	166	4	4
161	166	5	5
161	166	6	6
161	166	7	7
161	166	8	8
161	166	9	9
162	168	<space>	<epsilon>
162	167	0	0
162	167	1	1
162	167	2	2
162	167	3	3
162	167	4	4
162	167	5	5
162	167	6	6
162	167	7	7
162	167	8	8
162	167	9	9
163	170	,	<epsilon>
163	169	0	0
163	169	1	1
163	169	2	2
163	169	3	3
163	169	4	4
163	169	5	5
163	169	6	6
163	169	7	7
163	169	8	8
163	169	9	9
164	159	<epsilon>	"
164	163	<space>	<epsilon>
164	162	,	<epsilon>
164	171	0	0
164	172	1	1
164	172	2	2
164	172	3	3
164	172	4	4
164	172	5	5
164	172	6	6
164	172	7	7
164	172	8	8
164	172	9	9
165	159	<epsilon>	"
165	163	<space>	<epsilon>
165	173	,	<epsilon>
165	172	0	0
165	172	1	1
165	172	2	2
165	172	3	3
165	172	4	4
165	172	5	5
165	172	6	6
165	172	7	7
165	172	8	8
165	172	9	9
166	159	<epsilon>	"
166	163	<space>	<epsilon>
166	162	,	<epsilon>
166	171	0	0
166	171	1	1
166	171	2	2
166	171	3	3
166	171	4	4
166	171	5	5
166	171	6	6
166	171	7	7
166	171	8	8
166	171	9	9
167	174	0	0
167	174	1	1
167	174	2	2
167	174	3	3
167	174	4	4
167	174	5	5
167	174	6	6
167	174	7	7
167	174	8	8
167	174	9	9
168	175	0	0
169	176	0	0
169	176	1	1
169	176	2	2
169	176	3	3
169	176	4	4
169	176	5	5
169	176	6	6
169	176	7	7
169	176	8	8
169	176	9	9
170	178	<space>	<epsilon>
170	177	0	0
170	177	1	1
170	177	2	2
170	177	3	3
170	177	4	4
170	177	5	5
170	177	6	6
170	177	7	7
170	177	8	8
170	177	9	9
171	159	<epsilon>	"
171	180	<space>	<epsilon>
171	162	,	<epsilon>
171	179	0	0
171	179	1	1
171	179	2	2
171	179	3	3
171	179	4	4
171	179	5	5
171	179	6	6
171	179	7	7
171	179	8	8
171	179	9	9
172	159	<epsilon>	"
172	180	<space>	<epsilon>
172	173	,	<epsilon>
172	179	0	0
172	179	1	1
172	179	2	2
172	179	3	3
172	179	4	4
172	179	5	5
172	179	6	6
172	179	7	7
172	179	8	8
172	179	9	9
173	167	0	0
173	167	1	1
173	167	2	2
173	167	3	3
173	167	4	4
173	167	5	5
173	167	6	6
173	167	7	7
173	167	8	8
173	167	9	9
174	181	0	0
174	181	1	1
174	181	2	2
174	181	3	3
174	181	4	4
174	181	5	5
174	181	6	6
174	181	7	7
174	181	8	8
174	181	9	9
175	182	0	0
176	183	0	0
176	183	1	1
176	183	2	2
176	183	3	3
176	183	4	4
176	183	5	5
176	183	6	6
176	183	7	7
176	183	8	8
176	183	9	9
177	184	0	0
177	184	1	1
177	184	2	2
177	184	3	3
177	184	4	4
177	184	5	5
177	184	6	6
177	184	7	7
177	184	8	8
177	184	9	9
178	185	0	0
178	185	1	1
178	185	2	2
178	185	3	3
178	185	4	4
178	185	5	5
178	185	6	6
178	185	7	7
178	185	8	8
178	185	9	9
179	159	<epsilon>	"
179	179	0	0
179	179	1	1
179	179	2	2
179	179	3	3
179	179	4	4
179	179	5	5
179	179	6	6
179	179	7	7
179	179	8	8
179	179	9	9
180	170	,	<epsilon>
181	159	<epsilon>	"
181	173	,	<epsilon>
182	186	0	0
183	159	<epsilon>	"
183	187	<space>	<epsilon>
184	188	0	0
184	188	1	1
184	188	2	2
184	188	3	3
184	188	4	4
184	188	5	5
184	188	6	6
184	188	7	7
184	188	8	8
184	188	9	9
185	189	0	0
185	189	1	1
185	189	2	2
185	189	3	3
185	189	4	4
185	189	5	5
185	189	6	6
185	189	7	7
185	189	8	8
185	189	9	9
186	159	<epsilon>	"
186	190	,	<epsilon>
187	169	0	0
187	169	1	1
187	169	2	2
187	169	3	3
187	169	4	4
187	169	5	5
187	169	6	6
187	169	7	7
187	169	8	8
187	169	9	9
188	159	<epsilon>	"
188	191	<space>	<epsilon>
189	192	0	0
189	192	1	1
189	192	2	2
189	192	3	3
189	192	4	4
189	192	5	5
189	192	6	6
189	192	7	7
189	192	8	8
189	192	9	9
190	168	<space>	<epsilon>
191	193	,	<epsilon>
192	159	<epsilon>	"
192	194	<space>	<epsilon>
193	177	0	0
193	177	1	1
193	177	2	2
193	177	3	3
193	177	4	4
193	177	5	5
193	177	6	6
193	177	7	7
193	177	8	8
193	177	9	9
194	195	,	<epsilon>
195	178	<space>	<epsilon>
