0	1	<epsilon>	c
1	2	<epsilon>	a
2	3	<epsilon>	r
3	4	<epsilon>	d
4	5	<epsilon>	i
5	6	<epsilon>	n
6	7	<epsilon>	a
7	8	<epsilon>	l
8	9	<epsilon>	<space>
9	10	<epsilon>	{
10	11	<epsilon>	<space>
11	12	<epsilon>	i
12	13	<epsilon>	n
13	14	<epsilon>	t
14	15	<epsilon>	e
15	16	<epsilon>	g
16	17	<epsilon>	e
17	18	<epsilon>	r
18	19	<epsilon>	:
19	20	<epsilon>	<space>
20	21	<epsilon>	"
21	22	0	0
21	23	1	1
21	23	2	2
21	23	3	3
21	23	4	4
21	23	5	5
21	23	6	6
21	23	7	7
21	23	8	8
21	23	9	9
22	24	<epsilon>	"
23	24	<epsilon>	"
23	26	,	<epsilon>
23	25	0	0
23	25	1	1
23	25	2	2
23	25	3	3
23	25	4	4
23	25	5	5
23	25	6	6
23	25	7	7
23	25	8	8
23	25	9	9
24	27	<epsilon>	<space>
25	24	<epsilon>	"
25	26	,	<epsilon>
25	28	0	0
25	28	1	1
25	28	2	2
25	28	3	3
25	28	4	4
25	28	5	5
25	28	6	6
25	28	7	7
25	28	8	8
25	28	9	9
26	29	0	0
26	29	1	1
26	29	2	2
26	29	3	3
26	29	4	4
26	29	5	5
26	29	6	6
26	29	7	7
26	29	8	8
26	29	9	9
27	30	<epsilon>	}
28	24	<epsilon>	"
28	28	0	0
28	28	1	1
28	28	2	2
28	28	3	3
28	28	4	4
28	28	5	5
28	28	6	6
28	28	7	7
28	28	8	8
28	28	9	9
29	31	0	0
29	31	1	1
29	31	2	2
29	31	3	3
29	31	4	4
29	31	5	5
29	31	6	6
29	31	7	7
29	31	8	8
29	31	9	9
30
31	26	,	<epsilon>
31	22	0	0
31	22	1	1
31	22	2	2
31	22	3	3
31	22	4	4
31	22	5	5
31	22	6	6
31	22	7	7
31	22	8	8
31	22	9	9
