0	1	<epsilon>	i
0	2	-	n
1	3	<epsilon>	n
2	4	<epsilon>	e
3	5	<epsilon>	t
4	6	<epsilon>	g
5	7	<epsilon>	e
6	8	<epsilon>	a
7	9	<epsilon>	g
8	10	<epsilon>	t
9	11	<epsilon>	e
10	12	<epsilon>	i
11	13	<epsilon>	r
12	14	<epsilon>	v
13	15	<epsilon>	_
14	16	<epsilon>	e
15	17	<epsilon>	p
16	18	<epsilon>	:
17	19	<epsilon>	a
18	20	<epsilon>	<space>
19	21	<epsilon>	r
20	22	<epsilon>	t
21	23	<epsilon>	t
22	24	<epsilon>	r
23	25	<epsilon>	:
24	26	<epsilon>	u
25	27	<epsilon>	<space>
26	28	<epsilon>	e
27	29	<epsilon>	"
28	30	<epsilon>	<space>
29	31	0	0
29	32	1	1
29	32	2	2
29	32	3	3
29	32	4	4
29	32	5	5
29	32	6	6
29	32	7	7
29	32	8	8
29	32	9	9
30	1	<epsilon>	i
31	33	<epsilon>	"
32	33	<epsilon>	"
32	34	,	<epsilon>
32	35	0	0
32	35	1	1
32	35	2	2
32	35	3	3
32	35	4	4
32	35	5	5
32	35	6	6
32	35	7	7
32	35	8	8
32	35	9	9
33	36	<epsilon>	<space>
34	37	0	0
34	37	1	1
34	37	2	2
34	37	3	3
34	37	4	4
34	37	5	5
34	37	6	6
34	37	7	7
34	37	8	8
34	37	9	9
35	33	<epsilon>	"
35	34	,	<epsilon>
35	38	0	0
35	38	1	1
35	38	2	2
35	38	3	3
35	38	4	4
35	38	5	5
35	38	6	6
35	38	7	7
35	38	8	8
35	38	9	9
36	39	.	<epsilon>
37	40	0	0
37	40	1	1
37	40	2	2
37	40	3	3
37	40	4	4
37	40	5	5
37	40	6	6
37	40	7	7
37	40	8	8
37	40	9	9
38	33	<epsilon>	"
38	38	0	0
38	38	1	1
38	38	2	2
38	38	3	3
38	38	4	4
38	38	5	5
38	38	6	6
38	38	7	7
38	38	8	8
38	38	9	9
39	41	<epsilon>	f
40	34	,	<epsilon>
40	31	0	0
40	31	1	1
40	31	2	2
40	31	3	3
40	31	4	4
40	31	5	5
40	31	6	6
40	31	7	7
40	31	8	8
40	31	9	9
41	42	<epsilon>	r
42	43	<epsilon>	a
43	44	<epsilon>	c
44	45	<epsilon>	t
45	46	<epsilon>	i
46	47	<epsilon>	o
47	48	<epsilon>	n
48	49	<epsilon>	a
49	50	<epsilon>	l
50	51	<epsilon>	_
51	52	<epsilon>	p
52	53	<epsilon>	a
53	54	<epsilon>	r
54	55	<epsilon>	t
55	56	<epsilon>	:
56	57	<epsilon>	<space>
57	58	<epsilon>	"
58	59	0	0
58	59	1	1
58	59	2	2
58	59	3	3
58	59	4	4
58	59	5	5
58	59	6	6
58	59	7	7
58	59	8	8
58	59	9	9
59	60	<epsilon>	"
59	59	0	0
59	59	1	1
59	59	2	2
59	59	3	3
59	59	4	4
59	59	5	5
59	59	6	6
59	59	7	7
59	59	8	8
59	59	9	9
60	61	<space>	<space>
60	62	*	<space>
60	65	E	<space>
60	65	e	<space>
60	62	x	<space>
60	63	<194>	<space>
60	64	<195>	<space>
60
61	66	<space>	e
61	70	*	e
61	70	x	e
61	67	<194>	e
61	68	<195>	e
62	70	<space>	e
62	69	1	e
63	70	<183>	e
64	70	<151>	e
65	71	<epsilon>	e
66	72	<space>	x
66	76	*	x
66	76	x	x
66	73	<194>	x
66	74	<195>	x
67	76	<183>	x
68	76	<151>	x
69	77	0	x
70	76	<space>	x
70	75	1	x
71	78	<epsilon>	x
72	79	<space>	p
72	83	*	p
72	83	x	p
72	80	<194>	p
72	81	<195>	p
73	83	<183>	p
74	83	<151>	p
75	84	0	p
76	83	<space>	p
76	82	1	p
77	84	<space>	p
77	85	^	p
78	86	<epsilon>	p
79	87	<space>	o
79	91	*	o
79	91	x	o
79	88	<194>	o
79	89	<195>	o
80	91	<183>	o
81	91	<151>	o
82	92	0	o
83	91	<space>	o
83	90	1	o
84	92	<space>	o
84	93	^	o
85	94	<epsilon>	o
85	93	<space>	o
86	94	<epsilon>	o
87	95	<space>	n
87	99	*	n
87	99	x	n
87	96	<194>	n
87	97	<195>	n
88	99	<183>	n
89	99	<151>	n
90	100	0	n
91	99	<space>	n
91	98	1	n
92	100	<space>	n
92	101	^	n
93	102	<epsilon>	n
93	101	<space>	n
94	102	<epsilon>	n
95	103	<space>	e
95	107	*	e
95	107	x	e
95	104	<194>	e
95	105	<195>	e
96	107	<183>	e
97	107	<151>	e
98	108	0	e
99	107	<space>	e
99	106	1	e
100	108	<space>	e
100	109	^	e
101	110	<epsilon>	e
101	109	<space>	e
102	110	<epsilon>	e
103	111	<space>	n
103	115	*	n
103	115	x	n
103	112	<194>	n
103	113	<195>	n
104	115	<183>	n
105	115	<151>	n
106	116	0	n
107	115	<space>	n
107	114	1	n
108	116	<space>	n
108	117	^	n
109	118	<epsilon>	n
109	117	<space>	n
110	118	<epsilon>	n
111	119	<space>	t
111	123	*	t
111	123	x	t
111	120	<194>	t
111	121	<195>	t
112	123	<183>	t
113	123	<151>	t
114	124	0	t
115	123	<space>	t
115	122	1	t
116	124	<space>	t
116	125	^	t
117	126	<epsilon>	t
117	125	<space>	t
118	126	<epsilon>	t
119	127	<space>	:
119	131	*	:
119	131	x	:
119	128	<194>	:
119	129	<195>	:
120	131	<183>	:
121	131	<151>	:
122	132	0	:
123	131	<space>	:
123	130	1	:
124	132	<space>	:
124	133	^	:
125	134	<epsilon>	:
125	133	<space>	:
126	134	<epsilon>	:
127	135	<space>	<space>
127	139	*	<space>
127	139	x	<space>
127	136	<194>	<space>
127	137	<195>	<space>
128	139	<183>	<space>
129	139	<151>	<space>
130	140	0	<space>
131	139	<space>	<space>
131	138	1	<space>
132	140	<space>	<space>
132	141	^	<space>
133	142	<epsilon>	<space>
133	141	<space>	<space>
134	142	<epsilon>	<space>
135	135	<space>	<epsilon>
135	139	*	<epsilon>
135	139	x	<epsilon>
135	136	<194>	<epsilon>
135	137	<195>	<epsilon>
136	139	<183>	<epsilon>
137	139	<151>	<epsilon>
138	140	0	<epsilon>
139	139	<space>	<epsilon>
139	138	1	<epsilon>
140	140	<space>	<epsilon>
140	141	^	<epsilon>
141	143	<epsilon>	"
141	141	<space>	<epsilon>
142	143	<epsilon>	"
143	146	-	-
143	144	0	0
143	145	1	1
143	145	2	2
143	145	3	3
143	145	4	4
143	145	5	5
143	145	6	6
143	145	7	7
143	145	8	8
143	145	9	9
144	147	<epsilon>	"
145	147	<epsilon>	"
145	148	<space>	<epsilon>
145	149	,	<epsilon>
145	150	0	0
145	151	1	1
145	151	2	2
145	151	3	3
145	151	4	4
145	151	5	5
145	151	6	6
145	151	7	7
145	151	8	8
145	151	9	9
146	144	0	0
146	145	1	1
146	145	2	2
146	145	3	3
146	145	4	4
146	145	5	5
146	145	6	6
146	145	7	7
146	145	8	8
146	145	9	9
147
148	152	,	<epsilon>
148	153	0	0
148	153	1	1
148	153	2	2
148	153	3	3
148	153	4	4
148	153	5	5
148	153	6	6
148	153	7	7
148	153	8	8
148	153	9	9
149	154	<space>	<epsilon>
149	155	0	0
149	155	1	1
149	155	2	2
149	155	3	3
149	155	4	4
149	155	5	5
149	155	6	6
149	155	7	7
149	155	8	8
149	155	9	9
150	147	<epsilon>	"
150	148	<space>	<epsilon>
150	149	,	<epsilon>
150	156	0	0
150	157	1	1
150	157	2	2
150	157	3	3
150	157	4	4
150	157	5	5
150	157	6	6
150	157	7	7
150	157	8	8
150	157	9	9
151	147	<epsilon>	"
151	148	<space>	<epsilon>
151	149	,	<epsilon>
151	156	0	0
151	158	1	1
151	158	2	2
151	158	3	3
151	158	4	4
151	158	5	5
151	158	6	6
151	158	7	7
151	158	8	8
151	158	9	9
152	159	<space>	<epsilon>
152	160	0	0
152	160	1	1
152	160	2	2
152	160	3	3
152	160	4	4
152	160	5	5
152	160	6	6
152	160	7	7
152	160	8	8
152	160	9	9
153	161	0	0
153	161	1	1
153	161	2	2
153	161	3	3
153	161	4	4
153	161	5	5
153	161	6	6
153	161	7	7
153	161	8	8
153	161	9	9
154	162	0	0
155	163	0	0
155	163	1	1
155	163	2	2
155	163	3	3
155	163	4	4
155	163	5	5
155	163	6	6
155	163	7	7
155	163	8	8
155	163	9	9
156	147	<epsilon>	"
156	148	<space>	<epsilon>
156	149	,	<epsilon>
156	164	0	0
156	165	1	1
156	165	2	2
156	165	3	3
156	165	4	4
156	165	5	5
156	165	6	6
156	165	7	7
156	165	8	8
156	165	9	9
157	147	<epsilon>	"
157	148	<space>	<epsilon>
157	166	,	<epsilon>
157	165	0	0
157	165	1	1
157	165	2	2
157	165	3	3
157	165	4	4
157	165	5	5
157	165	6	6
157	165	7	7
157	165	8	8
157	165	9	9
158	147	<epsilon>	"
158	148	<space>	<epsilon>
158	149	,	<epsilon>
158	164	0	0
158	164	1	1
158	164	2	2
158	164	3	3
158	164	4	4
158	164	5	5
158	164	6	6
158	164	7	7
158	164	8	8
158	164	9	9
159	167	0	0
159	167	1	1
159	167	2	2
159	167	3	3
159	167	4	4
159	167	5	5
159	167	6	6
159	167	7	7
159	167	8	8
159	167	9	9
160	168	0	0
160	168	1	1
160	168	2	2
160	168	3	3
160	168	4	4
160	168	5	5
160	168	6	6
160	168	7	7
160	168	8	8
160	168	9	9
161	169	0	0
161	169	1	1
161	169	2	2
161	169	3	3
161	169	4	4
161	169	5	5
161	169	6	6
161	169	7	7
161	169	8	8
161	169	9	9
162	170	0	0
163	171	0	0
163	171	1	1
163	171	2	2
163	171	3	3
163	171	4	4
163	171	5	5
163	171	6	6
163	171	7	7
163	171	8	8
163	171	9	9
164	147	<epsilon>	"
164	172	<space>	<epsilon>
164	149	,	<epsilon>
164	173	0	0
164	173	1	1
164	173	2	2
164	173	3	3
164	173	4	4
164	173	5	5
164	173	6	6
164	173	7	7
164	173	8	8
164	173	9	9
165	147	<epsilon>	"
165	172	<space>	<epsilon>
165	166	,	<epsilon>
165	173	0	0
165	173	1	1
165	173	2	2
165	173	3	3
165	173	4	4
165	173	5	5
165	173	6	6
165	173	7	7
165	173	8	8
165	173	9	9
166	155	0	0
166	155	1	1
166	155	2	2
166	155	3	3
166	155	4	4
166	155	5	5
166	155	6	6
166	155	7	7
166	155	8	8
166	155	9	9
167	174	0	0
167	174	1	1
167	174	2	2
167	174	3	3
167	174	4	4
167	174	5	5
167	174	6	6
167	174	7	7
167	174	8	8
167	174	9	9
168	175	0	0
168	175	1	1
168	175	2	2
168	175	3	3
168	175	4	4
168	175	5	5
168	175	6	6
168	175	7	7
168	175	8	8
168	175	9	9
169	147	<epsilon>	"
169	176	<space>	<epsilon>
170	177	0	0
171	147	<epsilon>	"
171	166	,	<epsilon>
172	152	,	<epsilon>
173	147	<epsilon>	"
173	173	0	0
173	173	1	1
173	173	2	2
173	173	3	3
173	173	4	4
173	173	5	5
173	173	6	6
173	173	7	7
173	173	8	8
173	173	9	9
174	178	0	0
174	178	1	1
174	178	2	2
174	178	3	3
174	178	4	4
174	178	5	5
174	178	6	6
174	178	7	7
174	178	8	8
174	178	9	9
175	147	<epsilon>	"
175	179	<space>	<epsilon>
176	153	0	0
176	153	1	1
176	153	2	2
176	153	3	3
176	153	4	4
176	153	5	5
176	153	6	6
176	153	7	7
176	153	8	8
176	153	9	9
177	147	<epsilon>	"
177	180	,	<epsilon>
178	147	<epsilon>	"
178	181	<space>	<epsilon>
179	182	,	<epsilon>
180	154	<space>	<epsilon>
181	183	,	<epsilon>
182	160	0	0
182	160	1	1
182	160	2	2
182	160	3	3
182	160	4	4
182	160	5	5
182	160	6	6
182	160	7	7
182	160	8	8
182	160	9	9
183	159	<space>	<epsilon>
