0	3	-	-
0	1	0	0
0	2	1	1
0	2	2	2
0	2	3	3
0	2	4	4
0	2	5	5
0	2	6	6
0	2	7	7
0	2	8	8
0	2	9	9
1
2	4	<space>	<epsilon>
2	5	.	<epsilon>
2	6	0	0
2	7	1	1
2	7	2	2
2	7	3	3
2	7	4	4
2	7	5	5
2	7	6	6
2	7	7	7
2	7	8	8
2	7	9	9
2
3	1	0	0
3	2	1	1
3	2	2	2
3	2	3	3
3	2	4	4
3	2	5	5
3	2	6	6
3	2	7	7
3	2	8	8
3	2	9	9
4	8	.	<epsilon>
4	9	0	0
4	9	1	1
4	9	2	2
4	9	3	3
4	9	4	4
4	9	5	5
4	9	6	6
4	9	7	7
4	9	8	8
4	9	9	9
5	10	<space>	<epsilon>
5	11	0	0
5	11	1	1
5	11	2	2
5	11	3	3
5	11	4	4
5	11	5	5
5	11	6	6
5	11	7	7
5	11	8	8
5	11	9	9
6	4	<space>	<epsilon>
6	5	.	<epsilon>
6	12	0	0
6	13	1	1
6	13	2	2
6	13	3	3
6	13	4	4
6	13	5	5
6	13	6	6
6	13	7	7
6	13	8	8
6	13	9	9
6
7	4	<space>	<epsilon>
7	5	.	<epsilon>
7	12	0	0
7	14	1	1
7	14	2	2
7	14	3	3
7	14	4	4
7	14	5	5
7	14	6	6
7	14	7	7
7	14	8	8
7	14	9	9
7
8	15	<space>	<epsilon>
8	16	0	0
8	16	1	1
8	16	2	2
8	16	3	3
8	16	4	4
8	16	5	5
8	16	6	6
8	16	7	7
8	16	8	8
8	16	9	9
9	17	0	0
9	17	1	1
9	17	2	2
9	17	3	3
9	17	4	4
9	17	5	5
9	17	6	6
9	17	7	7
9	17	8	8
9	17	9	9
10	18	0	0
11	19	0	0
11	19	1	1
11	19	2	2
11	19	3	3
11	19	4	4
11	19	5	5
11	19	6	6
11	19	7	7
11	19	8	8
11	19	9	9
12	4	<space>	<epsilon>
12	5	.	<epsilon>
12	20	0	0
12	21	1	1
12	21	2	2
12	21	3	3
12	21	4	4
12	21	5	5
12	21	6	6
12	21	7	7
12	21	8	8
12	21	9	9
12
13	4	<space>	<epsilon>
13	22	.	<epsilon>
13	21	0	0
13	21	1	1
13	21	2	2
13	21	3	3
13	21	4	4
13	21	5	5
13	21	6	6
13	21	7	7
13	21	8	8
13	21	9	9
13
14	4	<space>	<epsilon>
14	5	.	<epsilon>
14	20	0	0
14	20	1	1
14	20	2	2
14	20	3	3
14	20	4	4
14	20	5	5
14	20	6	6
14	20	7	7
14	20	8	8
14	20	9	9
14
15	23	0	0
15	23	1	1
15	23	2	2
15	23	3	3
15	23	4	4
15	23	5	5
15	23	6	6
15	23	7	7
15	23	8	8
15	23	9	9
16	24	0	0
16	24	1	1
16	24	2	2
16	24	3	3
16	24	4	4
16	24	5	5
16	24	6	6
16	24	7	7
16	24	8	8
16	24	9	9
17	25	0	0
17	25	1	1
17	25	2	2
17	25	3	3
17	25	4	4
17	25	5	5
17	25	6	6
17	25	7	7
17	25	8	8
17	25	9	9
18	26	0	0
19	27	0	0
19	27	1	1
19	27	2	2
19	27	3	3
19	27	4	4
19	27	5	5
19	27	6	6
19	27	7	7
19	27	8	8
19	27	9	9
20	28	<space>	<epsilon>
20	5	.	<epsilon>
20	29	0	0
20	29	1	1
20	29	2	2
20	29	3	3
20	29	4	4
20	29	5	5
20	29	6	6
20	29	7	7
20	29	8	8
20	29	9	9
20
21	28	<space>	<epsilon>
21	22	.	<epsilon>
21	29	0	0
21	29	1	1
21	29	2	2
21	29	3	3
21	29	4	4
21	29	5	5
21	29	6	6
21	29	7	7
21	29	8	8
21	29	9	9
21
22	11	0	0
22	11	1	1
22	11	2	2
22	11	3	3
22	11	4	4
22	11	5	5
22	11	6	6
22	11	7	7
22	11	8	8
22	11	9	9
23	30	0	0
23	30	1	1
23	30	2	2
23	30	3	3
23	30	4	4
23	30	5	5
23	30	6	6
23	30	7	7
23	30	8	8
23	30	9	9
24	31	0	0
24	31	1	1
24	31	2	2
24	31	3	3
24	31	4	4
24	31	5	5
24	31	6	6
24	31	7	7
24	31	8	8
24	31	9	9
25	32	<space>	<epsilon>
25
26	33	0	0
27	22	.	<epsilon>
27
28	8	.	<epsilon>
29	29	0	0
29	29	1	1
29	29	2	2
29	29	3	3
29	29	4	4
29	29	5	5
29	29	6	6
29	29	7	7
29	29	8	8
29	29	9	9
29
30	34	0	0
30	34	1	1
30	34	2	2
30	34	3	3
30	34	4	4
30	34	5	5
30	34	6	6
30	34	7	7
30	34	8	8
30	34	9	9
31	35	<space>	<epsilon>
31
32	9	0	0
32	9	1	1
32	9	2	2
32	9	3	3
32	9	4	4
32	9	5	5
32	9	6	6
32	9	7	7
32	9	8	8
32	9	9	9
33	36	.	<epsilon>
33
34	37	<space>	<epsilon>
34
35	38	.	<epsilon>
36	10	<space>	<epsilon>
37	39	.	<epsilon>
38	16	0	0
38	16	1	1
38	16	2	2
38	16	3	3
38	16	4	4
38	16	5	5
38	16	6	6
38	16	7	7
38	16	8	8
38	16	9	9
39	15	<space>	<epsilon>
