0	3	-	-
0	1	0	0
0	2	1	1
0	2	2	2
0	2	3	3
0	2	4	4
0	2	5	5
0	2	6	6
0	2	7	7
0	2	8	8
0	2	9	9
1
2	4	<space>	<epsilon>
2	5	'	<epsilon>
2	6	,	<epsilon>
2	7	.	<epsilon>
2	8	0	0
2	9	1	1
2	9	2	2
2	9	3	3
2	9	4	4
2	9	5	5
2	9	6	6
2	9	7	7
2	9	8	8
2	9	9	9
2
3	1	0	0
3	2	1	1
3	2	2	2
3	2	3	3
3	2	4	4
3	2	5	5
3	2	6	6
3	2	7	7
3	2	8	8
3	2	9	9
4	10	'	<epsilon>
4	11	,	<epsilon>
4	12	.	<epsilon>
4	13	0	0
4	13	1	1
4	13	2	2
4	13	3	3
4	13	4	4
4	13	5	5
4	13	6	6
4	13	7	7
4	13	8	8
4	13	9	9
5	14	<space>	<epsilon>
5	15	0	0
5	15	1	1
5	15	2	2
5	15	3	3
5	15	4	4
5	15	5	5
5	15	6	6
5	15	7	7
5	15	8	8
5	15	9	9
6	16	<space>	<epsilon>
6	17	0	0
6	17	1	1
6	17	2	2
6	17	3	3
6	17	4	4
6	17	5	5
6	17	6	6
6	17	7	7
6	17	8	8
6	17	9	9
7	18	<space>	<epsilon>
7	19	0	0
7	19	1	1
7	19	2	2
7	19	3	3
7	19	4	4
7	19	5	5
7	19	6	6
7	19	7	7
7	19	8	8
7	19	9	9
8	4	<space>	<epsilon>
8	5	'	<epsilon>
8	6	,	<epsilon>
8	7	.	<epsilon>
8	20	0	0
8	21	1	1
8	21	2	2
8	21	3	3
8	21	4	4
8	21	5	5
8	21	6	6
8	21	7	7
8	21	8	8
8	21	9	9
8
9	4	<space>	<epsilon>
9	5	'	<epsilon>
9	6	,	<epsilon>
9	7	.	<epsilon>
9	20	0	0
9	22	1	1
9	22	2	2
9	22	3	3
9	22	4	4
9	22	5	5
9	22	6	6
9	22	7	7
9	22	8	8
9	22	9	9
9
10	23	<space>	<epsilon>
10	24	0	0
10	24	1	1
10	24	2	2
10	24	3	3
10	24	4	4
10	24	5	5
10	24	6	6
10	24	7	7
10	24	8	8
10	24	9	9
11	25	<space>	<epsilon>
11	26	0	0
11	26	1	1
11	26	2	2
11	26	3	3
11	26	4	4
11	26	5	5
11	26	6	6
11	26	7	7
11	26	8	8
11	26	9	9
12	27	<space>	<epsilon>
12	28	0	0
12	28	1	1
12	28	2	2
12	28	3	3
12	28	4	4
12	28	5	5
12	28	6	6
12	28	7	7
12	28	8	8
12	28	9	9
13	29	0	0
13	29	1	1
13	29	2	2
13	29	3	3
13	29	4	4
13	29	5	5
13	29	6	6
13	29	7	7
13	29	8	8
13	29	9	9
14	30	0	0
15	31	0	0
15	31	1	1
15	31	2	2
15	31	3	3
15	31	4	4
15	31	5	5
15	31	6	6
15	31	7	7
15	31	8	8
15	31	9	9
16	32	0	0
16	32	1	1
16	32	2	2
16	32	3	3
16	32	4	4
16	32	5	5
16	32	6	6
16	32	7	7
16	32	8	8
16	32	9	9
17	33	0	0
17	33	1	1
17	33	2	2
17	33	3	3
17	33	4	4
17	33	5	5
17	33	6	6
17	33	7	7
17	33	8	8
17	33	9	9
18	34	0	0
18	34	1	1
18	34	2	2
18	34	3	3
18	34	4	4
18	34	5	5
18	34	6	6
18	34	7	7
18	34	8	8
18	34	9	9
19	35	0	0
19	35	1	1
19	35	2	2
19	35	3	3
19	35	4	4
19	35	5	5
19	35	6	6
19	35	7	7
19	35	8	8
19	35	9	9
20	4	<space>	<epsilon>
20	5	'	<epsilon>
20	6	,	<epsilon>
20	7	.	<epsilon>
20	36	0	0
20	37	1	1
20	37	2	2
20	37	3	3
20	37	4	4
20	37	5	5
20	37	6	6
20	37	7	7
20	37	8	8
20	37	9	9
20
21	4	<space>	<epsilon>
21	38	'	<epsilon>
21	6	,	<epsilon>
21	7	.	<epsilon>
21	37	0	0
21	37	1	1
21	37	2	2
21	37	3	3
21	37	4	4
21	37	5	5
21	37	6	6
21	37	7	7
21	37	8	8
21	37	9	9
21
22	4	<space>	<epsilon>
22	5	'	<epsilon>
22	6	,	<epsilon>
22	7	.	<epsilon>
22	36	0	0
22	36	1	1
22	36	2	2
22	36	3	3
22	36	4	4
22	36	5	5
22	36	6	6
22	36	7	7
22	36	8	8
22	36	9	9
22
23	39	0	0
23	39	1	1
23	39	2	2
23	39	3	3
23	39	4	4
23	39	5	5
23	39	6	6
23	39	7	7
23	39	8	8
23	39	9	9
24	40	0	0
24	40	1	1
24	40	2	2
24	40	3	3
24	40	4	4
24	40	5	5
24	40	6	6
24	40	7	7
24	40	8	8
24	40	9	9
25	41	0	0
25	41	1	1
25	41	2	2
25	41	3	3
25	41	4	4
25	41	5	5
25	41	6	6
25	41	7	7
25	41	8	8
25	41	9	9
26	42	0	0
26	42	1	1
26	42	2	2
26	42	3	3
26	42	4	4
26	42	5	5
26	42	6	6
26	42	7	7
26	42	8	8
26	42	9	9
27	43	0	0
27	43	1	1
27	43	2	2
27	43	3	3
27	43	4	4
27	43	5	5
27	43	6	6
27	43	7	7
27	43	8	8
27	43	9	9
28	44	0	0
28	44	1	1
28	44	2	2
28	44	3	3
28	44	4	4
28	44	5	5
28	44	6	6
28	44	7	7
28	44	8	8
28	44	9	9
29	45	0	0
29	45	1	1
29	45	2	2
29	45	3	3
29	45	4	4
29	45	5	5
29	45	6	6
29	45	7	7
29	45	8	8
29	45	9	9
30	46	0	0
31	47	0	0
31	47	1	1
31	47	2	2
31	47	3	3
31	47	4	4
31	47	5	5
31	47	6	6
31	47	7	7
31	47	8	8
31	47	9	9
32	48	0	0
32	48	1	1
32	48	2	2
32	48	3	3
32	48	4	4
32	48	5	5
32	48	6	6
32	48	7	7
32	48	8	8
32	48	9	9
33	49	0	0
33	49	1	1
33	49	2	2
33	49	3	3
33	49	4	4
33	49	5	5
33	49	6	6
33	49	7	7
33	49	8	8
33	49	9	9
34	50	0	0
34	50	1	1
34	50	2	2
34	50	3	3
34	50	4	4
34	50	5	5
34	50	6	6
34	50	7	7
34	50	8	8
34	50	9	9
35	51	0	0
35	51	1	1
35	51	2	2
35	51	3	3
35	51	4	4
35	51	5	5
35	51	6	6
35	51	7	7
35	51	8	8
35	51	9	9
36	52	<space>	<epsilon>
36	5	'	<epsilon>
36	53	0	0
36	53	1	1
36	53	2	2
36	53	3	3
36	53	4	4
36	53	5	5
36	53	6	6
36	53	7	7
36	53	8	8
36	53	9	9
36
37	52	<space>	<epsilon>
37	38	'	<epsilon>
37	53	0	0
37	53	1	1
37	53	2	2
37	53	3	3
37	53	4	4
37	53	5	5
37	53	6	6
37	53	7	7
37	53	8	8
37	53	9	9
37
38	15	0	0
38	15	1	1
38	15	2	2
38	15	3	3
38	15	4	4
38	15	5	5
38	15	6	6
38	15	7	7
38	15	8	8
38	15	9	9
39	54	0	0
39	54	1	1
39	54	2	2
39	54	3	3
39	54	4	4
39	54	5	5
39	54	6	6
39	54	7	7
39	54	8	8
39	54	9	9
40	55	0	0
40	55	1	1
40	55	2	2
40	55	3	3
40	55	4	4
40	55	5	5
40	55	6	6
40	55	7	7
40	55	8	8
40	55	9	9
41	56	0	0
41	56	1	1
41	56	2	2
41	56	3	3
41	56	4	4
41	56	5	5
41	56	6	6
41	56	7	7
41	56	8	8
41	56	9	9
42	57	0	0
42	57	1	1
42	57	2	2
42	57	3	3
42	57	4	4
42	57	5	5
42	57	6	6
42	57	7	7
42	57	8	8
42	57	9	9
43	58	0	0
43	58	1	1
43	58	2	2
43	58	3	3
43	58	4	4
43	58	5	5
43	58	6	6
43	58	7	7
43	58	8	8
43	58	9	9
44	59	0	0
44	59	1	1
44	59	2	2
44	59	3	3
44	59	4	4
44	59	5	5
44	59	6	6
44	59	7	7
44	59	8	8
44	59	9	9
45	60	<space>	<epsilon>
45
46	61	0	0
47	38	'	<epsilon>
47
48	62	0	0
48	62	1	1
48	62	2	2
48	62	3	3
48	62	4	4
48	62	5	5
48	62	6	6
48	62	7	7
48	62	8	8
48	62	9	9
49	63	,	<epsilon>
50	64	0	0
50	64	1	1
50	64	2	2
50	64	3	3
50	64	4	4
50	64	5	5
50	64	6	6
50	64	7	7
50	64	8	8
50	64	9	9
51	65	.	<epsilon>
52	10	'	<epsilon>
53	53	0	0
53	53	1	1
53	53	2	2
53	53	3	3
53	53	4	4
53	53	5	5
53	53	6	6
53	53	7	7
53	53	8	8
53	53	9	9
53
54	66	0	0
54	66	1	1
54	66	2	2
54	66	3	3
54	66	4	4
54	66	5	5
54	66	6	6
54	66	7	7
54	66	8	8
54	66	9	9
55	67	<space>	<epsilon>
55
56	68	0	0
56	68	1	1
56	68	2	2
56	68	3	3
56	68	4	4
56	68	5	5
56	68	6	6
56	68	7	7
56	68	8	8
56	68	9	9
57	69	<space>	<epsilon>
58	70	0	0
58	70	1	1
58	70	2	2
58	70	3	3
58	70	4	4
58	70	5	5
58	70	6	6
58	70	7	7
58	70	8	8
58	70	9	9
59	71	<space>	<epsilon>
60	13	0	0
60	13	1	1
60	13	2	2
60	13	3	3
60	13	4	4
60	13	5	5
60	13	6	6
60	13	7	7
60	13	8	8
60	13	9	9
61	72	'	<epsilon>
61
62	73	,	<epsilon>
63	74	0	0
63	74	1	1
63	74	2	2
63	74	3	3
63	74	4	4
63	74	5	5
63	74	6	6
63	74	7	7
63	74	8	8
63	74	9	9
64	75	.	<epsilon>
65	76	0	0
65	76	1	1
65	76	2	2
65	76	3	3
65	76	4	4
65	76	5	5
65	76	6	6
65	76	7	7
65	76	8	8
65	76	9	9
66	77	<space>	<epsilon>
66
67	78	'	<epsilon>
68	79	<space>	<epsilon>
69	80	,	<epsilon>
70	81	<space>	<epsilon>
71	82	.	<epsilon>
72	14	<space>	<epsilon>
73	83	<space>	<epsilon>
74	84	0	0
74	84	1	1
74	84	2	2
74	84	3	3
74	84	4	4
74	84	5	5
74	84	6	6
74	84	7	7
74	84	8	8
74	84	9	9
75	85	<space>	<epsilon>
76	86	0	0
76	86	1	1
76	86	2	2
76	86	3	3
76	86	4	4
76	86	5	5
76	86	6	6
76	86	7	7
76	86	8	8
76	86	9	9
77	87	'	<epsilon>
78	24	0	0
78	24	1	1
78	24	2	2
78	24	3	3
78	24	4	4
78	24	5	5
78	24	6	6
78	24	7	7
78	24	8	8
78	24	9	9
79	88	,	<epsilon>
80	89	0	0
80	89	1	1
80	89	2	2
80	89	3	3
80	89	4	4
80	89	5	5
80	89	6	6
80	89	7	7
80	89	8	8
80	89	9	9
81	90	.	<epsilon>
82	91	0	0
82	91	1	1
82	91	2	2
82	91	3	3
82	91	4	4
82	91	5	5
82	91	6	6
82	91	7	7
82	91	8	8
82	91	9	9
83	92	0	0
83	92	1	1
83	92	2	2
83	92	3	3
83	92	4	4
83	92	5	5
83	92	6	6
83	92	7	7
83	92	8	8
83	92	9	9
84	93	0	0
84	93	1	1
84	93	2	2
84	93	3	3
84	93	4	4
84	93	5	5
84	93	6	6
84	93	7	7
84	93	8	8
84	93	9	9
85	94	0	0
85	94	1	1
85	94	2	2
85	94	3	3
85	94	4	4
85	94	5	5
85	94	6	6
85	94	7	7
85	94	8	8
85	94	9	9
86	95	0	0
86	95	1	1
86	95	2	2
86	95	3	3
86	95	4	4
86	95	5	5
86	95	6	6
86	95	7	7
86	95	8	8
86	95	9	9
87	23	<space>	<epsilon>
88	96	<space>	<epsilon>
89	97	0	0
89	97	1	1
89	97	2	2
89	97	3	3
89	97	4	4
89	97	5	5
89	97	6	6
89	97	7	7
89	97	8	8
89	97	9	9
90	98	<space>	<epsilon>
91	99	0	0
91	99	1	1
91	99	2	2
91	99	3	3
91	99	4	4
91	99	5	5
91	99	6	6
91	99	7	7
91	99	8	8
91	99	9	9
92	100	0	0
92	100	1	1
92	100	2	2
92	100	3	3
92	100	4	4
92	100	5	5
92	100	6	6
92	100	7	7
92	100	8	8
92	100	9	9
93	63	,	<epsilon>
93
94	101	0	0
94	101	1	1
94	101	2	2
94	101	3	3
94	101	4	4
94	101	5	5
94	101	6	6
94	101	7	7
94	101	8	8
94	101	9	9
95	65	.	<epsilon>
95
96	102	0	0
96	102	1	1
96	102	2	2
96	102	3	3
96	102	4	4
96	102	5	5
96	102	6	6
96	102	7	7
96	102	8	8
96	102	9	9
97	103	0	0
97	103	1	1
97	103	2	2
97	103	3	3
97	103	4	4
97	103	5	5
97	103	6	6
97	103	7	7
97	103	8	8
97	103	9	9
98	104	0	0
98	104	1	1
98	104	2	2
98	104	3	3
98	104	4	4
98	104	5	5
98	104	6	6
98	104	7	7
98	104	8	8
98	104	9	9
99	105	0	0
99	105	1	1
99	105	2	2
99	105	3	3
99	105	4	4
99	105	5	5
99	105	6	6
99	105	7	7
99	105	8	8
99	105	9	9
100	106	0	0
100	106	1	1
100	106	2	2
100	106	3	3
100	106	4	4
100	106	5	5
100	106	6	6
100	106	7	7
100	106	8	8
100	106	9	9
101	107	0	0
101	107	1	1
101	107	2	2
101	107	3	3
101	107	4	4
101	107	5	5
101	107	6	6
101	107	7	7
101	107	8	8
101	107	9	9
102	108	0	0
102	108	1	1
102	108	2	2
102	108	3	3
102	108	4	4
102	108	5	5
102	108	6	6
102	108	7	7
102	108	8	8
102	108	9	9
103	69	<space>	<epsilon>
103
104	109	0	0
104	109	1	1
104	109	2	2
104	109	3	3
104	109	4	4
104	109	5	5
104	109	6	6
104	109	7	7
104	109	8	8
104	109	9	9
105	71	<space>	<epsilon>
105
106	73	,	<epsilon>
106
107	75	.	<epsilon>
107
108	110	0	0
108	110	1	1
108	110	2	2
108	110	3	3
108	110	4	4
108	110	5	5
108	110	6	6
108	110	7	7
108	110	8	8
108	110	9	9
109	111	0	0
109	111	1	1
109	111	2	2
109	111	3	3
109	111	4	4
109	111	5	5
109	111	6	6
109	111	7	7
109	111	8	8
109	111	9	9
110	79	<space>	<epsilon>
110
111	81	<space>	<epsilon>
111
