0	1	<epsilon>	c
1	2	<epsilon>	a
2	3	<epsilon>	r
3	4	<epsilon>	d
4	5	<epsilon>	i
5	6	<epsilon>	n
6	7	<epsilon>	a
7	8	<epsilon>	l
8	9	<epsilon>	<space>
9	10	<epsilon>	{
10	11	<epsilon>	<space>
11	12	<epsilon>	i
12	13	<epsilon>	n
13	14	<epsilon>	t
14	15	<epsilon>	e
15	16	<epsilon>	g
16	17	<epsilon>	e
17	18	<epsilon>	r
18	19	<epsilon>	:
19	20	<epsilon>	<space>
20	21	<epsilon>	"
21	22	-	-
21	23	0	0
21	24	1	1
21	24	2	2
21	24	3	3
21	24	4	4
21	24	5	5
21	24	6	6
21	24	7	7
21	24	8	8
21	24	9	9
22	23	0	0
22	24	1	1
22	24	2	2
22	24	3	3
22	24	4	4
22	24	5	5
22	24	6	6
22	24	7	7
22	24	8	8
22	24	9	9
23	25	<epsilon>	"
24	25	<epsilon>	"
24	27	,	<epsilon>
24	26	0	0
24	26	1	1
24	26	2	2
24	26	3	3
24	26	4	4
24	26	5	5
24	26	6	6
24	26	7	7
24	26	8	8
24	26	9	9
25	28	<epsilon>	<space>
26	25	<epsilon>	"
26	27	,	<epsilon>
26	29	0	0
26	29	1	1
26	29	2	2
26	29	3	3
26	29	4	4
26	29	5	5
26	29	6	6
26	29	7	7
26	29	8	8
26	29	9	9
27	30	0	0
27	30	1	1
27	30	2	2
27	30	3	3
27	30	4	4
27	30	5	5
27	30	6	6
27	30	7	7
27	30	8	8
27	30	9	9
28	31	<epsilon>	}
29	25	<epsilon>	"
29	29	0	0
29	29	1	1
29	29	2	2
29	29	3	3
29	29	4	4
29	29	5	5
29	29	6	6
29	29	7	7
29	29	8	8
29	29	9	9
30	32	0	0
30	32	1	1
30	32	2	2
30	32	3	3
30	32	4	4
30	32	5	5
30	32	6	6
30	32	7	7
30	32	8	8
30	32	9	9
31
32	27	,	<epsilon>
32	23	0	0
32	23	1	1
32	23	2	2
32	23	3	3
32	23	4	4
32	23	5	5
32	23	6	6
32	23	7	7
32	23	8	8
32	23	9	9
