0	3	-	-
0	1	0	0
0	2	1	1
0	2	2	2
0	2	3	3
0	2	4	4
0	2	5	5
0	2	6	6
0	2	7	7
0	2	8	8
0	2	9	9
1
2	4	<space>	<epsilon>
2	5	,	<epsilon>
2	6	.	<epsilon>
2	7	0	0
2	8	1	1
2	8	2	2
2	8	3	3
2	8	4	4
2	8	5	5
2	8	6	6
2	8	7	7
2	8	8	8
2	8	9	9
2
3	1	0	0
3	2	1	1
3	2	2	2
3	2	3	3
3	2	4	4
3	2	5	5
3	2	6	6
3	2	7	7
3	2	8	8
3	2	9	9
4	9	,	<epsilon>
4	10	.	<epsilon>
4	11	0	0
4	11	1	1
4	11	2	2
4	11	3	3
4	11	4	4
4	11	5	5
4	11	6	6
4	11	7	7
4	11	8	8
4	11	9	9
5	12	<space>	<epsilon>
5	13	0	0
5	14	1	1
5	14	2	2
5	14	3	3
5	14	4	4
5	14	5	5
5	14	6	6
5	14	7	7
5	14	8	8
5	14	9	9
6	15	<space>	<epsilon>
6	16	0	0
6	16	1	1
6	16	2	2
6	16	3	3
6	16	4	4
6	16	5	5
6	16	6	6
6	16	7	7
6	16	8	8
6	16	9	9
7	4	<space>	<epsilon>
7	5	,	<epsilon>
7	6	.	<epsilon>
7	17	0	0
7	18	1	1
7	18	2	2
7	18	3	3
7	18	4	4
7	18	5	5
7	18	6	6
7	18	7	7
7	18	8	8
7	18	9	9
7
8	4	<space>	<epsilon>
8	5	,	<epsilon>
8	6	.	<epsilon>
8	17	0	0
8	19	1	1
8	19	2	2
8	19	3	3
8	19	4	4
8	19	5	5
8	19	6	6
8	19	7	7
8	19	8	8
8	19	9	9
8
9	20	<space>	<epsilon>
9	21	0	0
9	21	1	1
9	21	2	2
9	21	3	3
9	21	4	4
9	21	5	5
9	21	6	6
9	21	7	7
9	21	8	8
9	21	9	9
10	22	<space>	<epsilon>
10	23	0	0
10	23	1	1
10	23	2	2
10	23	3	3
10	23	4	4
10	23	5	5
10	23	6	6
10	23	7	7
10	23	8	8
10	23	9	9
11	24	0	0
11	24	1	1
11	24	2	2
11	24	3	3
11	24	4	4
11	24	5	5
11	24	6	6
11	24	7	7
11	24	8	8
11	24	9	9
12	25	0	0
12	25	1	1
12	25	2	2
12	25	3	3
12	25	4	4
12	25	5	5
12	25	6	6
12	25	7	7
12	25	8	8
12	25	9	9
13	26	0	0
13	27	1	1
13	27	2	2
13	27	3	3
13	27	4	4
13	27	5	5
13	27	6	6
13	27	7	7
13	27	8	8
13	27	9	9
14	27	0	0
14	27	1	1
14	27	2	2
14	27	3	3
14	27	4	4
14	27	5	5
14	27	6	6
14	27	7	7
14	27	8	8
14	27	9	9
15	28	0	0
16	29	0	0
16	29	1	1
16	29	2	2
16	29	3	3
16	29	4	4
16	29	5	5
16	29	6	6
16	29	7	7
16	29	8	8
16	29	9	9
17	4	<space>	<epsilon>
17	5	,	<epsilon>
17	6	.	<epsilon>
17	30	0	0
17	31	1	1
17	31	2	2
17	31	3	3
17	31	4	4
17	31	5	5
17	31	6	6
17	31	7	7
17	31	8	8
17	31	9	9
17
18	4	<space>	<epsilon>
18	5	,	<epsilon>
18	32	.	<epsilon>
18	31	0	0
18	31	1	1
18	31	2	2
18	31	3	3
18	31	4	4
18	31	5	5
18	31	6	6
18	31	7	7
18	31	8	8
18	31	9	9
18
19	4	<space>	<epsilon>
19	5	,	<epsilon>
19	6	.	<epsilon>
19	30	0	0
19	30	1	1
19	30	2	2
19	30	3	3
19	30	4	4
19	30	5	5
19	30	6	6
19	30	7	7
19	30	8	8
19	30	9	9
19
20	33	0	0
20	33	1	1
20	33	2	2
20	33	3	3
20	33	4	4
20	33	5	5
20	33	6	6
20	33	7	7
20	33	8	8
20	33	9	9
21	34	0	0
21	34	1	1
21	34	2	2
21	34	3	3
21	34	4	4
21	34	5	5
21	34	6	6
21	34	7	7
21	34	8	8
21	34	9	9
22	35	0	0
22	35	1	1
22	35	2	2
22	35	3	3
22	35	4	4
22	35	5	5
22	35	6	6
22	35	7	7
22	35	8	8
22	35	9	9
23	36	0	0
23	36	1	1
23	36	2	2
23	36	3	3
23	36	4	4
23	36	5	5
23	36	6	6
23	36	7	7
23	36	8	8
23	36	9	9
24	37	0	0
24	37	1	1
24	37	2	2
24	37	3	3
24	37	4	4
24	37	5	5
24	37	6	6
24	37	7	7
24	37	8	8
24	37	9	9
25	38	0	0
25	38	1	1
25	38	2	2
25	38	3	3
25	38	4	4
25	38	5	5
25	38	6	6
25	38	7	7
25	38	8	8
25	38	9	9
26	39	0	0
26	40	1	1
26	40	2	2
26	40	3	3
26	40	4	4
26	40	5	5
26	40	6	6
26	40	7	7
26	40	8	8
26	40	9	9
27	40	0	0
27	40	1	1
27	40	2	2
27	40	3	3
27	40	4	4
27	40	5	5
27	40	6	6
27	40	7	7
27	40	8	8
27	40	9	9
28	41	0	0
29	42	0	0
29	42	1	1
29	42	2	2
29	42	3	3
29	42	4	4
29	42	5	5
29	42	6	6
29	42	7	7
29	42	8	8
29	42	9	9
30	43	<space>	<epsilon>
30	6	.	<epsilon>
30	44	0	0
30	44	1	1
30	44	2	2
30	44	3	3
30	44	4	4
30	44	5	5
30	44	6	6
30	44	7	7
30	44	8	8
30	44	9	9
30
31	43	<space>	<epsilon>
31	32	.	<epsilon>
31	44	0	0
31	44	1	1
31	44	2	2
31	44	3	3
31	44	4	4
31	44	5	5
31	44	6	6
31	44	7	7
31	44	8	8
31	44	9	9
31
32	16	0	0
32	16	1	1
32	16	2	2
32	16	3	3
32	16	4	4
32	16	5	5
32	16	6	6
32	16	7	7
32	16	8	8
32	16	9	9
33	45	0	0
33	45	1	1
33	45	2	2
33	45	3	3
33	45	4	4
33	45	5	5
33	45	6	6
33	45	7	7
33	45	8	8
33	45	9	9
34	46	0	0
34	46	1	1
34	46	2	2
34	46	3	3
34	46	4	4
34	46	5	5
34	46	6	6
34	46	7	7
34	46	8	8
34	46	9	9
35	47	0	0
35	47	1	1
35	47	2	2
35	47	3	3
35	47	4	4
35	47	5	5
35	47	6	6
35	47	7	7
35	47	8	8
35	47	9	9
36	48	0	0
36	48	1	1
36	48	2	2
36	48	3	3
36	48	4	4
36	48	5	5
36	48	6	6
36	48	7	7
36	48	8	8
36	48	9	9
37	49	<space>	<epsilon>
37
38	50	0	0
38	50	1	1
38	50	2	2
38	50	3	3
38	50	4	4
38	50	5	5
38	50	6	6
38	50	7	7
38	50	8	8
38	50	9	9
39	51	,	<epsilon>
39
40	51	,	<epsilon>
41	52	0	0
42	32	.	<epsilon>
42
43	10	.	<epsilon>
44	44	0	0
44	44	1	1
44	44	2	2
44	44	3	3
44	44	4	4
44	44	5	5
44	44	6	6
44	44	7	7
44	44	8	8
44	44	9	9
44
45	53	0	0
45	53	1	1
45	53	2	2
45	53	3	3
45	53	4	4
45	53	5	5
45	53	6	6
45	53	7	7
45	53	8	8
45	53	9	9
46	54	<space>	<epsilon>
47	55	0	0
47	55	1	1
47	55	2	2
47	55	3	3
47	55	4	4
47	55	5	5
47	55	6	6
47	55	7	7
47	55	8	8
47	55	9	9
48	56	<space>	<epsilon>
48
49	11	0	0
49	11	1	1
49	11	2	2
49	11	3	3
49	11	4	4
49	11	5	5
49	11	6	6
49	11	7	7
49	11	8	8
49	11	9	9
50	57	,	<epsilon>
51	58	0	0
51	58	1	1
51	58	2	2
51	58	3	3
51	58	4	4
51	58	5	5
51	58	6	6
51	58	7	7
51	58	8	8
51	58	9	9
52	59	.	<epsilon>
52
53	60	<space>	<epsilon>
54	61	,	<epsilon>
55	62	<space>	<epsilon>
55
56	63	.	<epsilon>
57	64	<space>	<epsilon>
58	65	0	0
58	65	1	1
58	65	2	2
58	65	3	3
58	65	4	4
58	65	5	5
58	65	6	6
58	65	7	7
58	65	8	8
58	65	9	9
59	15	<space>	<epsilon>
60	66	,	<epsilon>
61	67	0	0
61	67	1	1
61	67	2	2
61	67	3	3
61	67	4	4
61	67	5	5
61	67	6	6
61	67	7	7
61	67	8	8
61	67	9	9
62	68	.	<epsilon>
63	23	0	0
63	23	1	1
63	23	2	2
63	23	3	3
63	23	4	4
63	23	5	5
63	23	6	6
63	23	7	7
63	23	8	8
63	23	9	9
64	69	0	0
64	69	1	1
64	69	2	2
64	69	3	3
64	69	4	4
64	69	5	5
64	69	6	6
64	69	7	7
64	69	8	8
64	69	9	9
65	39	0	0
65	39	1	1
65	39	2	2
65	39	3	3
65	39	4	4
65	39	5	5
65	39	6	6
65	39	7	7
65	39	8	8
65	39	9	9
66	70	<space>	<epsilon>
67	71	0	0
67	71	1	1
67	71	2	2
67	71	3	3
67	71	4	4
67	71	5	5
67	71	6	6
67	71	7	7
67	71	8	8
67	71	9	9
68	22	<space>	<epsilon>
69	72	0	0
69	72	1	1
69	72	2	2
69	72	3	3
69	72	4	4
69	72	5	5
69	72	6	6
69	72	7	7
69	72	8	8
69	72	9	9
70	73	0	0
70	73	1	1
70	73	2	2
70	73	3	3
70	73	4	4
70	73	5	5
70	73	6	6
70	73	7	7
70	73	8	8
70	73	9	9
71	74	0	0
71	74	1	1
71	74	2	2
71	74	3	3
71	74	4	4
71	74	5	5
71	74	6	6
71	74	7	7
71	74	8	8
71	74	9	9
72	75	0	0
72	75	1	1
72	75	2	2
72	75	3	3
72	75	4	4
72	75	5	5
72	75	6	6
72	75	7	7
72	75	8	8
72	75	9	9
73	76	0	0
73	76	1	1
73	76	2	2
73	76	3	3
73	76	4	4
73	76	5	5
73	76	6	6
73	76	7	7
73	76	8	8
73	76	9	9
74	54	<space>	<epsilon>
74
75	57	,	<epsilon>
75
76	77	0	0
76	77	1	1
76	77	2	2
76	77	3	3
76	77	4	4
76	77	5	5
76	77	6	6
76	77	7	7
76	77	8	8
76	77	9	9
77	60	<space>	<epsilon>
77
