0	3	-	-
0	1	0	0
0	2	1	1
0	2	2	2
0	2	3	3
0	2	4	4
0	2	5	5
0	2	6	6
0	2	7	7
0	2	8	8
0	2	9	9
1
2	4	<space>	<epsilon>
2	5	,	<epsilon>
2	6	.	<epsilon>
2	7	0	0
2	8	1	1
2	8	2	2
2	8	3	3
2	8	4	4
2	8	5	5
2	8	6	6
2	8	7	7
2	8	8	8
2	8	9	9
2
3	1	0	0
3	2	1	1
3	2	2	2
3	2	3	3
3	2	4	4
3	2	5	5
3	2	6	6
3	2	7	7
3	2	8	8
3	2	9	9
4	9	,	<epsilon>
4	10	.	<epsilon>
4	11	0	0
4	11	1	1
4	11	2	2
4	11	3	3
4	11	4	4
4	11	5	5
4	11	6	6
4	11	7	7
4	11	8	8
4	11	9	9
5	12	<space>	<epsilon>
5	13	0	0
5	13	1	1
5	13	2	2
5	13	3	3
5	13	4	4
5	13	5	5
5	13	6	6
5	13	7	7
5	13	8	8
5	13	9	9
6	14	<space>	<epsilon>
6	15	0	0
6	15	1	1
6	15	2	2
6	15	3	3
6	15	4	4
6	15	5	5
6	15	6	6
6	15	7	7
6	15	8	8
6	15	9	9
7	4	<space>	<epsilon>
7	5	,	<epsilon>
7	6	.	<epsilon>
7	16	0	0
7	17	1	1
7	17	2	2
7	17	3	3
7	17	4	4
7	17	5	5
7	17	6	6
7	17	7	7
7	17	8	8
7	17	9	9
7
8	4	<space>	<epsilon>
8	5	,	<epsilon>
8	6	.	<epsilon>
8	16	0	0
8	18	1	1
8	18	2	2
8	18	3	3
8	18	4	4
8	18	5	5
8	18	6	6
8	18	7	7
8	18	8	8
8	18	9	9
8
9	19	<space>	<epsilon>
9	20	0	0
9	20	1	1
9	20	2	2
9	20	3	3
9	20	4	4
9	20	5	5
9	20	6	6
9	20	7	7
9	20	8	8
9	20	9	9
10	21	<space>	<epsilon>
10	22	0	0
10	22	1	1
10	22	2	2
10	22	3	3
10	22	4	4
10	22	5	5
10	22	6	6
10	22	7	7
10	22	8	8
10	22	9	9
11	23	0	0
11	23	1	1
11	23	2	2
11	23	3	3
11	23	4	4
11	23	5	5
11	23	6	6
11	23	7	7
11	23	8	8
11	23	9	9
12	24	0	0
13	25	0	0
13	25	1	1
13	25	2	2
13	25	3	3
13	25	4	4
13	25	5	5
13	25	6	6
13	25	7	7
13	25	8	8
13	25	9	9
14	26	0	0
14	26	1	1
14	26	2	2
14	26	3	3
14	26	4	4
14	26	5	5
14	26	6	6
14	26	7	7
14	26	8	8
14	26	9	9
15	27	0	0
15	27	1	1
15	27	2	2
15	27	3	3
15	27	4	4
15	27	5	5
15	27	6	6
15	27	7	7
15	27	8	8
15	27	9	9
16	4	<space>	<epsilon>
16	5	,	<epsilon>
16	6	.	<epsilon>
16	28	0	0
16	29	1	1
16	29	2	2
16	29	3	3
16	29	4	4
16	29	5	5
16	29	6	6
16	29	7	7
16	29	8	8
16	29	9	9
16
17	4	<space>	<epsilon>
17	30	,	<epsilon>
17	6	.	<epsilon>
17	29	0	0
17	29	1	1
17	29	2	2
17	29	3	3
17	29	4	4
17	29	5	5
17	29	6	6
17	29	7	7
17	29	8	8
17	29	9	9
17
18	4	<space>	<epsilon>
18	5	,	<epsilon>
18	6	.	<epsilon>
18	28	0	0
18	28	1	1
18	28	2	2
18	28	3	3
18	28	4	4
18	28	5	5
18	28	6	6
18	28	7	7
18	28	8	8
18	28	9	9
18
19	31	0	0
19	31	1	1
19	31	2	2
19	31	3	3
19	31	4	4
19	31	5	5
19	31	6	6
19	31	7	7
19	31	8	8
19	31	9	9
20	32	0	0
20	32	1	1
20	32	2	2
20	32	3	3
20	32	4	4
20	32	5	5
20	32	6	6
20	32	7	7
20	32	8	8
20	32	9	9
21	33	0	0
21	33	1	1
21	33	2	2
21	33	3	3
21	33	4	4
21	33	5	5
21	33	6	6
21	33	7	7
21	33	8	8
21	33	9	9
22	34	0	0
22	34	1	1
22	34	2	2
22	34	3	3
22	34	4	4
22	34	5	5
22	34	6	6
22	34	7	7
22	34	8	8
22	34	9	9
23	35	0	0
23	35	1	1
23	35	2	2
23	35	3	3
23	35	4	4
23	35	5	5
23	35	6	6
23	35	7	7
23	35	8	8
23	35	9	9
24	36	0	0
25	37	0	0
25	37	1	1
25	37	2	2
25	37	3	3
25	37	4	4
25	37	5	5
25	37	6	6
25	37	7	7
25	37	8	8
25	37	9	9
26	38	0	0
26	38	1	1
26	38	2	2
26	38	3	3
26	38	4	4
26	38	5	5
26	38	6	6
26	38	7	7
26	38	8	8
26	38	9	9
27	39	0	0
27	39	1	1
27	39	2	2
27	39	3	3
27	39	4	4
27	39	5	5
27	39	6	6
27	39	7	7
27	39	8	8
27	39	9	9
28	40	<space>	<epsilon>
28	5	,	<epsilon>
28	41	0	0
28	41	1	1
28	41	2	2
28	41	3	3
28	41	4	4
28	41	5	5
28	41	6	6
28	41	7	7
28	41	8	8
28	41	9	9
28
29	40	<space>	<epsilon>
29	30	,	<epsilon>
29	41	0	0
29	41	1	1
29	41	2	2
29	41	3	3
29	41	4	4
29	41	5	5
29	41	6	6
29	41	7	7
29	41	8	8
29	41	9	9
29
30	13	0	0
30	13	1	1
30	13	2	2
30	13	3	3
30	13	4	4
30	13	5	5
30	13	6	6
30	13	7	7
30	13	8	8
30	13	9	9
31	42	0	0
31	42	1	1
31	42	2	2
31	42	3	3
31	42	4	4
31	42	5	5
31	42	6	6
31	42	7	7
31	42	8	8
31	42	9	9
32	43	0	0
32	43	1	1
32	43	2	2
32	43	3	3
32	43	4	4
32	43	5	5
32	43	6	6
32	43	7	7
32	43	8	8
32	43	9	9
33	44	0	0
33	44	1	1
33	44	2	2
33	44	3	3
33	44	4	4
33	44	5	5
33	44	6	6
33	44	7	7
33	44	8	8
33	44	9	9
34	45	0	0
34	45	1	1
34	45	2	2
34	45	3	3
34	45	4	4
34	45	5	5
34	45	6	6
34	45	7	7
34	45	8	8
34	45	9	9
35	46	<space>	<epsilon>
35
36	47	0	0
37	30	,	<epsilon>
37
38	48	0	0
38	48	1	1
38	48	2	2
38	48	3	3
38	48	4	4
38	48	5	5
38	48	6	6
38	48	7	7
38	48	8	8
38	48	9	9
39	49	.	<epsilon>
40	9	,	<epsilon>
41	41	0	0
41	41	1	1
41	41	2	2
41	41	3	3
41	41	4	4
41	41	5	5
41	41	6	6
41	41	7	7
41	41	8	8
41	41	9	9
41
42	50	0	0
42	50	1	1
42	50	2	2
42	50	3	3
42	50	4	4
42	50	5	5
42	50	6	6
42	50	7	7
42	50	8	8
42	50	9	9
43	51	<space>	<epsilon>
43
44	52	0	0
44	52	1	1
44	52	2	2
44	52	3	3
44	52	4	4
44	52	5	5
44	52	6	6
44	52	7	7
44	52	8	8
44	52	9	9
45	53	<space>	<epsilon>
46	11	0	0
46	11	1	1
46	11	2	2
46	11	3	3
46	11	4	4
46	11	5	5
46	11	6	6
46	11	7	7
46	11	8	8
46	11	9	9
47	54	,	<epsilon>
47
48	55	.	<epsilon>
49	56	0	0
49	56	1	1
49	56	2	2
49	56	3	3
49	56	4	4
49	56	5	5
49	56	6	6
49	56	7	7
49	56	8	8
49	56	9	9
50	57	<space>	<epsilon>
50
51	58	,	<epsilon>
52	59	<space>	<epsilon>
53	60	.	<epsilon>
54	12	<space>	<epsilon>
55	61	<space>	<epsilon>
56	62	0	0
56	62	1	1
56	62	2	2
56	62	3	3
56	62	4	4
56	62	5	5
56	62	6	6
56	62	7	7
56	62	8	8
56	62	9	9
57	63	,	<epsilon>
58	20	0	0
58	20	1	1
58	20	2	2
58	20	3	3
58	20	4	4
58	20	5	5
58	20	6	6
58	20	7	7
58	20	8	8
58	20	9	9
59	64	.	<epsilon>
60	65	0	0
60	65	1	1
60	65	2	2
60	65	3	3
60	65	4	4
60	65	5	5
60	65	6	6
60	65	7	7
60	65	8	8
60	65	9	9
61	66	0	0
61	66	1	1
61	66	2	2
61	66	3	3
61	66	4	4
61	66	5	5
61	66	6	6
61	66	7	7
61	66	8	8
61	66	9	9
62	67	0	0
62	67	1	1
62	67	2	2
62	67	3	3
62	67	4	4
62	67	5	5
62	67	6	6
62	67	7	7
62	67	8	8
62	67	9	9
63	19	<space>	<epsilon>
64	68	<space>	<epsilon>
65	69	0	0
65	69	1	1
65	69	2	2
65	69	3	3
65	69	4	4
65	69	5	5
65	69	6	6
65	69	7	7
65	69	8	8
65	69	9	9
66	70	0	0
66	70	1	1
66	70	2	2
66	70	3	3
66	70	4	4
66	70	5	5
66	70	6	6
66	70	7	7
66	70	8	8
66	70	9	9
67	49	.	<epsilon>
67
68	71	0	0
68	71	1	1
68	71	2	2
68	71	3	3
68	71	4	4
68	71	5	5
68	71	6	6
68	71	7	7
68	71	8	8
68	71	9	9
69	72	0	0
69	72	1	1
69	72	2	2
69	72	3	3
69	72	4	4
69	72	5	5
69	72	6	6
69	72	7	7
69	72	8	8
69	72	9	9
70	73	0	0
70	73	1	1
70	73	2	2
70	73	3	3
70	73	4	4
70	73	5	5
70	73	6	6
70	73	7	7
70	73	8	8
70	73	9	9
71	74	0	0
71	74	1	1
71	74	2	2
71	74	3	3
71	74	4	4
71	74	5	5
71	74	6	6
71	74	7	7
71	74	8	8
71	74	9	9
72	53	<space>	<epsilon>
72
73	55	.	<epsilon>
73
74	75	0	0
74	75	1	1
74	75	2	2
74	75	3	3
74	75	4	4
74	75	5	5
74	75	6	6
74	75	7	7
74	75	8	8
74	75	9	9
75	59	<space>	<epsilon>
75
