0	1	<epsilon>	d
1	2	<epsilon>	i
2	3	<epsilon>	g
3	4	<epsilon>	i
4	5	<epsilon>	t
5	6	<epsilon>	:
6	7	<epsilon>	<space>
7	8	<epsilon>	"
8	9	0	0
8	9	1	1
8	9	2	2
8	9	3	3
8	9	4	4
8	9	5	5
8	9	6	6
8	9	7	7
8	9	8	8
8	9	9	9
9	10	<space>	<epsilon>
10	11	0	0
10	11	1	1
10	11	2	2
10	11	3	3
10	11	4	4
10	11	5	5
10	11	6	6
10	11	7	7
10	11	8	8
10	11	9	9
11	12	<epsilon>	"
11	13	<space>	<epsilon>
12
13	14	0	0
13	14	1	1
13	14	2	2
13	14	3	3
13	14	4	4
13	14	5	5
13	14	6	6
13	14	7	7
13	14	8	8
13	14	9	9
14	12	<epsilon>	"
14	15	<space>	<epsilon>
15	16	0	0
15	16	1	1
15	16	2	2
15	16	3	3
15	16	4	4
15	16	5	5
15	16	6	6
15	16	7	7
15	16	8	8
15	16	9	9
16	12	<epsilon>	"
16	17	<space>	<epsilon>
17	18	0	0
17	18	1	1
17	18	2	2
17	18	3	3
17	18	4	4
17	18	5	5
17	18	6	6
17	18	7	7
17	18	8	8
17	18	9	9
18	12	<epsilon>	"
18	19	<space>	<epsilon>
19	20	0	0
19	20	1	1
19	20	2	2
19	20	3	3
19	20	4	4
19	20	5	5
19	20	6	6
19	20	7	7
19	20	8	8
19	20	9	9
20	12	<epsilon>	"
20	21	<space>	<epsilon>
21	22	0	0
21	22	1	1
21	22	2	2
21	22	3	3
21	22	4	4
21	22	5	5
21	22	6	6
21	22	7	7
21	22	8	8
21	22	9	9
22	12	<epsilon>	"
22	23	<space>	<epsilon>
23	24	0	0
23	24	1	1
23	24	2	2
23	24	3	3
23	24	4	4
23	24	5	5
23	24	6	6
23	24	7	7
23	24	8	8
23	24	9	9
24	12	<epsilon>	"
24	25	<space>	<epsilon>
25	26	0	0
25	26	1	1
25	26	2	2
25	26	3	3
25	26	4	4
25	26	5	5
25	26	6	6
25	26	7	7
25	26	8	8
25	26	9	9
26	12	<epsilon>	"
26	27	<space>	<epsilon>
27	28	0	0
27	28	1	1
27	28	2	2
27	28	3	3
27	28	4	4
27	28	5	5
27	28	6	6
27	28	7	7
27	28	8	8
27	28	9	9
28	12	<epsilon>	"
