0	1	<epsilon>	t
1	2	<epsilon>	o
2	3	<epsilon>	k
3	4	<epsilon>	e
4	5	<epsilon>	n
5	6	<epsilon>	s
6	7	<epsilon>	<space>
7	8	<epsilon>	{
8	9	<epsilon>	<space>
9	10	<epsilon>	c
10	11	<epsilon>	a
11	12	<epsilon>	r
12	13	<epsilon>	d
13	14	<epsilon>	i
14	15	<epsilon>	n
15	16	<epsilon>	a
16	17	<epsilon>	l
17	18	<epsilon>	<space>
18	19	<epsilon>	{
19	20	<epsilon>	<space>
20	21	<epsilon>	i
21	22	<epsilon>	n
22	23	<epsilon>	t
23	24	<epsilon>	e
24	25	<epsilon>	g
25	26	<epsilon>	e
26	27	<epsilon>	r
27	28	<epsilon>	:
28	29	<epsilon>	<space>
29	30	<epsilon>	"
30	31	-	-
30	32	0	0
30	33	1	1
30	33	2	2
30	33	3	3
30	33	4	4
30	33	5	5
30	33	6	6
30	33	7	7
30	33	8	8
30	33	9	9
31	32	0	0
31	33	1	1
31	33	2	2
31	33	3	3
31	33	4	4
31	33	5	5
31	33	6	6
31	33	7	7
31	33	8	8
31	33	9	9
32	34	<epsilon>	"
33	34	<epsilon>	"
33	37	<space>	<epsilon>
33	38	,	<epsilon>
33	35	0	0
33	36	1	1
33	36	2	2
33	36	3	3
33	36	4	4
33	36	5	5
33	36	6	6
33	36	7	7
33	36	8	8
33	36	9	9
34	39	<epsilon>	<space>
35	34	<epsilon>	"
35	37	<space>	<epsilon>
35	38	,	<epsilon>
35	40	0	0
35	41	1	1
35	41	2	2
35	41	3	3
35	41	4	4
35	41	5	5
35	41	6	6
35	41	7	7
35	41	8	8
35	41	9	9
36	34	<epsilon>	"
36	37	<space>	<epsilon>
36	38	,	<epsilon>
36	40	0	0
36	42	1	1
36	42	2	2
36	42	3	3
36	42	4	4
36	42	5	5
36	42	6	6
36	42	7	7
36	42	8	8
36	42	9	9
37	44	,	<epsilon>
37	43	0	0
37	43	1	1
37	43	2	2
37	43	3	3
37	43	4	4
37	43	5	5
37	43	6	6
37	43	7	7
37	43	8	8
37	43	9	9
38	46	<space>	<epsilon>
38	45	0	0
38	45	1	1
38	45	2	2
38	45	3	3
38	45	4	4
38	45	5	5
38	45	6	6
38	45	7	7
38	45	8	8
38	45	9	9
39	47	<epsilon>	}
40	34	<epsilon>	"
40	37	<space>	<epsilon>
40	38	,	<epsilon>
40	48	0	0
40	49	1	1
40	49	2	2
40	49	3	3
40	49	4	4
40	49	5	5
40	49	6	6
40	49	7	7
40	49	8	8
40	49	9	9
41	34	<epsilon>	"
41	37	<space>	<epsilon>
41	50	,	<epsilon>
41	49	0	0
41	49	1	1
41	49	2	2
41	49	3	3
41	49	4	4
41	49	5	5
41	49	6	6
41	49	7	7
41	49	8	8
41	49	9	9
42	34	<epsilon>	"
42	37	<space>	<epsilon>
42	38	,	<epsilon>
42	48	0	0
42	48	1	1
42	48	2	2
42	48	3	3
42	48	4	4
42	48	5	5
42	48	6	6
42	48	7	7
42	48	8	8
42	48	9	9
43	51	0	0
43	51	1	1
43	51	2	2
43	51	3	3
43	51	4	4
43	51	5	5
43	51	6	6
43	51	7	7
43	51	8	8
43	51	9	9
44	53	<space>	<epsilon>
44	52	0	0
44	52	1	1
44	52	2	2
44	52	3	3
44	52	4	4
44	52	5	5
44	52	6	6
44	52	7	7
44	52	8	8
44	52	9	9
45	54	0	0
45	54	1	1
45	54	2	2
45	54	3	3
45	54	4	4
45	54	5	5
45	54	6	6
45	54	7	7
45	54	8	8
45	54	9	9
46	55	0	0
47	56	<epsilon>	<space>
48	34	<epsilon>	"
48	58	<space>	<epsilon>
48	38	,	<epsilon>
48	57	0	0
48	57	1	1
48	57	2	2
48	57	3	3
48	57	4	4
48	57	5	5
48	57	6	6
48	57	7	7
48	57	8	8
48	57	9	9
49	34	<epsilon>	"
49	58	<space>	<epsilon>
49	50	,	<epsilon>
49	57	0	0
49	57	1	1
49	57	2	2
49	57	3	3
49	57	4	4
49	57	5	5
49	57	6	6
49	57	7	7
49	57	8	8
49	57	9	9
50	45	0	0
50	45	1	1
50	45	2	2
50	45	3	3
50	45	4	4
50	45	5	5
50	45	6	6
50	45	7	7
50	45	8	8
50	45	9	9
51	59	0	0
51	59	1	1
51	59	2	2
51	59	3	3
51	59	4	4
51	59	5	5
51	59	6	6
51	59	7	7
51	59	8	8
51	59	9	9
52	60	0	0
52	60	1	1
52	60	2	2
52	60	3	3
52	60	4	4
52	60	5	5
52	60	6	6
52	60	7	7
52	60	8	8
52	60	9	9
53	61	0	0
53	61	1	1
53	61	2	2
53	61	3	3
53	61	4	4
53	61	5	5
53	61	6	6
53	61	7	7
53	61	8	8
53	61	9	9
54	62	0	0
54	62	1	1
54	62	2	2
54	62	3	3
54	62	4	4
54	62	5	5
54	62	6	6
54	62	7	7
54	62	8	8
54	62	9	9
55	63	0	0
56	64	<epsilon>	}
57	34	<epsilon>	"
57	57	0	0
57	57	1	1
57	57	2	2
57	57	3	3
57	57	4	4
57	57	5	5
57	57	6	6
57	57	7	7
57	57	8	8
57	57	9	9
58	44	,	<epsilon>
59	34	<epsilon>	"
59	65	<space>	<epsilon>
60	66	0	0
60	66	1	1
60	66	2	2
60	66	3	3
60	66	4	4
60	66	5	5
60	66	6	6
60	66	7	7
60	66	8	8
60	66	9	9
61	67	0	0
61	67	1	1
61	67	2	2
61	67	3	3
61	67	4	4
61	67	5	5
61	67	6	6
61	67	7	7
61	67	8	8
61	67	9	9
62	34	<epsilon>	"
62	50	,	<epsilon>
63	68	0	0
64	69	<epsilon>	<space>
65	43	0	0
65	43	1	1
65	43	2	2
65	43	3	3
65	43	4	4
65	43	5	5
65	43	6	6
65	43	7	7
65	43	8	8
65	43	9	9
66	34	<epsilon>	"
66	70	<space>	<epsilon>
67	71	0	0
67	71	1	1
67	71	2	2
67	71	3	3
67	71	4	4
67	71	5	5
67	71	6	6
67	71	7	7
67	71	8	8
67	71	9	9
68	34	<epsilon>	"
68	72	,	<epsilon>
69
70	73	,	<epsilon>
71	34	<epsilon>	"
71	74	<space>	<epsilon>
72	46	<space>	<epsilon>
73	52	0	0
73	52	1	1
73	52	2	2
73	52	3	3
73	52	4	4
73	52	5	5
73	52	6	6
73	52	7	7
73	52	8	8
73	52	9	9
74	75	,	<epsilon>
75	53	<space>	<epsilon>
