0	1	<epsilon>	m
1	2	<epsilon>	e
2	3	<epsilon>	a
3	4	<epsilon>	s
4	5	<epsilon>	u
5	6	<epsilon>	r
6	7	<epsilon>	e
7	8	<epsilon>	<space>
8	9	<epsilon>	{
9	10	<epsilon>	<space>
10	11	<epsilon>	d
11	12	<epsilon>	e
12	13	<epsilon>	c
13	14	<epsilon>	i
14	15	<epsilon>	m
15	16	<epsilon>	a
16	17	<epsilon>	l
17	18	<epsilon>	<space>
18	19	<epsilon>	{
19	20	<epsilon>	<space>
20	21	<epsilon>	i
20	22	-	n
20	23	.	<epsilon>
21	24	<epsilon>	n
22	25	<epsilon>	e
23	26	<epsilon>	f
24	27	<epsilon>	t
25	28	<epsilon>	g
26	29	<epsilon>	r
27	30	<epsilon>	e
28	31	<epsilon>	a
29	32	<epsilon>	a
30	33	<epsilon>	g
31	34	<epsilon>	t
32	35	<epsilon>	c
33	36	<epsilon>	e
34	37	<epsilon>	i
35	38	<epsilon>	t
36	39	<epsilon>	r
37	40	<epsilon>	v
38	41	<epsilon>	i
39	42	<epsilon>	_
40	43	<epsilon>	e
41	44	<epsilon>	o
42	45	<epsilon>	p
43	46	<epsilon>	:
44	47	<epsilon>	n
45	48	<epsilon>	a
46	49	<epsilon>	<space>
47	50	<epsilon>	a
48	51	<epsilon>	r
49	52	<epsilon>	t
50	53	<epsilon>	l
51	54	<epsilon>	t
52	55	<epsilon>	r
53	56	<epsilon>	_
54	57	<epsilon>	:
55	58	<epsilon>	u
56	59	<epsilon>	p
57	60	<epsilon>	<space>
58	61	<epsilon>	e
59	62	<epsilon>	a
60	63	<epsilon>	"
61	64	<epsilon>	<space>
62	65	<epsilon>	r
63	66	0	0
63	67	1	1
63	67	2	2
63	67	3	3
63	67	4	4
63	67	5	5
63	67	6	6
63	67	7	7
63	67	8	8
63	67	9	9
64	21	<epsilon>	i
64	23	.	<epsilon>
65	68	<epsilon>	t
66	69	<epsilon>	"
67	69	<epsilon>	"
67	72	<space>	<epsilon>
67	73	,	<epsilon>
67	70	0	0
67	71	1	1
67	71	2	2
67	71	3	3
67	71	4	4
67	71	5	5
67	71	6	6
67	71	7	7
67	71	8	8
67	71	9	9
68	74	<epsilon>	:
69	75	<epsilon>	<space>
70	69	<epsilon>	"
70	72	<space>	<epsilon>
70	73	,	<epsilon>
70	76	0	0
70	77	1	1
70	77	2	2
70	77	3	3
70	77	4	4
70	77	5	5
70	77	6	6
70	77	7	7
70	77	8	8
70	77	9	9
71	69	<epsilon>	"
71	72	<space>	<epsilon>
71	73	,	<epsilon>
71	76	0	0
71	78	1	1
71	78	2	2
71	78	3	3
71	78	4	4
71	78	5	5
71	78	6	6
71	78	7	7
71	78	8	8
71	78	9	9
72	80	,	<epsilon>
72	79	0	0
72	79	1	1
72	79	2	2
72	79	3	3
72	79	4	4
72	79	5	5
72	79	6	6
72	79	7	7
72	79	8	8
72	79	9	9
73	82	<space>	<epsilon>
73	81	0	0
73	81	1	1
73	81	2	2
73	81	3	3
73	81	4	4
73	81	5	5
73	81	6	6
73	81	7	7
73	81	8	8
73	81	9	9
74	83	<epsilon>	<space>
75	84	<epsilon>	<space>
75	86	<epsilon>	q
75	87	<space>	<space>
75	88	*	<space>
75	85	.	<epsilon>
75	89	E	<space>
75	89	e	<space>
75	88	x	<space>
75	90	<194>	<space>
75	91	<195>	<space>
76	69	<epsilon>	"
76	72	<space>	<epsilon>
76	73	,	<epsilon>
76	92	0	0
76	93	1	1
76	93	2	2
76	93	3	3
76	93	4	4
76	93	5	5
76	93	6	6
76	93	7	7
76	93	8	8
76	93	9	9
77	69	<epsilon>	"
77	72	<space>	<epsilon>
77	94	,	<epsilon>
77	93	0	0
77	93	1	1
77	93	2	2
77	93	3	3
77	93	4	4
77	93	5	5
77	93	6	6
77	93	7	7
77	93	8	8
77	93	9	9
78	69	<epsilon>	"
78	72	<space>	<epsilon>
78	73	,	<epsilon>
78	92	0	0
78	92	1	1
78	92	2	2
78	92	3	3
78	92	4	4
78	92	5	5
78	92	6	6
78	92	7	7
78	92	8	8
78	92	9	9
79	95	0	0
79	95	1	1
79	95	2	2
79	95	3	3
79	95	4	4
79	95	5	5
79	95	6	6
79	95	7	7
79	95	8	8
79	95	9	9
80	97	<space>	<epsilon>
80	96	0	0
80	96	1	1
80	96	2	2
80	96	3	3
80	96	4	4
80	96	5	5
80	96	6	6
80	96	7	7
80	96	8	8
80	96	9	9
81	98	0	0
81	98	1	1
81	98	2	2
81	98	3	3
81	98	4	4
81	98	5	5
81	98	6	6
81	98	7	7
81	98	8	8
81	98	9	9
82	99	0	0
83	100	<epsilon>	"
84	101	<epsilon>	}
85	102	<epsilon>	f
86	103	<epsilon>	u
87	104	<space>	e
87	105	*	e
87	105	x	e
87	106	<194>	e
87	107	<195>	e
88	105	<space>	e
88	108	1	e
89	109	<epsilon>	e
90	105	<183>	e
91	105	<151>	e
92	69	<epsilon>	"
92	111	<space>	<epsilon>
92	73	,	<epsilon>
92	110	0	0
92	110	1	1
92	110	2	2
92	110	3	3
92	110	4	4
92	110	5	5
92	110	6	6
92	110	7	7
92	110	8	8
92	110	9	9
93	69	<epsilon>	"
93	111	<space>	<epsilon>
93	94	,	<epsilon>
93	110	0	0
93	110	1	1
93	110	2	2
93	110	3	3
93	110	4	4
93	110	5	5
93	110	6	6
93	110	7	7
93	110	8	8
93	110	9	9
94	81	0	0
94	81	1	1
94	81	2	2
94	81	3	3
94	81	4	4
94	81	5	5
94	81	6	6
94	81	7	7
94	81	8	8
94	81	9	9
95	112	0	0
95	112	1	1
95	112	2	2
95	112	3	3
95	112	4	4
95	112	5	5
95	112	6	6
95	112	7	7
95	112	8	8
95	112	9	9
96	113	0	0
96	113	1	1
96	113	2	2
96	113	3	3
96	113	4	4
96	113	5	5
96	113	6	6
96	113	7	7
96	113	8	8
96	113	9	9
97	114	0	0
97	114	1	1
97	114	2	2
97	114	3	3
97	114	4	4
97	114	5	5
97	114	6	6
97	114	7	7
97	114	8	8
97	114	9	9
98	115	0	0
98	115	1	1
98	115	2	2
98	115	3	3
98	115	4	4
98	115	5	5
98	115	6	6
98	115	7	7
98	115	8	8
98	115	9	9
99	116	0	0
100	117	0	0
100	117	1	1
100	117	2	2
100	117	3	3
100	117	4	4
100	117	5	5
100	117	6	6
100	117	7	7
100	117	8	8
100	117	9	9
101	118	<epsilon>	<space>
101	101	<9>	<epsilon>
101	101	<10>	<epsilon>
101	101	<13>	<epsilon>
101	101	<space>	<epsilon>
102	119	<epsilon>	r
103	120	<epsilon>	a
104	121	<space>	x
104	122	*	x
104	122	x	x
104	123	<194>	x
104	124	<195>	x
105	122	<space>	x
105	125	1	x
106	122	<183>	x
107	122	<151>	x
108	126	0	x
109	127	<epsilon>	x
110	69	<epsilon>	"
110	110	0	0
110	110	1	1
110	110	2	2
110	110	3	3
110	110	4	4
110	110	5	5
110	110	6	6
110	110	7	7
110	110	8	8
110	110	9	9
111	80	,	<epsilon>
112	69	<epsilon>	"
112	128	<space>	<epsilon>
113	129	0	0
113	129	1	1
113	129	2	2
113	129	3	3
113	129	4	4
113	129	5	5
113	129	6	6
113	129	7	7
113	129	8	8
113	129	9	9
114	130	0	0
114	130	1	1
114	130	2	2
114	130	3	3
114	130	4	4
114	130	5	5
114	130	6	6
114	130	7	7
114	130	8	8
114	130	9	9
115	69	<epsilon>	"
115	94	,	<epsilon>
116	131	0	0
117	132	<epsilon>	"
117	117	0	0
117	117	1	1
117	117	2	2
117	117	3	3
117	117	4	4
117	117	5	5
117	117	6	6
117	117	7	7
117	117	8	8
117	117	9	9
118	133	<epsilon>	u
119	134	<epsilon>	a
120	135	<epsilon>	n
121	136	<space>	p
121	137	*	p
121	137	x	p
121	138	<194>	p
121	139	<195>	p
122	137	<space>	p
122	140	1	p
123	137	<183>	p
124	137	<151>	p
125	141	0	p
126	141	<space>	p
126	142	^	p
127	143	<epsilon>	p
128	79	0	0
128	79	1	1
128	79	2	2
128	79	3	3
128	79	4	4
128	79	5	5
128	79	6	6
128	79	7	7
128	79	8	8
128	79	9	9
129	69	<epsilon>	"
129	144	<space>	<epsilon>
130	145	0	0
130	145	1	1
130	145	2	2
130	145	3	3
130	145	4	4
130	145	5	5
130	145	6	6
130	145	7	7
130	145	8	8
130	145	9	9
131	69	<epsilon>	"
131	146	,	<epsilon>
132	84	<epsilon>	<space>	20
132	87	<space>	<space>	20
132	88	*	<space>	20
132	89	E	<space>	20
132	89	e	<space>	20
132	88	x	<space>	20
132	90	<194>	<space>	20
132	91	<195>	<space>	20
133	147	<epsilon>	n
134	148	<epsilon>	c
135	149	<epsilon>	t
136	150	<space>	o
136	151	*	o
136	151	x	o
136	152	<194>	o
136	153	<195>	o
137	151	<space>	o
137	154	1	o
138	151	<183>	o
139	151	<151>	o
140	155	0	o
141	155	<space>	o
141	156	^	o
142	157	<epsilon>	o
142	156	<space>	o
143	157	<epsilon>	o
144	158	,	<epsilon>
145	69	<epsilon>	"
145	159	<space>	<epsilon>
146	82	<space>	<epsilon>
147	160	<epsilon>	i
148	161	<epsilon>	t
149	162	<epsilon>	i
150	163	<space>	n
150	164	*	n
150	164	x	n
150	165	<194>	n
150	166	<195>	n
151	164	<space>	n
151	167	1	n
152	164	<183>	n
153	164	<151>	n
154	168	0	n
155	168	<space>	n
155	169	^	n
156	170	<epsilon>	n
156	169	<space>	n
157	170	<epsilon>	n
158	96	0	0
158	96	1	1
158	96	2	2
158	96	3	3
158	96	4	4
158	96	5	5
158	96	6	6
158	96	7	7
158	96	8	8
158	96	9	9
159	171	,	<epsilon>
160	172	<epsilon>	t
161	173	<epsilon>	i
162	174	<epsilon>	t
163	175	<space>	e
163	176	*	e
163	176	x	e
163	177	<194>	e
163	178	<195>	e
164	176	<space>	e
164	179	1	e
165	176	<183>	e
166	176	<151>	e
167	180	0	e
168	180	<space>	e
168	181	^	e
169	182	<epsilon>	e
169	181	<space>	e
170	182	<epsilon>	e
171	97	<space>	<epsilon>
172	183	<epsilon>	s
173	184	<epsilon>	o
174	185	<epsilon>	y
175	186	<space>	n
175	187	*	n
175	187	x	n
175	188	<194>	n
175	189	<195>	n
176	187	<space>	n
176	190	1	n
177	187	<183>	n
178	187	<151>	n
179	191	0	n
180	191	<space>	n
180	192	^	n
181	193	<epsilon>	n
181	192	<space>	n
182	193	<epsilon>	n
183	194	<epsilon>	:
184	195	<epsilon>	n
185	196	<epsilon>	:
186	197	<space>	t
186	198	*	t
186	198	x	t
186	199	<194>	t
186	200	<195>	t
187	198	<space>	t
187	201	1	t
188	198	<183>	t
189	198	<151>	t
190	202	0	t
191	202	<space>	t
191	203	^	t
192	204	<epsilon>	t
192	203	<space>	t
193	204	<epsilon>	t
194	205	<epsilon>	<space>
195	206	<epsilon>	a
196	207	<epsilon>	<space>
196	208	<space>	<space>
197	209	<space>	:
197	210	*	:
197	210	x	:
197	211	<194>	:
197	212	<195>	:
198	210	<space>	:
198	213	1	:
199	210	<183>	:
200	210	<151>	:
201	214	0	:
202	214	<space>	:
202	215	^	:
203	216	<epsilon>	:
203	215	<space>	:
204	216	<epsilon>	:
205	217	<epsilon>	"
206	218	<epsilon>	l
207	219	<epsilon>	"
208	219	<epsilon>	"
208	208	<space>	<epsilon>
209	220	<space>	<space>
209	221	*	<space>
209	221	x	<space>
209	222	<194>	<space>
209	223	<195>	<space>
210	221	<space>	<space>
210	224	1	<space>
211	221	<183>	<space>
212	221	<151>	<space>
213	225	0	<space>
214	225	<space>	<space>
214	226	^	<space>
215	227	<epsilon>	<space>
215	226	<space>	<space>
216	227	<epsilon>	<space>
217	228	'	f
218	229	<epsilon>	_
219	230	b	b
219	230	m	m
219	231	q	q
219	232	t	t
220	220	<space>	<epsilon>
220	221	*	<epsilon>
220	221	x	<epsilon>
220	222	<194>	<epsilon>
220	223	<195>	<epsilon>
221	221	<space>	<epsilon>
221	224	1	<epsilon>
222	221	<183>	<epsilon>
223	221	<151>	<epsilon>
224	225	0	<epsilon>
225	225	<space>	<epsilon>
225	226	^	<epsilon>
226	233	<epsilon>	"
226	226	<space>	<epsilon>
227	233	<epsilon>	"
228	234	<epsilon>	o
229	235	<epsilon>	p
230	236	i	i
231	237	u	u
232	238	h	h
232	230	r	r
233	241	-	-
233	239	0	0
233	240	1	1
233	240	2	2
233	240	3	3
233	240	4	4
233	240	5	5
233	240	6	6
233	240	7	7
233	240	8	8
233	240	9	9
234	242	<epsilon>	o
235	243	<epsilon>	a
236	244	l	l
237	245	a	a
238	246	o	o
239	247	<epsilon>	"
240	247	<epsilon>	"
240	250	<space>	<epsilon>
240	251	,	<epsilon>
240	248	0	0
240	249	1	1
240	249	2	2
240	249	3	3
240	249	4	4
240	249	5	5
240	249	6	6
240	249	7	7
240	249	8	8
240	249	9	9
241	239	0	0
241	240	1	1
241	240	2	2
241	240	3	3
241	240	4	4
241	240	5	5
241	240	6	6
241	240	7	7
241	240	8	8
241	240	9	9
242	252	<epsilon>	t
243	253	<epsilon>	r
244	254	l	l
245	255	d	d
246	256	u	u
247	84	<epsilon>	<space>
248	247	<epsilon>	"
248	250	<space>	<epsilon>
248	251	,	<epsilon>
248	257	0	0
248	258	1	1
248	258	2	2
248	258	3	3
248	258	4	4
248	258	5	5
248	258	6	6
248	258	7	7
248	258	8	8
248	258	9	9
249	247	<epsilon>	"
249	250	<space>	<epsilon>
249	251	,	<epsilon>
249	257	0	0
249	259	1	1
249	259	2	2
249	259	3	3
249	259	4	4
249	259	5	5
249	259	6	6
249	259	7	7
249	259	8	8
249	259	9	9
250	261	,	<epsilon>
250	260	0	0
250	260	1	1
250	260	2	2
250	260	3	3
250	260	4	4
250	260	5	5
250	260	6	6
250	260	7	7
250	260	8	8
250	260	9	9
251	263	<space>	<epsilon>
251	262	0	0
251	262	1	1
251	262	2	2
251	262	3	3
251	262	4	4
251	262	5	5
251	262	6	6
251	262	7	7
251	262	8	8
251	262	9	9
252	264	<epsilon>	"
253	265	<epsilon>	t
254	266	i	i
255	230	r	r
256	267	s	s
257	247	<epsilon>	"
257	250	<space>	<epsilon>
257	251	,	<epsilon>
257	268	0	0
257	269	1	1
257	269	2	2
257	269	3	3
257	269	4	4
257	269	5	5
257	269	6	6
257	269	7	7
257	269	8	8
257	269	9	9
258	247	<epsilon>	"
258	250	<space>	<epsilon>
258	270	,	<epsilon>
258	269	0	0
258	269	1	1
258	269	2	2
258	269	3	3
258	269	4	4
258	269	5	5
258	269	6	6
258	269	7	7
258	269	8	8
258	269	9	9
259	247	<epsilon>	"
259	250	<space>	<epsilon>
259	251	,	<epsilon>
259	268	0	0
259	268	1	1
259	268	2	2
259	268	3	3
259	268	4	4
259	268	5	5
259	268	6	6
259	268	7	7
259	268	8	8
259	268	9	9
260	271	0	0
260	271	1	1
260	271	2	2
260	271	3	3
260	271	4	4
260	271	5	5
260	271	6	6
260	271	7	7
260	271	8	8
260	271	9	9
261	273	<space>	<epsilon>
261	272	0	0
261	272	1	1
261	272	2	2
261	272	3	3
261	272	4	4
261	272	5	5
261	272	6	6
261	272	7	7
261	272	8	8
261	272	9	9
262	274	0	0
262	274	1	1
262	274	2	2
262	274	3	3
262	274	4	4
262	274	5	5
262	274	6	6
262	274	7	7
262	274	8	8
262	274	9	9
263	275	0	0
264	276	<epsilon>	<space>
265	277	<epsilon>	:
266	278	o	o
267	279	a	a
268	247	<epsilon>	"
268	281	<space>	<epsilon>
268	251	,	<epsilon>
268	280	0	0
268	280	1	1
268	280	2	2
268	280	3	3
268	280	4	4
268	280	5	5
268	280	6	6
268	280	7	7
268	280	8	8
268	280	9	9
269	247	<epsilon>	"
269	281	<space>	<epsilon>
269	270	,	<epsilon>
269	280	0	0
269	280	1	1
269	280	2	2
269	280	3	3
269	280	4	4
269	280	5	5
269	280	6	6
269	280	7	7
269	280	8	8
269	280	9	9
270	262	0	0
270	262	1	1
270	262	2	2
270	262	3	3
270	262	4	4
270	262	5	5
270	262	6	6
270	262	7	7
270	262	8	8
270	262	9	9
271	282	0	0
271	282	1	1
271	282	2	2
271	282	3	3
271	282	4	4
271	282	5	5
271	282	6	6
271	282	7	7
271	282	8	8
271	282	9	9
272	283	0	0
272	283	1	1
272	283	2	2
272	283	3	3
272	283	4	4
272	283	5	5
272	283	6	6
272	283	7	7
272	283	8	8
272	283	9	9
273	284	0	0
273	284	1	1
273	284	2	2
273	284	3	3
273	284	4	4
273	284	5	5
273	284	6	6
273	284	7	7
273	284	8	8
273	284	9	9
274	285	0	0
274	285	1	1
274	285	2	2
274	285	3	3
274	285	4	4
274	285	5	5
274	285	6	6
274	285	7	7
274	285	8	8
274	285	9	9
275	286	0	0
276	287	<epsilon>	}
277	288	<epsilon>	<space>
278	289	n	n
279	290	n	n
280	247	<epsilon>	"
280	280	0	0
280	280	1	1
280	280	2	2
280	280	3	3
280	280	4	4
280	280	5	5
280	280	6	6
280	280	7	7
280	280	8	8
280	280	9	9
281	261	,	<epsilon>
282	247	<epsilon>	"
282	291	<space>	<epsilon>
283	292	0	0
283	292	1	1
283	292	2	2
283	292	3	3
283	292	4	4
283	292	5	5
283	292	6	6
283	292	7	7
283	292	8	8
283	292	9	9
284	293	0	0
284	293	1	1
284	293	2	2
284	293	3	3
284	293	4	4
284	293	5	5
284	293	6	6
284	293	7	7
284	293	8	8
284	293	9	9
285	247	<epsilon>	"
285	270	,	<epsilon>
286	294	0	0
287	295	<epsilon>	<space>
288	296	<epsilon>	"
289	297	<epsilon>	"
290	289	d	d
291	260	0	0
291	260	1	1
291	260	2	2
291	260	3	3
291	260	4	4
291	260	5	5
291	260	6	6
291	260	7	7
291	260	8	8
291	260	9	9
292	247	<epsilon>	"
292	298	<space>	<epsilon>
293	299	0	0
293	299	1	1
293	299	2	2
293	299	3	3
293	299	4	4
293	299	5	5
293	299	6	6
293	299	7	7
293	299	8	8
293	299	9	9
294	247	<epsilon>	"
294	300	,	<epsilon>
295	301	<epsilon>	}
296	302	0	0
296	302	1	1
296	302	2	2
296	302	3	3
296	302	4	4
296	302	5	5
296	302	6	6
296	302	7	7
296	302	8	8
296	302	9	9
297	84	<epsilon>	<space>
297	87	<space>	<space>
297	88	*	<space>
297	89	E	<space>
297	89	e	<space>
297	88	x	<space>
297	90	<194>	<space>
297	91	<195>	<space>
298	303	,	<epsilon>
299	247	<epsilon>	"
299	304	<space>	<epsilon>
300	263	<space>	<epsilon>
301	305	<epsilon>	<space>
302	306	<epsilon>	"
302	302	0	0
302	302	1	1
302	302	2	2
302	302	3	3
302	302	4	4
302	302	5	5
302	302	6	6
302	302	7	7
302	302	8	8
302	302	9	9
303	272	0	0
303	272	1	1
303	272	2	2
303	272	3	3
303	272	4	4
303	272	5	5
303	272	6	6
303	272	7	7
303	272	8	8
303	272	9	9
304	307	,	<epsilon>
305	308	<epsilon>	t
306	84	<epsilon>	<space>
306	86	<epsilon>	q
306	87	<space>	<space>
306	88	*	<space>
306	89	E	<space>
306	89	e	<space>
306	88	x	<space>
306	90	<194>	<space>
306	91	<195>	<space>
307	273	<space>	<epsilon>
308	309	<epsilon>	o
309	310	<epsilon>	k
310	311	<epsilon>	e
311	312	<epsilon>	n
312	313	<epsilon>	s
313	314	<epsilon>	<space>
314	315	<epsilon>	{
315	317	<epsilon>	<space>
316	318	<epsilon>	e
317	316	<epsilon>	m
317	317	<space>	<epsilon>
318	319	<epsilon>	a
319	320	<epsilon>	s
320	321	<epsilon>	u
321	322	<epsilon>	r
322	323	<epsilon>	e
323	324	<epsilon>	<space>
324	325	<epsilon>	{
325	326	<epsilon>	<space>
326	327	<epsilon>	d
327	328	<epsilon>	e
328	329	<epsilon>	c
329	330	<epsilon>	i
330	331	<epsilon>	m
331	332	<epsilon>	a
332	333	<epsilon>	l
333	334	<epsilon>	<space>
334	335	<epsilon>	{
335	336	<epsilon>	<space>
336	337	<epsilon>	i
336	338	-	n
336	339	.	<epsilon>
337	340	<epsilon>	n
338	341	<epsilon>	e
339	342	<epsilon>	f
340	343	<epsilon>	t
341	344	<epsilon>	g
342	345	<epsilon>	r
343	346	<epsilon>	e
344	347	<epsilon>	a
345	348	<epsilon>	a
346	349	<epsilon>	g
347	350	<epsilon>	t
348	351	<epsilon>	c
349	352	<epsilon>	e
350	353	<epsilon>	i
351	354	<epsilon>	t
352	355	<epsilon>	r
353	356	<epsilon>	v
354	357	<epsilon>	i
355	358	<epsilon>	_
356	359	<epsilon>	e
357	360	<epsilon>	o
358	361	<epsilon>	p
359	362	<epsilon>	:
360	363	<epsilon>	n
361	364	<epsilon>	a
362	365	<epsilon>	<space>
363	366	<epsilon>	a
364	367	<epsilon>	r
365	368	<epsilon>	t
366	369	<epsilon>	l
367	370	<epsilon>	t
368	371	<epsilon>	r
369	372	<epsilon>	_
370	373	<epsilon>	:
371	374	<epsilon>	u
372	375	<epsilon>	p
373	376	<epsilon>	<space>
374	377	<epsilon>	e
375	378	<epsilon>	a
376	379	<epsilon>	"
377	380	<epsilon>	<space>
378	381	<epsilon>	r
379	382	0	0
379	383	1	1
379	383	2	2
379	383	3	3
379	383	4	4
379	383	5	5
379	383	6	6
379	383	7	7
379	383	8	8
379	383	9	9
380	337	<epsilon>	i
380	339	.	<epsilon>
381	384	<epsilon>	t
382	385	<epsilon>	"
383	385	<epsilon>	"
383	388	<space>	<epsilon>
383	389	,	<epsilon>
383	386	0	0
383	387	1	1
383	387	2	2
383	387	3	3
383	387	4	4
383	387	5	5
383	387	6	6
383	387	7	7
383	387	8	8
383	387	9	9
384	390	<epsilon>	:
385	391	<epsilon>	<space>
386	385	<epsilon>	"
386	388	<space>	<epsilon>
386	389	,	<epsilon>
386	392	0	0
386	393	1	1
386	393	2	2
386	393	3	3
386	393	4	4
386	393	5	5
386	393	6	6
386	393	7	7
386	393	8	8
386	393	9	9
387	385	<epsilon>	"
387	388	<space>	<epsilon>
387	389	,	<epsilon>
387	392	0	0
387	394	1	1
387	394	2	2
387	394	3	3
387	394	4	4
387	394	5	5
387	394	6	6
387	394	7	7
387	394	8	8
387	394	9	9
388	396	,	<epsilon>
388	395	0	0
388	395	1	1
388	395	2	2
388	395	3	3
388	395	4	4
388	395	5	5
388	395	6	6
388	395	7	7
388	395	8	8
388	395	9	9
389	398	<space>	<epsilon>
389	397	0	0
389	397	1	1
389	397	2	2
389	397	3	3
389	397	4	4
389	397	5	5
389	397	6	6
389	397	7	7
389	397	8	8
389	397	9	9
390	399	<epsilon>	<space>
391	400	<epsilon>	<space>
391	402	<epsilon>	q
391	403	<space>	<space>
391	404	*	<space>
391	401	.	<epsilon>
391	405	E	<space>
391	405	e	<space>
391	404	x	<space>
391	406	<194>	<space>
391	407	<195>	<space>
392	385	<epsilon>	"
392	388	<space>	<epsilon>
392	389	,	<epsilon>
392	408	0	0
392	409	1	1
392	409	2	2
392	409	3	3
392	409	4	4
392	409	5	5
392	409	6	6
392	409	7	7
392	409	8	8
392	409	9	9
393	385	<epsilon>	"
393	388	<space>	<epsilon>
393	410	,	<epsilon>
393	409	0	0
393	409	1	1
393	409	2	2
393	409	3	3
393	409	4	4
393	409	5	5
393	409	6	6
393	409	7	7
393	409	8	8
393	409	9	9
394	385	<epsilon>	"
394	388	<space>	<epsilon>
394	389	,	<epsilon>
394	408	0	0
394	408	1	1
394	408	2	2
394	408	3	3
394	408	4	4
394	408	5	5
394	408	6	6
394	408	7	7
394	408	8	8
394	408	9	9
395	411	0	0
395	411	1	1
395	411	2	2
395	411	3	3
395	411	4	4
395	411	5	5
395	411	6	6
395	411	7	7
395	411	8	8
395	411	9	9
396	413	<space>	<epsilon>
396	412	0	0
396	412	1	1
396	412	2	2
396	412	3	3
396	412	4	4
396	412	5	5
396	412	6	6
396	412	7	7
396	412	8	8
396	412	9	9
397	414	0	0
397	414	1	1
397	414	2	2
397	414	3	3
397	414	4	4
397	414	5	5
397	414	6	6
397	414	7	7
397	414	8	8
397	414	9	9
398	415	0	0
399	416	<epsilon>	"
400	417	<epsilon>	}
401	418	<epsilon>	f
402	419	<epsilon>	u
403	420	<space>	e
403	421	*	e
403	421	x	e
403	422	<194>	e
403	423	<195>	e
404	421	<space>	e
404	424	1	e
405	425	<epsilon>	e
406	421	<183>	e
407	421	<151>	e
408	385	<epsilon>	"
408	427	<space>	<epsilon>
408	389	,	<epsilon>
408	426	0	0
408	426	1	1
408	426	2	2
408	426	3	3
408	426	4	4
408	426	5	5
408	426	6	6
408	426	7	7
408	426	8	8
408	426	9	9
409	385	<epsilon>	"
409	427	<space>	<epsilon>
409	410	,	<epsilon>
409	426	0	0
409	426	1	1
409	426	2	2
409	426	3	3
409	426	4	4
409	426	5	5
409	426	6	6
409	426	7	7
409	426	8	8
409	426	9	9
410	397	0	0
410	397	1	1
410	397	2	2
410	397	3	3
410	397	4	4
410	397	5	5
410	397	6	6
410	397	7	7
410	397	8	8
410	397	9	9
411	428	0	0
411	428	1	1
411	428	2	2
411	428	3	3
411	428	4	4
411	428	5	5
411	428	6	6
411	428	7	7
411	428	8	8
411	428	9	9
412	429	0	0
412	429	1	1
412	429	2	2
412	429	3	3
412	429	4	4
412	429	5	5
412	429	6	6
412	429	7	7
412	429	8	8
412	429	9	9
413	430	0	0
413	430	1	1
413	430	2	2
413	430	3	3
413	430	4	4
413	430	5	5
413	430	6	6
413	430	7	7
413	430	8	8
413	430	9	9
414	431	0	0
414	431	1	1
414	431	2	2
414	431	3	3
414	431	4	4
414	431	5	5
414	431	6	6
414	431	7	7
414	431	8	8
414	431	9	9
415	432	0	0
416	433	0	0
416	433	1	1
416	433	2	2
416	433	3	3
416	433	4	4
416	433	5	5
416	433	6	6
416	433	7	7
416	433	8	8
416	433	9	9
417	434	<epsilon>	<space>
417	417	<9>	<epsilon>
417	417	<10>	<epsilon>
417	417	<13>	<epsilon>
417	417	<space>	<epsilon>
418	435	<epsilon>	r
419	436	<epsilon>	a
420	437	<space>	x
420	438	*	x
420	438	x	x
420	439	<194>	x
420	440	<195>	x
421	438	<space>	x
421	441	1	x
422	438	<183>	x
423	438	<151>	x
424	442	0	x
425	443	<epsilon>	x
426	385	<epsilon>	"
426	426	0	0
426	426	1	1
426	426	2	2
426	426	3	3
426	426	4	4
426	426	5	5
426	426	6	6
426	426	7	7
426	426	8	8
426	426	9	9
427	396	,	<epsilon>
428	385	<epsilon>	"
428	444	<space>	<epsilon>
429	445	0	0
429	445	1	1
429	445	2	2
429	445	3	3
429	445	4	4
429	445	5	5
429	445	6	6
429	445	7	7
429	445	8	8
429	445	9	9
430	446	0	0
430	446	1	1
430	446	2	2
430	446	3	3
430	446	4	4
430	446	5	5
430	446	6	6
430	446	7	7
430	446	8	8
430	446	9	9
431	385	<epsilon>	"
431	410	,	<epsilon>
432	447	0	0
433	448	<epsilon>	"
433	433	0	0
433	433	1	1
433	433	2	2
433	433	3	3
433	433	4	4
433	433	5	5
433	433	6	6
433	433	7	7
433	433	8	8
433	433	9	9
434	449	<epsilon>	u
435	450	<epsilon>	a
436	451	<epsilon>	n
437	452	<space>	p
437	453	*	p
437	453	x	p
437	454	<194>	p
437	455	<195>	p
438	453	<space>	p
438	456	1	p
439	453	<183>	p
440	453	<151>	p
441	457	0	p
442	457	<space>	p
442	458	^	p
443	459	<epsilon>	p
444	395	0	0
444	395	1	1
444	395	2	2
444	395	3	3
444	395	4	4
444	395	5	5
444	395	6	6
444	395	7	7
444	395	8	8
444	395	9	9
445	385	<epsilon>	"
445	460	<space>	<epsilon>
446	461	0	0
446	461	1	1
446	461	2	2
446	461	3	3
446	461	4	4
446	461	5	5
446	461	6	6
446	461	7	7
446	461	8	8
446	461	9	9
447	385	<epsilon>	"
447	462	,	<epsilon>
448	400	<epsilon>	<space>	20
448	403	<space>	<space>	20
448	404	*	<space>	20
448	405	E	<space>	20
448	405	e	<space>	20
448	404	x	<space>	20
448	406	<194>	<space>	20
448	407	<195>	<space>	20
449	463	<epsilon>	n
450	464	<epsilon>	c
451	465	<epsilon>	t
452	466	<space>	o
452	467	*	o
452	467	x	o
452	468	<194>	o
452	469	<195>	o
453	467	<space>	o
453	470	1	o
454	467	<183>	o
455	467	<151>	o
456	471	0	o
457	471	<space>	o
457	472	^	o
458	473	<epsilon>	o
458	472	<space>	o
459	473	<epsilon>	o
460	474	,	<epsilon>
461	385	<epsilon>	"
461	475	<space>	<epsilon>
462	398	<space>	<epsilon>
463	476	<epsilon>	i
464	477	<epsilon>	t
465	478	<epsilon>	i
466	479	<space>	n
466	480	*	n
466	480	x	n
466	481	<194>	n
466	482	<195>	n
467	480	<space>	n
467	483	1	n
468	480	<183>	n
469	480	<151>	n
470	484	0	n
471	484	<space>	n
471	485	^	n
472	486	<epsilon>	n
472	485	<space>	n
473	486	<epsilon>	n
474	412	0	0
474	412	1	1
474	412	2	2
474	412	3	3
474	412	4	4
474	412	5	5
474	412	6	6
474	412	7	7
474	412	8	8
474	412	9	9
475	487	,	<epsilon>
476	488	<epsilon>	t
477	489	<epsilon>	i
478	490	<epsilon>	t
479	491	<space>	e
479	492	*	e
479	492	x	e
479	493	<194>	e
479	494	<195>	e
480	492	<space>	e
480	495	1	e
481	492	<183>	e
482	492	<151>	e
483	496	0	e
484	496	<space>	e
484	497	^	e
485	498	<epsilon>	e
485	497	<space>	e
486	498	<epsilon>	e
487	413	<space>	<epsilon>
488	499	<epsilon>	s
489	500	<epsilon>	o
490	501	<epsilon>	y
491	502	<space>	n
491	503	*	n
491	503	x	n
491	504	<194>	n
491	505	<195>	n
492	503	<space>	n
492	506	1	n
493	503	<183>	n
494	503	<151>	n
495	507	0	n
496	507	<space>	n
496	508	^	n
497	509	<epsilon>	n
497	508	<space>	n
498	509	<epsilon>	n
499	510	<epsilon>	:
500	511	<epsilon>	n
501	512	<epsilon>	:
502	513	<space>	t
502	514	*	t
502	514	x	t
502	515	<194>	t
502	516	<195>	t
503	514	<space>	t
503	517	1	t
504	514	<183>	t
505	514	<151>	t
506	518	0	t
507	518	<space>	t
507	519	^	t
508	520	<epsilon>	t
508	519	<space>	t
509	520	<epsilon>	t
510	521	<epsilon>	<space>
511	522	<epsilon>	a
512	523	<epsilon>	<space>
512	524	<space>	<space>
513	525	<space>	:
513	526	*	:
513	526	x	:
513	527	<194>	:
513	528	<195>	:
514	526	<space>	:
514	529	1	:
515	526	<183>	:
516	526	<151>	:
517	530	0	:
518	530	<space>	:
518	531	^	:
519	532	<epsilon>	:
519	531	<space>	:
520	532	<epsilon>	:
521	533	<epsilon>	"
522	534	<epsilon>	l
523	535	<epsilon>	"
524	535	<epsilon>	"
524	524	<space>	<epsilon>
525	536	<space>	<space>
525	537	*	<space>
525	537	x	<space>
525	538	<194>	<space>
525	539	<195>	<space>
526	537	<space>	<space>
526	540	1	<space>
527	537	<183>	<space>
528	537	<151>	<space>
529	541	0	<space>
530	541	<space>	<space>
530	542	^	<space>
531	543	<epsilon>	<space>
531	542	<space>	<space>
532	543	<epsilon>	<space>
533	544	"	i
534	545	<epsilon>	_
535	546	b	b
535	546	m	m
535	547	q	q
535	548	t	t
536	536	<space>	<epsilon>
536	537	*	<epsilon>
536	537	x	<epsilon>
536	538	<194>	<epsilon>
536	539	<195>	<epsilon>
537	537	<space>	<epsilon>
537	540	1	<epsilon>
538	537	<183>	<epsilon>
539	537	<151>	<epsilon>
540	541	0	<epsilon>
541	541	<space>	<epsilon>
541	542	^	<epsilon>
542	549	<epsilon>	"
542	542	<space>	<epsilon>
543	549	<epsilon>	"
544	550	<epsilon>	n
545	551	<epsilon>	p
546	552	i	i
547	553	u	u
548	554	h	h
548	546	r	r
549	557	-	-
549	555	0	0
549	556	1	1
549	556	2	2
549	556	3	3
549	556	4	4
549	556	5	5
549	556	6	6
549	556	7	7
549	556	8	8
549	556	9	9
550	558	<epsilon>	c
551	559	<epsilon>	a
552	560	l	l
553	561	a	a
554	562	o	o
555	563	<epsilon>	"
556	563	<epsilon>	"
556	566	<space>	<epsilon>
556	567	,	<epsilon>
556	564	0	0
556	565	1	1
556	565	2	2
556	565	3	3
556	565	4	4
556	565	5	5
556	565	6	6
556	565	7	7
556	565	8	8
556	565	9	9
557	555	0	0
557	556	1	1
557	556	2	2
557	556	3	3
557	556	4	4
557	556	5	5
557	556	6	6
557	556	7	7
557	556	8	8
557	556	9	9
558	568	<epsilon>	h
559	569	<epsilon>	r
560	570	l	l
561	571	d	d
562	572	u	u
563	400	<epsilon>	<space>
564	563	<epsilon>	"
564	566	<space>	<epsilon>
564	567	,	<epsilon>
564	573	0	0
564	574	1	1
564	574	2	2
564	574	3	3
564	574	4	4
564	574	5	5
564	574	6	6
564	574	7	7
564	574	8	8
564	574	9	9
565	563	<epsilon>	"
565	566	<space>	<epsilon>
565	567	,	<epsilon>
565	573	0	0
565	575	1	1
565	575	2	2
565	575	3	3
565	575	4	4
565	575	5	5
565	575	6	6
565	575	7	7
565	575	8	8
565	575	9	9
566	577	,	<epsilon>
566	576	0	0
566	576	1	1
566	576	2	2
566	576	3	3
566	576	4	4
566	576	5	5
566	576	6	6
566	576	7	7
566	576	8	8
566	576	9	9
567	579	<space>	<epsilon>
567	578	0	0
567	578	1	1
567	578	2	2
567	578	3	3
567	578	4	4
567	578	5	5
567	578	6	6
567	578	7	7
567	578	8	8
567	578	9	9
568	580	<epsilon>	"
569	581	<epsilon>	t
570	582	i	i
571	546	r	r
572	583	s	s
573	563	<epsilon>	"
573	566	<space>	<epsilon>
573	567	,	<epsilon>
573	584	0	0
573	585	1	1
573	585	2	2
573	585	3	3
573	585	4	4
573	585	5	5
573	585	6	6
573	585	7	7
573	585	8	8
573	585	9	9
574	563	<epsilon>	"
574	566	<space>	<epsilon>
574	586	,	<epsilon>
574	585	0	0
574	585	1	1
574	585	2	2
574	585	3	3
574	585	4	4
574	585	5	5
574	585	6	6
574	585	7	7
574	585	8	8
574	585	9	9
575	563	<epsilon>	"
575	566	<space>	<epsilon>
575	567	,	<epsilon>
575	584	0	0
575	584	1	1
575	584	2	2
575	584	3	3
575	584	4	4
575	584	5	5
575	584	6	6
575	584	7	7
575	584	8	8
575	584	9	9
576	587	0	0
576	587	1	1
576	587	2	2
576	587	3	3
576	587	4	4
576	587	5	5
576	587	6	6
576	587	7	7
576	587	8	8
576	587	9	9
577	589	<space>	<epsilon>
577	588	0	0
577	588	1	1
577	588	2	2
577	588	3	3
577	588	4	4
577	588	5	5
577	588	6	6
577	588	7	7
577	588	8	8
577	588	9	9
578	590	0	0
578	590	1	1
578	590	2	2
578	590	3	3
578	590	4	4
578	590	5	5
578	590	6	6
578	590	7	7
578	590	8	8
578	590	9	9
579	591	0	0
580	592	<epsilon>	<space>
581	593	<epsilon>	:
582	594	o	o
583	595	a	a
584	563	<epsilon>	"
584	597	<space>	<epsilon>
584	567	,	<epsilon>
584	596	0	0
584	596	1	1
584	596	2	2
584	596	3	3
584	596	4	4
584	596	5	5
584	596	6	6
584	596	7	7
584	596	8	8
584	596	9	9
585	563	<epsilon>	"
585	597	<space>	<epsilon>
585	586	,	<epsilon>
585	596	0	0
585	596	1	1
585	596	2	2
585	596	3	3
585	596	4	4
585	596	5	5
585	596	6	6
585	596	7	7
585	596	8	8
585	596	9	9
586	578	0	0
586	578	1	1
586	578	2	2
586	578	3	3
586	578	4	4
586	578	5	5
586	578	6	6
586	578	7	7
586	578	8	8
586	578	9	9
587	598	0	0
587	598	1	1
587	598	2	2
587	598	3	3
587	598	4	4
587	598	5	5
587	598	6	6
587	598	7	7
587	598	8	8
587	598	9	9
588	599	0	0
588	599	1	1
588	599	2	2
588	599	3	3
588	599	4	4
588	599	5	5
588	599	6	6
588	599	7	7
588	599	8	8
588	599	9	9
589	600	0	0
589	600	1	1
589	600	2	2
589	600	3	3
589	600	4	4
589	600	5	5
589	600	6	6
589	600	7	7
589	600	8	8
589	600	9	9
590	601	0	0
590	601	1	1
590	601	2	2
590	601	3	3
590	601	4	4
590	601	5	5
590	601	6	6
590	601	7	7
590	601	8	8
590	601	9	9
591	602	0	0
592	603	<epsilon>	}
593	604	<epsilon>	<space>
594	605	n	n
595	606	n	n
596	563	<epsilon>	"
596	596	0	0
596	596	1	1
596	596	2	2
596	596	3	3
596	596	4	4
596	596	5	5
596	596	6	6
596	596	7	7
596	596	8	8
596	596	9	9
597	577	,	<epsilon>
598	563	<epsilon>	"
598	607	<space>	<epsilon>
599	608	0	0
599	608	1	1
599	608	2	2
599	608	3	3
599	608	4	4
599	608	5	5
599	608	6	6
599	608	7	7
599	608	8	8
599	608	9	9
600	609	0	0
600	609	1	1
600	609	2	2
600	609	3	3
600	609	4	4
600	609	5	5
600	609	6	6
600	609	7	7
600	609	8	8
600	609	9	9
601	563	<epsilon>	"
601	586	,	<epsilon>
602	610	0	0
603
604	611	<epsilon>	"
605	612	<epsilon>	"
606	605	d	d
607	576	0	0
607	576	1	1
607	576	2	2
607	576	3	3
607	576	4	4
607	576	5	5
607	576	6	6
607	576	7	7
607	576	8	8
607	576	9	9
608	563	<epsilon>	"
608	613	<space>	<epsilon>
609	614	0	0
609	614	1	1
609	614	2	2
609	614	3	3
609	614	4	4
609	614	5	5
609	614	6	6
609	614	7	7
609	614	8	8
609	614	9	9
610	563	<epsilon>	"
610	615	,	<epsilon>
611	616	0	0
611	616	1	1
611	616	2	2
611	616	3	3
611	616	4	4
611	616	5	5
611	616	6	6
611	616	7	7
611	616	8	8
611	616	9	9
612	400	<epsilon>	<space>
612	403	<space>	<space>
612	404	*	<space>
612	405	E	<space>
612	405	e	<space>
612	404	x	<space>
612	406	<194>	<space>
612	407	<195>	<space>
613	617	,	<epsilon>
614	563	<epsilon>	"
614	618	<space>	<epsilon>
615	579	<space>	<epsilon>
616	619	<epsilon>	"
616	616	0	0
616	616	1	1
616	616	2	2
616	616	3	3
616	616	4	4
616	616	5	5
616	616	6	6
616	616	7	7
616	616	8	8
616	616	9	9
617	588	0	0
617	588	1	1
617	588	2	2
617	588	3	3
617	588	4	4
617	588	5	5
617	588	6	6
617	588	7	7
617	588	8	8
617	588	9	9
618	620	,	<epsilon>
619	400	<epsilon>	<space>
619	402	<epsilon>	q
619	403	<space>	<space>
619	404	*	<space>
619	405	E	<space>
619	405	e	<space>
619	404	x	<space>
619	406	<194>	<space>
619	407	<195>	<space>
620	589	<space>	<epsilon>
