0	1	<epsilon>	m
1	2	<epsilon>	e
2	3	<epsilon>	a
3	4	<epsilon>	s
4	5	<epsilon>	u
5	6	<epsilon>	r
6	7	<epsilon>	e
7	8	<epsilon>	<space>
8	9	<epsilon>	{
9	10	<epsilon>	<space>
10	11	<epsilon>	d
11	12	<epsilon>	e
12	13	<epsilon>	c
13	14	<epsilon>	i
14	15	<epsilon>	m
15	16	<epsilon>	a
16	17	<epsilon>	l
17	18	<epsilon>	<space>
18	19	<epsilon>	{
19	20	<epsilon>	<space>
20	21	<epsilon>	i
20	22	-	n
21	23	<epsilon>	n
22	24	<epsilon>	e
23	25	<epsilon>	t
24	26	<epsilon>	g
25	27	<epsilon>	e
26	28	<epsilon>	a
27	29	<epsilon>	g
28	30	<epsilon>	t
29	31	<epsilon>	e
30	32	<epsilon>	i
31	33	<epsilon>	r
32	34	<epsilon>	v
33	35	<epsilon>	_
34	36	<epsilon>	e
35	37	<epsilon>	p
36	38	<epsilon>	:
37	39	<epsilon>	a
38	40	<epsilon>	<space>
39	41	<epsilon>	r
40	42	<epsilon>	t
41	43	<epsilon>	t
42	44	<epsilon>	r
43	45	<epsilon>	:
44	46	<epsilon>	u
45	47	<epsilon>	<space>
46	48	<epsilon>	e
47	49	<epsilon>	"
48	50	<epsilon>	<space>
49	51	0	0
49	52	1	1
49	52	2	2
49	52	3	3
49	52	4	4
49	52	5	5
49	52	6	6
49	52	7	7
49	52	8	8
49	52	9	9
50	21	<epsilon>	i
51	53	<epsilon>	"
52	53	<epsilon>	"
52	54	<space>	<epsilon>
52	58	,	<epsilon>
52	55	.	<epsilon>
52	56	0	0
52	57	1	1
52	57	2	2
52	57	3	3
52	57	4	4
52	57	5	5
52	57	6	6
52	57	7	7
52	57	8	8
52	57	9	9
53	59	<epsilon>	<space>
54	62	,	<epsilon>
54	60	.	<epsilon>
54	61	0	0
54	61	1	1
54	61	2	2
54	61	3	3
54	61	4	4
54	61	5	5
54	61	6	6
54	61	7	7
54	61	8	8
54	61	9	9
55	63	<space>	<epsilon>
55	64	0	0
55	64	1	1
55	64	2	2
55	64	3	3
55	64	4	4
55	64	5	5
55	64	6	6
55	64	7	7
55	64	8	8
55	64	9	9
56	53	<epsilon>	"
56	54	<space>	<epsilon>
56	58	,	<epsilon>
56	55	.	<epsilon>
56	65	0	0
56	66	1	1
56	66	2	2
56	66	3	3
56	66	4	4
56	66	5	5
56	66	6	6
56	66	7	7
56	66	8	8
56	66	9	9
57	53	<epsilon>	"
57	54	<space>	<epsilon>
57	58	,	<epsilon>
57	55	.	<epsilon>
57	65	0	0
57	67	1	1
57	67	2	2
57	67	3	3
57	67	4	4
57	67	5	5
57	67	6	6
57	67	7	7
57	67	8	8
57	67	9	9
58	68	<space>	<epsilon>
58	69	0	0
58	69	1	1
58	69	2	2
58	69	3	3
58	69	4	4
58	69	5	5
58	69	6	6
58	69	7	7
58	69	8	8
58	69	9	9
59	70	<epsilon>	<space>
59	73	<space>	<space>
59	74	*	<space>
59	72	,	<epsilon>
59	71	.	<epsilon>
59	75	E	<space>
59	75	e	<space>
59	74	x	<space>
59	76	<194>	<space>
59	77	<195>	<space>
60	78	<space>	<epsilon>
60	79	0	0
60	79	1	1
60	79	2	2
60	79	3	3
60	79	4	4
60	79	5	5
60	79	6	6
60	79	7	7
60	79	8	8
60	79	9	9
61	80	0	0
61	80	1	1
61	80	2	2
61	80	3	3
61	80	4	4
61	80	5	5
61	80	6	6
61	80	7	7
61	80	8	8
61	80	9	9
62	81	<space>	<epsilon>
62	82	0	0
62	82	1	1
62	82	2	2
62	82	3	3
62	82	4	4
62	82	5	5
62	82	6	6
62	82	7	7
62	82	8	8
62	82	9	9
63	83	0	0
64	84	0	0
64	84	1	1
64	84	2	2
64	84	3	3
64	84	4	4
64	84	5	5
64	84	6	6
64	84	7	7
64	84	8	8
64	84	9	9
65	53	<epsilon>	"
65	54	<space>	<epsilon>
65	58	,	<epsilon>
65	55	.	<epsilon>
65	85	0	0
65	86	1	1
65	86	2	2
65	86	3	3
65	86	4	4
65	86	5	5
65	86	6	6
65	86	7	7
65	86	8	8
65	86	9	9
66	53	<epsilon>	"
66	54	<space>	<epsilon>
66	88	,	<epsilon>
66	87	.	<epsilon>
66	86	0	0
66	86	1	1
66	86	2	2
66	86	3	3
66	86	4	4
66	86	5	5
66	86	6	6
66	86	7	7
66	86	8	8
66	86	9	9
67	53	<epsilon>	"
67	54	<space>	<epsilon>
67	58	,	<epsilon>
67	55	.	<epsilon>
67	85	0	0
67	85	1	1
67	85	2	2
67	85	3	3
67	85	4	4
67	85	5	5
67	85	6	6
67	85	7	7
67	85	8	8
67	85	9	9
68	89	0	0
68	90	1	1
68	90	2	2
68	90	3	3
68	90	4	4
68	90	5	5
68	90	6	6
68	90	7	7
68	90	8	8
68	90	9	9
69	91	0	0
69	91	1	1
69	91	2	2
69	91	3	3
69	91	4	4
69	91	5	5
69	91	6	6
69	91	7	7
69	91	8	8
69	91	9	9
70	92	<epsilon>	}
71	93	<epsilon>	f
72	94	<epsilon>	f
73	95	<space>	e
73	96	*	e
73	96	x	e
73	97	<194>	e
73	98	<195>	e
74	96	<space>	e
74	99	1	e
75	100	<epsilon>	e
76	96	<183>	e
77	96	<151>	e
78	101	0	0
78	101	1	1
78	101	2	2
78	101	3	3
78	101	4	4
78	101	5	5
78	101	6	6
78	101	7	7
78	101	8	8
78	101	9	9
79	102	0	0
79	102	1	1
79	102	2	2
79	102	3	3
79	102	4	4
79	102	5	5
79	102	6	6
79	102	7	7
79	102	8	8
79	102	9	9
80	103	0	0
80	103	1	1
80	103	2	2
80	103	3	3
80	103	4	4
80	103	5	5
80	103	6	6
80	103	7	7
80	103	8	8
80	103	9	9
81	104	0	0
81	104	1	1
81	104	2	2
81	104	3	3
81	104	4	4
81	104	5	5
81	104	6	6
81	104	7	7
81	104	8	8
81	104	9	9
82	105	0	0
82	105	1	1
82	105	2	2
82	105	3	3
82	105	4	4
82	105	5	5
82	105	6	6
82	105	7	7
82	105	8	8
82	105	9	9
83	106	0	0
84	107	0	0
84	107	1	1
84	107	2	2
84	107	3	3
84	107	4	4
84	107	5	5
84	107	6	6
84	107	7	7
84	107	8	8
84	107	9	9
85	109	<epsilon>	"
85	108	<space>	<epsilon>
85	111	,	<epsilon>
85	55	.	<epsilon>
85	110	0	0
85	110	1	1
85	110	2	2
85	110	3	3
85	110	4	4
85	110	5	5
85	110	6	6
85	110	7	7
85	110	8	8
85	110	9	9
86	109	<epsilon>	"
86	108	<space>	<epsilon>
86	112	,	<epsilon>
86	87	.	<epsilon>
86	110	0	0
86	110	1	1
86	110	2	2
86	110	3	3
86	110	4	4
86	110	5	5
86	110	6	6
86	110	7	7
86	110	8	8
86	110	9	9
87	64	0	0
87	64	1	1
87	64	2	2
87	64	3	3
87	64	4	4
87	64	5	5
87	64	6	6
87	64	7	7
87	64	8	8
87	64	9	9
88	113	<space>	<epsilon>
88	69	0	0
88	69	1	1
88	69	2	2
88	69	3	3
88	69	4	4
88	69	5	5
88	69	6	6
88	69	7	7
88	69	8	8
88	69	9	9
89	114	0	0
89	115	1	1
89	115	2	2
89	115	3	3
89	115	4	4
89	115	5	5
89	115	6	6
89	115	7	7
89	115	8	8
89	115	9	9
90	115	0	0
90	115	1	1
90	115	2	2
90	115	3	3
90	115	4	4
90	115	5	5
90	115	6	6
90	115	7	7
90	115	8	8
90	115	9	9
91	116	0	0
91	116	1	1
91	116	2	2
91	116	3	3
91	116	4	4
91	116	5	5
91	116	6	6
91	116	7	7
91	116	8	8
91	116	9	9
92	117	<epsilon>	<space>
92	92	<9>	<epsilon>
92	92	<10>	<epsilon>
92	92	<13>	<epsilon>
92	92	<space>	<epsilon>
93	118	<epsilon>	r
94	119	<epsilon>	r
95	120	<space>	x
95	121	*	x
95	121	x	x
95	122	<194>	x
95	123	<195>	x
96	121	<space>	x
96	124	1	x
97	121	<183>	x
98	121	<151>	x
99	125	0	x
100	126	<epsilon>	x
101	127	0	0
101	127	1	1
101	127	2	2
101	127	3	3
101	127	4	4
101	127	5	5
101	127	6	6
101	127	7	7
101	127	8	8
101	127	9	9
102	128	0	0
102	128	1	1
102	128	2	2
102	128	3	3
102	128	4	4
102	128	5	5
102	128	6	6
102	128	7	7
102	128	8	8
102	128	9	9
103	109	<epsilon>	"
103	129	<space>	<epsilon>
104	130	0	0
104	130	1	1
104	130	2	2
104	130	3	3
104	130	4	4
104	130	5	5
104	130	6	6
104	130	7	7
104	130	8	8
104	130	9	9
105	131	0	0
105	131	1	1
105	131	2	2
105	131	3	3
105	131	4	4
105	131	5	5
105	131	6	6
105	131	7	7
105	131	8	8
105	131	9	9
106	132	0	0
107	133	<epsilon>	"
107	87	.	<epsilon>
108	134	,	<epsilon>
108	60	.	<epsilon>
109	135	<epsilon>	<space>
110	109	<epsilon>	"
110	110	0	0
110	110	1	1
110	110	2	2
110	110	3	3
110	110	4	4
110	110	5	5
110	110	6	6
110	110	7	7
110	110	8	8
110	110	9	9
111	136	<space>	<epsilon>
111	137	0	0
111	137	1	1
111	137	2	2
111	137	3	3
111	137	4	4
111	137	5	5
111	137	6	6
111	137	7	7
111	137	8	8
111	137	9	9
112	137	0	0
112	137	1	1
112	137	2	2
112	137	3	3
112	137	4	4
112	137	5	5
112	137	6	6
112	137	7	7
112	137	8	8
112	137	9	9
113	90	0	0
113	90	1	1
113	90	2	2
113	90	3	3
113	90	4	4
113	90	5	5
113	90	6	6
113	90	7	7
113	90	8	8
113	90	9	9
114	138	0	0
114	139	1	1
114	139	2	2
114	139	3	3
114	139	4	4
114	139	5	5
114	139	6	6
114	139	7	7
114	139	8	8
114	139	9	9
115	139	0	0
115	139	1	1
115	139	2	2
115	139	3	3
115	139	4	4
115	139	5	5
115	139	6	6
115	139	7	7
115	139	8	8
115	139	9	9
116	140	<epsilon>	"
116	141	,	<epsilon>
117	142	<epsilon>	u
118	143	<epsilon>	a
119	144	<epsilon>	a
120	145	<space>	p
120	146	*	p
120	146	x	p
120	147	<194>	p
120	148	<195>	p
121	146	<space>	p
121	149	1	p
122	146	<183>	p
123	146	<151>	p
124	150	0	p
125	150	<space>	p
125	151	^	p
126	152	<epsilon>	p
127	153	0	0
127	153	1	1
127	153	2	2
127	153	3	3
127	153	4	4
127	153	5	5
127	153	6	6
127	153	7	7
127	153	8	8
127	153	9	9
128	133	<epsilon>	"
128	154	<space>	<epsilon>
129	61	0	0
129	61	1	1
129	61	2	2
129	61	3	3
129	61	4	4
129	61	5	5
129	61	6	6
129	61	7	7
129	61	8	8
129	61	9	9
130	155	0	0
130	155	1	1
130	155	2	2
130	155	3	3
130	155	4	4
130	155	5	5
130	155	6	6
130	155	7	7
130	155	8	8
130	155	9	9
131	140	<epsilon>	"
131	156	<space>	<epsilon>
132	133	<epsilon>	"
132	157	.	<epsilon>
133	158	<epsilon>	<space>
134	159	<space>	<epsilon>
134	160	0	0
134	160	1	1
134	160	2	2
134	160	3	3
134	160	4	4
134	160	5	5
134	160	6	6
134	160	7	7
134	160	8	8
134	160	9	9
135	70	<epsilon>	<space>
135	73	<space>	<space>
135	74	*	<space>
135	72	,	<epsilon>
135	72	.	<epsilon>
135	75	E	<space>
135	75	e	<space>
135	74	x	<space>
135	76	<194>	<space>
135	77	<195>	<space>
136	161	0	0
137	162	0	0
137	162	1	1
137	162	2	2
137	162	3	3
137	162	4	4
137	162	5	5
137	162	6	6
137	162	7	7
137	162	8	8
137	162	9	9
138	140	<epsilon>	"
138	163	,	<epsilon>
139	164	,	<epsilon>
140	165	<epsilon>	<space>
141	166	0	0
141	166	1	1
141	166	2	2
141	166	3	3
141	166	4	4
141	166	5	5
141	166	6	6
141	166	7	7
141	166	8	8
141	166	9	9
142	167	<epsilon>	n
143	168	<epsilon>	c
144	169	<epsilon>	c
145	170	<space>	o
145	171	*	o
145	171	x	o
145	172	<194>	o
145	173	<195>	o
146	171	<space>	o
146	174	1	o
147	171	<183>	o
148	171	<151>	o
149	175	0	o
150	175	<space>	o
150	176	^	o
151	177	<epsilon>	o
151	176	<space>	o
152	177	<epsilon>	o
153	133	<epsilon>	"
153	178	<space>	<epsilon>
154	179	.	<epsilon>
155	140	<epsilon>	"
155	180	<space>	<epsilon>
156	181	,	<epsilon>
157	63	<space>	<epsilon>
158	70	<epsilon>	<space>
158	73	<space>	<space>
158	74	*	<space>
158	72	,	<epsilon>
158	75	E	<space>
158	75	e	<space>
158	74	x	<space>
158	76	<194>	<space>
158	77	<195>	<space>
159	182	0	0
159	182	1	1
159	182	2	2
159	182	3	3
159	182	4	4
159	182	5	5
159	182	6	6
159	182	7	7
159	182	8	8
159	182	9	9
160	183	0	0
160	183	1	1
160	183	2	2
160	183	3	3
160	183	4	4
160	183	5	5
160	183	6	6
160	183	7	7
160	183	8	8
160	183	9	9
161	184	0	0
162	185	0	0
162	185	1	1
162	185	2	2
162	185	3	3
162	185	4	4
162	185	5	5
162	185	6	6
162	185	7	7
162	185	8	8
162	185	9	9
163	186	<space>	<epsilon>
164	187	<space>	<epsilon>
165	72	.	<epsilon>
166	188	0	0
166	188	1	1
166	188	2	2
166	188	3	3
166	188	4	4
166	188	5	5
166	188	6	6
166	188	7	7
166	188	8	8
166	188	9	9
167	189	<epsilon>	i
168	190	<epsilon>	t
169	191	<epsilon>	t
170	192	<space>	n
170	193	*	n
170	193	x	n
170	194	<194>	n
170	195	<195>	n
171	193	<space>	n
171	196	1	n
172	193	<183>	n
173	193	<151>	n
174	197	0	n
175	197	<space>	n
175	198	^	n
176	199	<epsilon>	n
176	198	<space>	n
177	199	<epsilon>	n
178	200	.	<epsilon>
179	79	0	0
179	79	1	1
179	79	2	2
179	79	3	3
179	79	4	4
179	79	5	5
179	79	6	6
179	79	7	7
179	79	8	8
179	79	9	9
180	201	,	<epsilon>
181	202	0	0
181	202	1	1
181	202	2	2
181	202	3	3
181	202	4	4
181	202	5	5
181	202	6	6
181	202	7	7
181	202	8	8
181	202	9	9
182	203	0	0
182	203	1	1
182	203	2	2
182	203	3	3
182	203	4	4
182	203	5	5
182	203	6	6
182	203	7	7
182	203	8	8
182	203	9	9
183	204	0	0
183	204	1	1
183	204	2	2
183	204	3	3
183	204	4	4
183	204	5	5
183	204	6	6
183	204	7	7
183	204	8	8
183	204	9	9
184	205	0	0
185	140	<epsilon>	"
185	112	,	<epsilon>
186	206	0	0
186	207	1	1
186	207	2	2
186	207	3	3
186	207	4	4
186	207	5	5
186	207	6	6
186	207	7	7
186	207	8	8
186	207	9	9
187	207	0	0
187	207	1	1
187	207	2	2
187	207	3	3
187	207	4	4
187	207	5	5
187	207	6	6
187	207	7	7
187	207	8	8
187	207	9	9
188	208	0	0
188	208	1	1
188	208	2	2
188	208	3	3
188	208	4	4
188	208	5	5
188	208	6	6
188	208	7	7
188	208	8	8
188	208	9	9
189	209	<epsilon>	t
190	210	<epsilon>	i
191	211	<epsilon>	i
192	212	<space>	e
192	213	*	e
192	213	x	e
192	214	<194>	e
192	215	<195>	e
193	213	<space>	e
193	216	1	e
194	213	<183>	e
195	213	<151>	e
196	217	0	e
197	217	<space>	e
197	218	^	e
198	219	<epsilon>	e
198	218	<space>	e
199	219	<epsilon>	e
200	78	<space>	<epsilon>
201	220	<space>	<epsilon>
202	221	0	0
202	221	1	1
202	221	2	2
202	221	3	3
202	221	4	4
202	221	5	5
202	221	6	6
202	221	7	7
202	221	8	8
202	221	9	9
203	222	0	0
203	222	1	1
203	222	2	2
203	222	3	3
203	222	4	4
203	222	5	5
203	222	6	6
203	222	7	7
203	222	8	8
203	222	9	9
204	140	<epsilon>	"
204	223	<space>	<epsilon>
205	140	<epsilon>	"
205	224	,	<epsilon>
206	225	0	0
206	226	1	1
206	226	2	2
206	226	3	3
206	226	4	4
206	226	5	5
206	226	6	6
206	226	7	7
206	226	8	8
206	226	9	9
207	226	0	0
207	226	1	1
207	226	2	2
207	226	3	3
207	226	4	4
207	226	5	5
207	226	6	6
207	226	7	7
207	226	8	8
207	226	9	9
208	227	<epsilon>	"
208	141	,	<epsilon>
209	228	<epsilon>	s
210	229	<epsilon>	o
211	230	<epsilon>	o
212	231	<space>	n
212	232	*	n
212	232	x	n
212	233	<194>	n
212	234	<195>	n
213	232	<space>	n
213	235	1	n
214	232	<183>	n
215	232	<151>	n
216	236	0	n
217	236	<space>	n
217	237	^	n
218	238	<epsilon>	n
218	237	<space>	n
219	238	<epsilon>	n
220	239	0	0
220	239	1	1
220	239	2	2
220	239	3	3
220	239	4	4
220	239	5	5
220	239	6	6
220	239	7	7
220	239	8	8
220	239	9	9
221	240	0	0
221	240	1	1
221	240	2	2
221	240	3	3
221	240	4	4
221	240	5	5
221	240	6	6
221	240	7	7
221	240	8	8
221	240	9	9
222	140	<epsilon>	"
222	241	<space>	<epsilon>
223	242	,	<epsilon>
224	136	<space>	<epsilon>
225	243	0	0
225	244	1	1
225	244	2	2
225	244	3	3
225	244	4	4
225	244	5	5
225	244	6	6
225	244	7	7
225	244	8	8
225	244	9	9
226	244	0	0
226	244	1	1
226	244	2	2
226	244	3	3
226	244	4	4
226	244	5	5
226	244	6	6
226	244	7	7
226	244	8	8
226	244	9	9
227	245	<epsilon>	<space>
228	246	<epsilon>	:
229	247	<epsilon>	n
230	248	<epsilon>	n
231	249	<space>	t
231	250	*	t
231	250	x	t
231	251	<194>	t
231	252	<195>	t
232	250	<space>	t
232	253	1	t
233	250	<183>	t
234	250	<151>	t
235	254	0	t
236	254	<space>	t
236	255	^	t
237	256	<epsilon>	t
237	255	<space>	t
238	256	<epsilon>	t
239	257	0	0
239	257	1	1
239	257	2	2
239	257	3	3
239	257	4	4
239	257	5	5
239	257	6	6
239	257	7	7
239	257	8	8
239	257	9	9
240	227	<epsilon>	"
240	156	<space>	<epsilon>
241	258	,	<epsilon>
242	160	0	0
242	160	1	1
242	160	2	2
242	160	3	3
242	160	4	4
242	160	5	5
242	160	6	6
242	160	7	7
242	160	8	8
242	160	9	9
243	227	<epsilon>	"
243	163	,	<epsilon>
244	259	<epsilon>	"
244	164	,	<epsilon>
245	70	<epsilon>	<space>
245	73	<space>	<space>
245	74	*	<space>
245	72	.	<epsilon>
245	75	E	<space>
245	75	e	<space>
245	74	x	<space>
245	76	<194>	<space>
245	77	<195>	<space>
246	260	<epsilon>	<space>
247	261	<epsilon>	a
248	262	<epsilon>	a
249	263	<space>	:
249	264	*	:
249	264	x	:
249	265	<194>	:
249	266	<195>	:
250	264	<space>	:
250	267	1	:
251	264	<183>	:
252	264	<151>	:
253	268	0	:
254	268	<space>	:
254	269	^	:
255	270	<epsilon>	:
255	269	<space>	:
256	270	<epsilon>	:
257	271	0	0
257	271	1	1
257	271	2	2
257	271	3	3
257	271	4	4
257	271	5	5
257	271	6	6
257	271	7	7
257	271	8	8
257	271	9	9
258	159	<space>	<epsilon>
259	272	<epsilon>	<space>
260	273	<epsilon>	"
261	274	<epsilon>	l
262	275	<epsilon>	l
263	276	<space>	<space>
263	277	*	<space>
263	277	x	<space>
263	278	<194>	<space>
263	279	<195>	<space>
264	277	<space>	<space>
264	280	1	<space>
265	277	<183>	<space>
266	277	<151>	<space>
267	281	0	<space>
268	281	<space>	<space>
268	282	^	<space>
269	283	<epsilon>	<space>
269	282	<space>	<space>
270	283	<epsilon>	<space>
271	227	<epsilon>	"
271	180	<space>	<epsilon>
272	70	<epsilon>	<space>
272	73	<space>	<space>
272	74	*	<space>
272	75	E	<space>
272	75	e	<space>
272	74	x	<space>
272	76	<194>	<space>
272	77	<195>	<space>
273	284	<194>	d
274	285	<epsilon>	_
275	286	<epsilon>	_
276	276	<space>	<epsilon>
276	277	*	<epsilon>
276	277	x	<epsilon>
276	278	<194>	<epsilon>
276	279	<195>	<epsilon>
277	277	<space>	<epsilon>
277	280	1	<epsilon>
278	277	<183>	<epsilon>
279	277	<151>	<epsilon>
280	281	0	<epsilon>
281	281	<space>	<epsilon>
281	282	^	<epsilon>
282	287	<epsilon>	"
282	282	<space>	<epsilon>
283	287	<epsilon>	"
284	288	<176>	e
285	289	<epsilon>	p
286	290	<epsilon>	p
287	293	-	-
287	291	0	0
287	292	1	1
287	292	2	2
287	292	3	3
287	292	4	4
287	292	5	5
287	292	6	6
287	292	7	7
287	292	8	8
287	292	9	9
288	294	<epsilon>	g
289	295	<epsilon>	a
290	296	<epsilon>	a
291	297	<epsilon>	"
292	297	<epsilon>	"
292	298	<space>	<epsilon>
292	302	,	<epsilon>
292	299	.	<epsilon>
292	300	0	0
292	301	1	1
292	301	2	2
292	301	3	3
292	301	4	4
292	301	5	5
292	301	6	6
292	301	7	7
292	301	8	8
292	301	9	9
293	291	0	0
293	292	1	1
293	292	2	2
293	292	3	3
293	292	4	4
293	292	5	5
293	292	6	6
293	292	7	7
293	292	8	8
293	292	9	9
294	303	<epsilon>	r
295	304	<epsilon>	r
296	305	<epsilon>	r
297	70	<epsilon>	<space>
298	308	,	<epsilon>
298	306	.	<epsilon>
298	307	0	0
298	307	1	1
298	307	2	2
298	307	3	3
298	307	4	4
298	307	5	5
298	307	6	6
298	307	7	7
298	307	8	8
298	307	9	9
299	309	<space>	<epsilon>
299	310	0	0
299	310	1	1
299	310	2	2
299	310	3	3
299	310	4	4
299	310	5	5
299	310	6	6
299	310	7	7
299	310	8	8
299	310	9	9
300	297	<epsilon>	"
300	298	<space>	<epsilon>
300	302	,	<epsilon>
300	299	.	<epsilon>
300	311	0	0
300	312	1	1
300	312	2	2
300	312	3	3
300	312	4	4
300	312	5	5
300	312	6	6
300	312	7	7
300	312	8	8
300	312	9	9
301	297	<epsilon>	"
301	298	<space>	<epsilon>
301	302	,	<epsilon>
301	299	.	<epsilon>
301	311	0	0
301	313	1	1
301	313	2	2
301	313	3	3
301	313	4	4
301	313	5	5
301	313	6	6
301	313	7	7
301	313	8	8
301	313	9	9
302	314	<space>	<epsilon>
302	315	0	0
302	315	1	1
302	315	2	2
302	315	3	3
302	315	4	4
302	315	5	5
302	315	6	6
302	315	7	7
302	315	8	8
302	315	9	9
303	316	<epsilon>	e
304	317	<epsilon>	t
305	318	<epsilon>	t
306	319	<space>	<epsilon>
306	320	0	0
306	320	1	1
306	320	2	2
306	320	3	3
306	320	4	4
306	320	5	5
306	320	6	6
306	320	7	7
306	320	8	8
306	320	9	9
307	321	0	0
307	321	1	1
307	321	2	2
307	321	3	3
307	321	4	4
307	321	5	5
307	321	6	6
307	321	7	7
307	321	8	8
307	321	9	9
308	322	<space>	<epsilon>
308	323	0	0
308	323	1	1
308	323	2	2
308	323	3	3
308	323	4	4
308	323	5	5
308	323	6	6
308	323	7	7
308	323	8	8
308	323	9	9
309	324	0	0
310	325	0	0
310	325	1	1
310	325	2	2
310	325	3	3
310	325	4	4
310	325	5	5
310	325	6	6
310	325	7	7
310	325	8	8
310	325	9	9
311	297	<epsilon>	"
311	298	<space>	<epsilon>
311	302	,	<epsilon>
311	299	.	<epsilon>
311	326	0	0
311	327	1	1
311	327	2	2
311	327	3	3
311	327	4	4
311	327	5	5
311	327	6	6
311	327	7	7
311	327	8	8
311	327	9	9
312	297	<epsilon>	"
312	298	<space>	<epsilon>
312	302	,	<epsilon>
312	328	.	<epsilon>
312	327	0	0
312	327	1	1
312	327	2	2
312	327	3	3
312	327	4	4
312	327	5	5
312	327	6	6
312	327	7	7
312	327	8	8
312	327	9	9
313	297	<epsilon>	"
313	298	<space>	<epsilon>
313	302	,	<epsilon>
313	299	.	<epsilon>
313	326	0	0
313	326	1	1
313	326	2	2
313	326	3	3
313	326	4	4
313	326	5	5
313	326	6	6
313	326	7	7
313	326	8	8
313	326	9	9
314	329	0	0
314	329	1	1
314	329	2	2
314	329	3	3
314	329	4	4
314	329	5	5
314	329	6	6
314	329	7	7
314	329	8	8
314	329	9	9
315	330	0	0
315	330	1	1
315	330	2	2
315	330	3	3
315	330	4	4
315	330	5	5
315	330	6	6
315	330	7	7
315	330	8	8
315	330	9	9
316	331	<epsilon>	e
317	332	<epsilon>	:
318	333	<epsilon>	:
319	334	0	0
319	334	1	1
319	334	2	2
319	334	3	3
319	334	4	4
319	334	5	5
319	334	6	6
319	334	7	7
319	334	8	8
319	334	9	9
320	335	0	0
320	335	1	1
320	335	2	2
320	335	3	3
320	335	4	4
320	335	5	5
320	335	6	6
320	335	7	7
320	335	8	8
320	335	9	9
321	336	0	0
321	336	1	1
321	336	2	2
321	336	3	3
321	336	4	4
321	336	5	5
321	336	6	6
321	336	7	7
321	336	8	8
321	336	9	9
322	337	0	0
322	337	1	1
322	337	2	2
322	337	3	3
322	337	4	4
322	337	5	5
322	337	6	6
322	337	7	7
322	337	8	8
322	337	9	9
323	338	0	0
323	338	1	1
323	338	2	2
323	338	3	3
323	338	4	4
323	338	5	5
323	338	6	6
323	338	7	7
323	338	8	8
323	338	9	9
324	339	0	0
325	340	0	0
325	340	1	1
325	340	2	2
325	340	3	3
325	340	4	4
325	340	5	5
325	340	6	6
325	340	7	7
325	340	8	8
325	340	9	9
326	297	<epsilon>	"
326	341	<space>	<epsilon>
326	299	.	<epsilon>
326	342	0	0
326	342	1	1
326	342	2	2
326	342	3	3
326	342	4	4
326	342	5	5
326	342	6	6
326	342	7	7
326	342	8	8
326	342	9	9
327	297	<epsilon>	"
327	341	<space>	<epsilon>
327	328	.	<epsilon>
327	342	0	0
327	342	1	1
327	342	2	2
327	342	3	3
327	342	4	4
327	342	5	5
327	342	6	6
327	342	7	7
327	342	8	8
327	342	9	9
328	310	0	0
328	310	1	1
328	310	2	2
328	310	3	3
328	310	4	4
328	310	5	5
328	310	6	6
328	310	7	7
328	310	8	8
328	310	9	9
329	343	0	0
329	343	1	1
329	343	2	2
329	343	3	3
329	343	4	4
329	343	5	5
329	343	6	6
329	343	7	7
329	343	8	8
329	343	9	9
330	344	0	0
330	344	1	1
330	344	2	2
330	344	3	3
330	344	4	4
330	344	5	5
330	344	6	6
330	344	7	7
330	344	8	8
330	344	9	9
331	345	<epsilon>	"
332	346	<epsilon>	<space>
333	347	<epsilon>	<space>
334	348	0	0
334	348	1	1
334	348	2	2
334	348	3	3
334	348	4	4
334	348	5	5
334	348	6	6
334	348	7	7
334	348	8	8
334	348	9	9
335	349	0	0
335	349	1	1
335	349	2	2
335	349	3	3
335	349	4	4
335	349	5	5
335	349	6	6
335	349	7	7
335	349	8	8
335	349	9	9
336	297	<epsilon>	"
336	350	<space>	<epsilon>
337	351	0	0
337	351	1	1
337	351	2	2
337	351	3	3
337	351	4	4
337	351	5	5
337	351	6	6
337	351	7	7
337	351	8	8
337	351	9	9
338	352	0	0
338	352	1	1
338	352	2	2
338	352	3	3
338	352	4	4
338	352	5	5
338	352	6	6
338	352	7	7
338	352	8	8
338	352	9	9
339	353	0	0
340	297	<epsilon>	"
340	328	.	<epsilon>
341	306	.	<epsilon>
342	297	<epsilon>	"
342	342	0	0
342	342	1	1
342	342	2	2
342	342	3	3
342	342	4	4
342	342	5	5
342	342	6	6
342	342	7	7
342	342	8	8
342	342	9	9
343	354	0	0
343	354	1	1
343	354	2	2
343	354	3	3
343	354	4	4
343	354	5	5
343	354	6	6
343	354	7	7
343	354	8	8
343	354	9	9
344	355	,	<epsilon>
345	356	<epsilon>	<space>
346	357	<epsilon>	"
347	358	<epsilon>	"
348	359	0	0
348	359	1	1
348	359	2	2
348	359	3	3
348	359	4	4
348	359	5	5
348	359	6	6
348	359	7	7
348	359	8	8
348	359	9	9
349	297	<epsilon>	"
349	360	<space>	<epsilon>
350	307	0	0
350	307	1	1
350	307	2	2
350	307	3	3
350	307	4	4
350	307	5	5
350	307	6	6
350	307	7	7
350	307	8	8
350	307	9	9
351	361	0	0
351	361	1	1
351	361	2	2
351	361	3	3
351	361	4	4
351	361	5	5
351	361	6	6
351	361	7	7
351	361	8	8
351	361	9	9
352	362	<space>	<epsilon>
353	297	<epsilon>	"
353	363	.	<epsilon>
354	364	,	<epsilon>
355	365	0	0
355	365	1	1
355	365	2	2
355	365	3	3
355	365	4	4
355	365	5	5
355	365	6	6
355	365	7	7
355	365	8	8
355	365	9	9
356	366	<epsilon>	}
357	367	0	0
357	367	1	1
357	367	2	2
357	367	3	3
357	367	4	4
357	367	5	5
357	367	6	6
357	367	7	7
357	367	8	8
357	367	9	9
358	368	0	0
358	368	1	1
358	368	2	2
358	368	3	3
358	368	4	4
358	368	5	5
358	368	6	6
358	368	7	7
358	368	8	8
358	368	9	9
359	297	<epsilon>	"
359	369	<space>	<epsilon>
360	370	.	<epsilon>
361	371	<space>	<epsilon>
362	372	,	<epsilon>
363	309	<space>	<epsilon>
364	373	<space>	<epsilon>
365	374	0	0
365	374	1	1
365	374	2	2
365	374	3	3
365	374	4	4
365	374	5	5
365	374	6	6
365	374	7	7
365	374	8	8
365	374	9	9
366	375	<epsilon>	<space>
366
367	272	<epsilon>	"
367	376	0	0
367	376	1	1
367	376	2	2
367	376	3	3
367	376	4	4
367	376	5	5
367	376	6	6
367	376	7	7
367	376	8	8
367	376	9	9
368	272	<epsilon>	"
368	368	0	0
368	368	1	1
368	368	2	2
368	368	3	3
368	368	4	4
368	368	5	5
368	368	6	6
368	368	7	7
368	368	8	8
368	368	9	9
369	377	.	<epsilon>
370	320	0	0
370	320	1	1
370	320	2	2
370	320	3	3
370	320	4	4
370	320	5	5
370	320	6	6
370	320	7	7
370	320	8	8
370	320	9	9
371	378	,	<epsilon>
372	379	0	0
372	379	1	1
372	379	2	2
372	379	3	3
372	379	4	4
372	379	5	5
372	379	6	6
372	379	7	7
372	379	8	8
372	379	9	9
373	380	0	0
373	380	1	1
373	380	2	2
373	380	3	3
373	380	4	4
373	380	5	5
373	380	6	6
373	380	7	7
373	380	8	8
373	380	9	9
374	381	0	0
374	381	1	1
374	381	2	2
374	381	3	3
374	381	4	4
374	381	5	5
374	381	6	6
374	381	7	7
374	381	8	8
374	381	9	9
375	382	<epsilon>	}
376	272	<epsilon>	"
376	358	0	0
376	358	1	1
376	358	2	2
376	358	3	3
376	358	4	4
376	358	5	5
376	358	6	6
376	358	7	7
376	358	8	8
376	358	9	9
377	319	<space>	<epsilon>
378	383	<space>	<epsilon>
379	384	0	0
379	384	1	1
379	384	2	2
379	384	3	3
379	384	4	4
379	384	5	5
379	384	6	6
379	384	7	7
379	384	8	8
379	384	9	9
380	385	0	0
380	385	1	1
380	385	2	2
380	385	3	3
380	385	4	4
380	385	5	5
380	385	6	6
380	385	7	7
380	385	8	8
380	385	9	9
381	297	<epsilon>	"
381	355	,	<epsilon>
382	386	<epsilon>	<space>
383	387	0	0
383	387	1	1
383	387	2	2
383	387	3	3
383	387	4	4
383	387	5	5
383	387	6	6
383	387	7	7
383	387	8	8
383	387	9	9
384	388	0	0
384	388	1	1
384	388	2	2
384	388	3	3
384	388	4	4
384	388	5	5
384	388	6	6
384	388	7	7
384	388	8	8
384	388	9	9
385	389	0	0
385	389	1	1
385	389	2	2
385	389	3	3
385	389	4	4
385	389	5	5
385	389	6	6
385	389	7	7
385	389	8	8
385	389	9	9
386	390	<epsilon>	t
387	391	0	0
387	391	1	1
387	391	2	2
387	391	3	3
387	391	4	4
387	391	5	5
387	391	6	6
387	391	7	7
387	391	8	8
387	391	9	9
388	297	<epsilon>	"
388	362	<space>	<epsilon>
389	297	<epsilon>	"
389	364	,	<epsilon>
390	392	<epsilon>	o
391	393	0	0
391	393	1	1
391	393	2	2
391	393	3	3
391	393	4	4
391	393	5	5
391	393	6	6
391	393	7	7
391	393	8	8
391	393	9	9
392	394	<epsilon>	k
393	297	<epsilon>	"
393	371	<space>	<epsilon>
394	395	<epsilon>	e
395	396	<epsilon>	n
396	397	<epsilon>	s
397	398	<epsilon>	<space>
398	399	<epsilon>	{
399	400	<epsilon>	<space>
400	401	<epsilon>	m
400	400	<space>	<epsilon>
401	402	<epsilon>	e
402	403	<epsilon>	a
403	404	<epsilon>	s
404	405	<epsilon>	u
405	406	<epsilon>	r
406	407	<epsilon>	e
407	408	<epsilon>	<space>
408	409	<epsilon>	{
409	410	<epsilon>	<space>
410	411	<epsilon>	<space>
410	413	<epsilon>	d
410	412	<9>	<epsilon>
410	412	<10>	<epsilon>
410	412	<13>	<epsilon>
410	412	<space>	<epsilon>
411	414	<epsilon>	u
412	411	<epsilon>	<space>
412	412	<9>	<epsilon>
412	412	<10>	<epsilon>
412	412	<13>	<epsilon>
412	412	<space>	<epsilon>
413	415	<epsilon>	e
414	416	<epsilon>	n
415	417	<epsilon>	c
416	418	<epsilon>	i
417	419	<epsilon>	i
418	420	<epsilon>	t
419	421	<epsilon>	m
420	422	<epsilon>	s
421	423	<epsilon>	a
422	424	<epsilon>	:
423	425	<epsilon>	l
424	426	<epsilon>	<space>
425	427	<epsilon>	<space>
426	428	<epsilon>	"
427	429	<epsilon>	{
428	430	E	e
428	431	N	n
428	432	O	e
428	433	O	w
428	434	S	s
428	435	W	w
429	436	<epsilon>	<space>
430	437	<epsilon>	a
431	438	<epsilon>	o
431	438	B	o
432	437	L	a
433	437	<epsilon>	e
434	439	<epsilon>	o
435	437	<epsilon>	e
435	437	L	e
436	440	<epsilon>	i
436	441	-	n
437	442	<epsilon>	s
438	443	<epsilon>	r
439	443	<epsilon>	u
440	444	<epsilon>	n
441	445	<epsilon>	e
442	446	<epsilon>	t
443	447	<epsilon>	t
444	448	<epsilon>	t
445	449	<epsilon>	g
446	450	<epsilon>	"
446	451	.	<epsilon>
447	446	<epsilon>	h
448	452	<epsilon>	e
449	453	<epsilon>	a
450	454	<epsilon>	<space>
451	450	<epsilon>	"
452	455	<epsilon>	g
453	456	<epsilon>	t
454	457	<epsilon>	}
455	458	<epsilon>	e
456	459	<epsilon>	i
457
458	460	<epsilon>	r
459	461	<epsilon>	v
460	462	<epsilon>	_
461	463	<epsilon>	e
462	464	<epsilon>	p
463	465	<epsilon>	:
464	466	<epsilon>	a
465	467	<epsilon>	<space>
466	468	<epsilon>	r
467	469	<epsilon>	t
468	470	<epsilon>	t
469	471	<epsilon>	r
470	472	<epsilon>	:
471	473	<epsilon>	u
472	474	<epsilon>	<space>
473	475	<epsilon>	e
474	476	<epsilon>	"
475	477	<epsilon>	<space>
476	478	0	0
476	479	1	1
476	479	2	2
476	479	3	3
476	479	4	4
476	479	5	5
476	479	6	6
476	479	7	7
476	479	8	8
476	479	9	9
477	440	<epsilon>	i
478	480	<epsilon>	"
479	480	<epsilon>	"
479	481	<space>	<epsilon>
479	485	,	<epsilon>
479	482	.	<epsilon>
479	483	0	0
479	484	1	1
479	484	2	2
479	484	3	3
479	484	4	4
479	484	5	5
479	484	6	6
479	484	7	7
479	484	8	8
479	484	9	9
480	486	<epsilon>	<space>
481	489	,	<epsilon>
481	487	.	<epsilon>
481	488	0	0
481	488	1	1
481	488	2	2
481	488	3	3
481	488	4	4
481	488	5	5
481	488	6	6
481	488	7	7
481	488	8	8
481	488	9	9
482	490	<space>	<epsilon>
482	491	0	0
482	491	1	1
482	491	2	2
482	491	3	3
482	491	4	4
482	491	5	5
482	491	6	6
482	491	7	7
482	491	8	8
482	491	9	9
483	480	<epsilon>	"
483	481	<space>	<epsilon>
483	485	,	<epsilon>
483	482	.	<epsilon>
483	492	0	0
483	493	1	1
483	493	2	2
483	493	3	3
483	493	4	4
483	493	5	5
483	493	6	6
483	493	7	7
483	493	8	8
483	493	9	9
484	480	<epsilon>	"
484	481	<space>	<epsilon>
484	485	,	<epsilon>
484	482	.	<epsilon>
484	492	0	0
484	494	1	1
484	494	2	2
484	494	3	3
484	494	4	4
484	494	5	5
484	494	6	6
484	494	7	7
484	494	8	8
484	494	9	9
485	495	<space>	<epsilon>
485	496	0	0
485	496	1	1
485	496	2	2
485	496	3	3
485	496	4	4
485	496	5	5
485	496	6	6
485	496	7	7
485	496	8	8
485	496	9	9
486	497	<epsilon>	<space>
486	500	<space>	<space>
486	501	*	<space>
486	499	,	<epsilon>
486	498	.	<epsilon>
486	502	E	<space>
486	502	e	<space>
486	501	x	<space>
486	503	<194>	<space>
486	504	<195>	<space>
487	505	<space>	<epsilon>
487	506	0	0
487	506	1	1
487	506	2	2
487	506	3	3
487	506	4	4
487	506	5	5
487	506	6	6
487	506	7	7
487	506	8	8
487	506	9	9
488	507	0	0
488	507	1	1
488	507	2	2
488	507	3	3
488	507	4	4
488	507	5	5
488	507	6	6
488	507	7	7
488	507	8	8
488	507	9	9
489	508	<space>	<epsilon>
489	509	0	0
489	509	1	1
489	509	2	2
489	509	3	3
489	509	4	4
489	509	5	5
489	509	6	6
489	509	7	7
489	509	8	8
489	509	9	9
490	510	0	0
491	511	0	0
491	511	1	1
491	511	2	2
491	511	3	3
491	511	4	4
491	511	5	5
491	511	6	6
491	511	7	7
491	511	8	8
491	511	9	9
492	480	<epsilon>	"
492	481	<space>	<epsilon>
492	485	,	<epsilon>
492	482	.	<epsilon>
492	512	0	0
492	513	1	1
492	513	2	2
492	513	3	3
492	513	4	4
492	513	5	5
492	513	6	6
492	513	7	7
492	513	8	8
492	513	9	9
493	480	<epsilon>	"
493	481	<space>	<epsilon>
493	515	,	<epsilon>
493	514	.	<epsilon>
493	513	0	0
493	513	1	1
493	513	2	2
493	513	3	3
493	513	4	4
493	513	5	5
493	513	6	6
493	513	7	7
493	513	8	8
493	513	9	9
494	480	<epsilon>	"
494	481	<space>	<epsilon>
494	485	,	<epsilon>
494	482	.	<epsilon>
494	512	0	0
494	512	1	1
494	512	2	2
494	512	3	3
494	512	4	4
494	512	5	5
494	512	6	6
494	512	7	7
494	512	8	8
494	512	9	9
495	516	0	0
495	517	1	1
495	517	2	2
495	517	3	3
495	517	4	4
495	517	5	5
495	517	6	6
495	517	7	7
495	517	8	8
495	517	9	9
496	518	0	0
496	518	1	1
496	518	2	2
496	518	3	3
496	518	4	4
496	518	5	5
496	518	6	6
496	518	7	7
496	518	8	8
496	518	9	9
497	519	<epsilon>	}
498	520	<epsilon>	f
499	521	<epsilon>	f
500	522	<space>	e
500	523	*	e
500	523	x	e
500	524	<194>	e
500	525	<195>	e
501	523	<space>	e
501	526	1	e
502	527	<epsilon>	e
503	523	<183>	e
504	523	<151>	e
505	528	0	0
505	528	1	1
505	528	2	2
505	528	3	3
505	528	4	4
505	528	5	5
505	528	6	6
505	528	7	7
505	528	8	8
505	528	9	9
506	529	0	0
506	529	1	1
506	529	2	2
506	529	3	3
506	529	4	4
506	529	5	5
506	529	6	6
506	529	7	7
506	529	8	8
506	529	9	9
507	530	0	0
507	530	1	1
507	530	2	2
507	530	3	3
507	530	4	4
507	530	5	5
507	530	6	6
507	530	7	7
507	530	8	8
507	530	9	9
508	531	0	0
508	531	1	1
508	531	2	2
508	531	3	3
508	531	4	4
508	531	5	5
508	531	6	6
508	531	7	7
508	531	8	8
508	531	9	9
509	532	0	0
509	532	1	1
509	532	2	2
509	532	3	3
509	532	4	4
509	532	5	5
509	532	6	6
509	532	7	7
509	532	8	8
509	532	9	9
510	533	0	0
511	534	0	0
511	534	1	1
511	534	2	2
511	534	3	3
511	534	4	4
511	534	5	5
511	534	6	6
511	534	7	7
511	534	8	8
511	534	9	9
512	536	<epsilon>	"
512	535	<space>	<epsilon>
512	538	,	<epsilon>
512	482	.	<epsilon>
512	537	0	0
512	537	1	1
512	537	2	2
512	537	3	3
512	537	4	4
512	537	5	5
512	537	6	6
512	537	7	7
512	537	8	8
512	537	9	9
513	536	<epsilon>	"
513	535	<space>	<epsilon>
513	539	,	<epsilon>
513	514	.	<epsilon>
513	537	0	0
513	537	1	1
513	537	2	2
513	537	3	3
513	537	4	4
513	537	5	5
513	537	6	6
513	537	7	7
513	537	8	8
513	537	9	9
514	491	0	0
514	491	1	1
514	491	2	2
514	491	3	3
514	491	4	4
514	491	5	5
514	491	6	6
514	491	7	7
514	491	8	8
514	491	9	9
515	540	<space>	<epsilon>
515	496	0	0
515	496	1	1
515	496	2	2
515	496	3	3
515	496	4	4
515	496	5	5
515	496	6	6
515	496	7	7
515	496	8	8
515	496	9	9
516	541	0	0
516	542	1	1
516	542	2	2
516	542	3	3
516	542	4	4
516	542	5	5
516	542	6	6
516	542	7	7
516	542	8	8
516	542	9	9
517	542	0	0
517	542	1	1
517	542	2	2
517	542	3	3
517	542	4	4
517	542	5	5
517	542	6	6
517	542	7	7
517	542	8	8
517	542	9	9
518	543	0	0
518	543	1	1
518	543	2	2
518	543	3	3
518	543	4	4
518	543	5	5
518	543	6	6
518	543	7	7
518	543	8	8
518	543	9	9
519	544	<epsilon>	<space>
519	519	<9>	<epsilon>
519	519	<10>	<epsilon>
519	519	<13>	<epsilon>
519	519	<space>	<epsilon>
520	545	<epsilon>	r
521	546	<epsilon>	r
522	547	<space>	x
522	548	*	x
522	548	x	x
522	549	<194>	x
522	550	<195>	x
523	548	<space>	x
523	551	1	x
524	548	<183>	x
525	548	<151>	x
526	552	0	x
527	553	<epsilon>	x
528	554	0	0
528	554	1	1
528	554	2	2
528	554	3	3
528	554	4	4
528	554	5	5
528	554	6	6
528	554	7	7
528	554	8	8
528	554	9	9
529	555	0	0
529	555	1	1
529	555	2	2
529	555	3	3
529	555	4	4
529	555	5	5
529	555	6	6
529	555	7	7
529	555	8	8
529	555	9	9
530	536	<epsilon>	"
530	556	<space>	<epsilon>
531	557	0	0
531	557	1	1
531	557	2	2
531	557	3	3
531	557	4	4
531	557	5	5
531	557	6	6
531	557	7	7
531	557	8	8
531	557	9	9
532	558	0	0
532	558	1	1
532	558	2	2
532	558	3	3
532	558	4	4
532	558	5	5
532	558	6	6
532	558	7	7
532	558	8	8
532	558	9	9
533	559	0	0
534	560	<epsilon>	"
534	514	.	<epsilon>
535	561	,	<epsilon>
535	487	.	<epsilon>
536	562	<epsilon>	<space>
537	536	<epsilon>	"
537	537	0	0
537	537	1	1
537	537	2	2
537	537	3	3
537	537	4	4
537	537	5	5
537	537	6	6
537	537	7	7
537	537	8	8
537	537	9	9
538	563	<space>	<epsilon>
538	564	0	0
538	564	1	1
538	564	2	2
538	564	3	3
538	564	4	4
538	564	5	5
538	564	6	6
538	564	7	7
538	564	8	8
538	564	9	9
539	564	0	0
539	564	1	1
539	564	2	2
539	564	3	3
539	564	4	4
539	564	5	5
539	564	6	6
539	564	7	7
539	564	8	8
539	564	9	9
540	517	0	0
540	517	1	1
540	517	2	2
540	517	3	3
540	517	4	4
540	517	5	5
540	517	6	6
540	517	7	7
540	517	8	8
540	517	9	9
541	565	0	0
541	566	1	1
541	566	2	2
541	566	3	3
541	566	4	4
541	566	5	5
541	566	6	6
541	566	7	7
541	566	8	8
541	566	9	9
542	566	0	0
542	566	1	1
542	566	2	2
542	566	3	3
542	566	4	4
542	566	5	5
542	566	6	6
542	566	7	7
542	566	8	8
542	566	9	9
543	567	<epsilon>	"
543	568	,	<epsilon>
544	569	<epsilon>	u
545	570	<epsilon>	a
546	571	<epsilon>	a
547	572	<space>	p
547	573	*	p
547	573	x	p
547	574	<194>	p
547	575	<195>	p
548	573	<space>	p
548	576	1	p
549	573	<183>	p
550	573	<151>	p
551	577	0	p
552	577	<space>	p
552	578	^	p
553	579	<epsilon>	p
554	580	0	0
554	580	1	1
554	580	2	2
554	580	3	3
554	580	4	4
554	580	5	5
554	580	6	6
554	580	7	7
554	580	8	8
554	580	9	9
555	560	<epsilon>	"
555	581	<space>	<epsilon>
556	488	0	0
556	488	1	1
556	488	2	2
556	488	3	3
556	488	4	4
556	488	5	5
556	488	6	6
556	488	7	7
556	488	8	8
556	488	9	9
557	582	0	0
557	582	1	1
557	582	2	2
557	582	3	3
557	582	4	4
557	582	5	5
557	582	6	6
557	582	7	7
557	582	8	8
557	582	9	9
558	567	<epsilon>	"
558	583	<space>	<epsilon>
559	560	<epsilon>	"
559	584	.	<epsilon>
560	585	<epsilon>	<space>
561	586	<space>	<epsilon>
561	587	0	0
561	587	1	1
561	587	2	2
561	587	3	3
561	587	4	4
561	587	5	5
561	587	6	6
561	587	7	7
561	587	8	8
561	587	9	9
562	497	<epsilon>	<space>
562	500	<space>	<space>
562	501	*	<space>
562	499	,	<epsilon>
562	499	.	<epsilon>
562	502	E	<space>
562	502	e	<space>
562	501	x	<space>
562	503	<194>	<space>
562	504	<195>	<space>
563	588	0	0
564	589	0	0
564	589	1	1
564	589	2	2
564	589	3	3
564	589	4	4
564	589	5	5
564	589	6	6
564	589	7	7
564	589	8	8
564	589	9	9
565	567	<epsilon>	"
565	590	,	<epsilon>
566	591	,	<epsilon>
567	592	<epsilon>	<space>
568	593	0	0
568	593	1	1
568	593	2	2
568	593	3	3
568	593	4	4
568	593	5	5
568	593	6	6
568	593	7	7
568	593	8	8
568	593	9	9
569	594	<epsilon>	n
570	595	<epsilon>	c
571	596	<epsilon>	c
572	597	<space>	o
572	598	*	o
572	598	x	o
572	599	<194>	o
572	600	<195>	o
573	598	<space>	o
573	601	1	o
574	598	<183>	o
575	598	<151>	o
576	602	0	o
577	602	<space>	o
577	603	^	o
578	604	<epsilon>	o
578	603	<space>	o
579	604	<epsilon>	o
580	560	<epsilon>	"
580	605	<space>	<epsilon>
581	606	.	<epsilon>
582	567	<epsilon>	"
582	607	<space>	<epsilon>
583	608	,	<epsilon>
584	490	<space>	<epsilon>
585	497	<epsilon>	<space>
585	500	<space>	<space>
585	501	*	<space>
585	499	,	<epsilon>
585	502	E	<space>
585	502	e	<space>
585	501	x	<space>
585	503	<194>	<space>
585	504	<195>	<space>
586	609	0	0
586	609	1	1
586	609	2	2
586	609	3	3
586	609	4	4
586	609	5	5
586	609	6	6
586	609	7	7
586	609	8	8
586	609	9	9
587	610	0	0
587	610	1	1
587	610	2	2
587	610	3	3
587	610	4	4
587	610	5	5
587	610	6	6
587	610	7	7
587	610	8	8
587	610	9	9
588	611	0	0
589	612	0	0
589	612	1	1
589	612	2	2
589	612	3	3
589	612	4	4
589	612	5	5
589	612	6	6
589	612	7	7
589	612	8	8
589	612	9	9
590	613	<space>	<epsilon>
591	614	<space>	<epsilon>
592	499	.	<epsilon>
593	615	0	0
593	615	1	1
593	615	2	2
593	615	3	3
593	615	4	4
593	615	5	5
593	615	6	6
593	615	7	7
593	615	8	8
593	615	9	9
594	616	<epsilon>	i
595	617	<epsilon>	t
596	618	<epsilon>	t
597	619	<space>	n
597	620	*	n
597	620	x	n
597	621	<194>	n
597	622	<195>	n
598	620	<space>	n
598	623	1	n
599	620	<183>	n
600	620	<151>	n
601	624	0	n
602	624	<space>	n
602	625	^	n
603	626	<epsilon>	n
603	625	<space>	n
604	626	<epsilon>	n
605	627	.	<epsilon>
606	506	0	0
606	506	1	1
606	506	2	2
606	506	3	3
606	506	4	4
606	506	5	5
606	506	6	6
606	506	7	7
606	506	8	8
606	506	9	9
607	628	,	<epsilon>
608	629	0	0
608	629	1	1
608	629	2	2
608	629	3	3
608	629	4	4
608	629	5	5
608	629	6	6
608	629	7	7
608	629	8	8
608	629	9	9
609	630	0	0
609	630	1	1
609	630	2	2
609	630	3	3
609	630	4	4
609	630	5	5
609	630	6	6
609	630	7	7
609	630	8	8
609	630	9	9
610	631	0	0
610	631	1	1
610	631	2	2
610	631	3	3
610	631	4	4
610	631	5	5
610	631	6	6
610	631	7	7
610	631	8	8
610	631	9	9
611	632	0	0
612	567	<epsilon>	"
612	539	,	<epsilon>
613	633	0	0
613	634	1	1
613	634	2	2
613	634	3	3
613	634	4	4
613	634	5	5
613	634	6	6
613	634	7	7
613	634	8	8
613	634	9	9
614	634	0	0
614	634	1	1
614	634	2	2
614	634	3	3
614	634	4	4
614	634	5	5
614	634	6	6
614	634	7	7
614	634	8	8
614	634	9	9
615	635	0	0
615	635	1	1
615	635	2	2
615	635	3	3
615	635	4	4
615	635	5	5
615	635	6	6
615	635	7	7
615	635	8	8
615	635	9	9
616	636	<epsilon>	t
617	637	<epsilon>	i
618	638	<epsilon>	i
619	639	<space>	e
619	640	*	e
619	640	x	e
619	641	<194>	e
619	642	<195>	e
620	640	<space>	e
620	643	1	e
621	640	<183>	e
622	640	<151>	e
623	644	0	e
624	644	<space>	e
624	645	^	e
625	646	<epsilon>	e
625	645	<space>	e
626	646	<epsilon>	e
627	505	<space>	<epsilon>
628	647	<space>	<epsilon>
629	648	0	0
629	648	1	1
629	648	2	2
629	648	3	3
629	648	4	4
629	648	5	5
629	648	6	6
629	648	7	7
629	648	8	8
629	648	9	9
630	649	0	0
630	649	1	1
630	649	2	2
630	649	3	3
630	649	4	4
630	649	5	5
630	649	6	6
630	649	7	7
630	649	8	8
630	649	9	9
631	567	<epsilon>	"
631	650	<space>	<epsilon>
632	567	<epsilon>	"
632	651	,	<epsilon>
633	652	0	0
633	653	1	1
633	653	2	2
633	653	3	3
633	653	4	4
633	653	5	5
633	653	6	6
633	653	7	7
633	653	8	8
633	653	9	9
634	653	0	0
634	653	1	1
634	653	2	2
634	653	3	3
634	653	4	4
634	653	5	5
634	653	6	6
634	653	7	7
634	653	8	8
634	653	9	9
635	654	<epsilon>	"
635	568	,	<epsilon>
636	655	<epsilon>	s
637	656	<epsilon>	o
638	657	<epsilon>	o
639	658	<space>	n
639	659	*	n
639	659	x	n
639	660	<194>	n
639	661	<195>	n
640	659	<space>	n
640	662	1	n
641	659	<183>	n
642	659	<151>	n
643	663	0	n
644	663	<space>	n
644	664	^	n
645	665	<epsilon>	n
645	664	<space>	n
646	665	<epsilon>	n
647	666	0	0
647	666	1	1
647	666	2	2
647	666	3	3
647	666	4	4
647	666	5	5
647	666	6	6
647	666	7	7
647	666	8	8
647	666	9	9
648	667	0	0
648	667	1	1
648	667	2	2
648	667	3	3
648	667	4	4
648	667	5	5
648	667	6	6
648	667	7	7
648	667	8	8
648	667	9	9
649	567	<epsilon>	"
649	668	<space>	<epsilon>
650	669	,	<epsilon>
651	563	<space>	<epsilon>
652	670	0	0
652	671	1	1
652	671	2	2
652	671	3	3
652	671	4	4
652	671	5	5
652	671	6	6
652	671	7	7
652	671	8	8
652	671	9	9
653	671	0	0
653	671	1	1
653	671	2	2
653	671	3	3
653	671	4	4
653	671	5	5
653	671	6	6
653	671	7	7
653	671	8	8
653	671	9	9
654	672	<epsilon>	<space>
655	673	<epsilon>	:
656	674	<epsilon>	n
657	675	<epsilon>	n
658	676	<space>	t
658	677	*	t
658	677	x	t
658	678	<194>	t
658	679	<195>	t
659	677	<space>	t
659	680	1	t
660	677	<183>	t
661	677	<151>	t
662	681	0	t
663	681	<space>	t
663	682	^	t
664	683	<epsilon>	t
664	682	<space>	t
665	683	<epsilon>	t
666	684	0	0
666	684	1	1
666	684	2	2
666	684	3	3
666	684	4	4
666	684	5	5
666	684	6	6
666	684	7	7
666	684	8	8
666	684	9	9
667	654	<epsilon>	"
667	583	<space>	<epsilon>
668	685	,	<epsilon>
669	587	0	0
669	587	1	1
669	587	2	2
669	587	3	3
669	587	4	4
669	587	5	5
669	587	6	6
669	587	7	7
669	587	8	8
669	587	9	9
670	654	<epsilon>	"
670	590	,	<epsilon>
671	686	<epsilon>	"
671	591	,	<epsilon>
672	497	<epsilon>	<space>
672	500	<space>	<space>
672	501	*	<space>
672	499	.	<epsilon>
672	502	E	<space>
672	502	e	<space>
672	501	x	<space>
672	503	<194>	<space>
672	504	<195>	<space>
673	687	<epsilon>	<space>
674	688	<epsilon>	a
675	689	<epsilon>	a
676	690	<space>	:
676	691	*	:
676	691	x	:
676	692	<194>	:
676	693	<195>	:
677	691	<space>	:
677	694	1	:
678	691	<183>	:
679	691	<151>	:
680	695	0	:
681	695	<space>	:
681	696	^	:
682	697	<epsilon>	:
682	696	<space>	:
683	697	<epsilon>	:
684	698	0	0
684	698	1	1
684	698	2	2
684	698	3	3
684	698	4	4
684	698	5	5
684	698	6	6
684	698	7	7
684	698	8	8
684	698	9	9
685	586	<space>	<epsilon>
686	699	<epsilon>	<space>
687	700	<epsilon>	"
688	701	<epsilon>	l
689	702	<epsilon>	l
690	703	<space>	<space>
690	704	*	<space>
690	704	x	<space>
690	705	<194>	<space>
690	706	<195>	<space>
691	704	<space>	<space>
691	707	1	<space>
692	704	<183>	<space>
693	704	<151>	<space>
694	708	0	<space>
695	708	<space>	<space>
695	709	^	<space>
696	710	<epsilon>	<space>
696	709	<space>	<space>
697	710	<epsilon>	<space>
698	654	<epsilon>	"
698	607	<space>	<epsilon>
699	497	<epsilon>	<space>
699	500	<space>	<space>
699	501	*	<space>
699	502	E	<space>
699	502	e	<space>
699	501	x	<space>
699	503	<194>	<space>
699	504	<195>	<space>
700	711	'	m
701	712	<epsilon>	_
702	713	<epsilon>	_
703	703	<space>	<epsilon>
703	704	*	<epsilon>
703	704	x	<epsilon>
703	705	<194>	<epsilon>
703	706	<195>	<epsilon>
704	704	<space>	<epsilon>
704	707	1	<epsilon>
705	704	<183>	<epsilon>
706	704	<151>	<epsilon>
707	708	0	<epsilon>
708	708	<space>	<epsilon>
708	709	^	<epsilon>
709	714	<epsilon>	"
709	709	<space>	<epsilon>
710	714	<epsilon>	"
711	715	<epsilon>	i
712	716	<epsilon>	p
713	717	<epsilon>	p
714	720	-	-
714	718	0	0
714	719	1	1
714	719	2	2
714	719	3	3
714	719	4	4
714	719	5	5
714	719	6	6
714	719	7	7
714	719	8	8
714	719	9	9
715	721	<epsilon>	n
716	722	<epsilon>	a
717	723	<epsilon>	a
718	724	<epsilon>	"
719	724	<epsilon>	"
719	725	<space>	<epsilon>
719	729	,	<epsilon>
719	726	.	<epsilon>
719	727	0	0
719	728	1	1
719	728	2	2
719	728	3	3
719	728	4	4
719	728	5	5
719	728	6	6
719	728	7	7
719	728	8	8
719	728	9	9
720	718	0	0
720	719	1	1
720	719	2	2
720	719	3	3
720	719	4	4
720	719	5	5
720	719	6	6
720	719	7	7
720	719	8	8
720	719	9	9
721	730	<epsilon>	u
722	731	<epsilon>	r
723	732	<epsilon>	r
724	497	<epsilon>	<space>
725	735	,	<epsilon>
725	733	.	<epsilon>
725	734	0	0
725	734	1	1
725	734	2	2
725	734	3	3
725	734	4	4
725	734	5	5
725	734	6	6
725	734	7	7
725	734	8	8
725	734	9	9
726	736	<space>	<epsilon>
726	737	0	0
726	737	1	1
726	737	2	2
726	737	3	3
726	737	4	4
726	737	5	5
726	737	6	6
726	737	7	7
726	737	8	8
726	737	9	9
727	724	<epsilon>	"
727	725	<space>	<epsilon>
727	729	,	<epsilon>
727	726	.	<epsilon>
727	738	0	0
727	739	1	1
727	739	2	2
727	739	3	3
727	739	4	4
727	739	5	5
727	739	6	6
727	739	7	7
727	739	8	8
727	739	9	9
728	724	<epsilon>	"
728	725	<space>	<epsilon>
728	729	,	<epsilon>
728	726	.	<epsilon>
728	738	0	0
728	740	1	1
728	740	2	2
728	740	3	3
728	740	4	4
728	740	5	5
728	740	6	6
728	740	7	7
728	740	8	8
728	740	9	9
729	741	<space>	<epsilon>
729	742	0	0
729	742	1	1
729	742	2	2
729	742	3	3
729	742	4	4
729	742	5	5
729	742	6	6
729	742	7	7
729	742	8	8
729	742	9	9
730	743	<epsilon>	t
731	744	<epsilon>	t
732	745	<epsilon>	t
733	746	<space>	<epsilon>
733	747	0	0
733	747	1	1
733	747	2	2
733	747	3	3
733	747	4	4
733	747	5	5
733	747	6	6
733	747	7	7
733	747	8	8
733	747	9	9
734	748	0	0
734	748	1	1
734	748	2	2
734	748	3	3
734	748	4	4
734	748	5	5
734	748	6	6
734	748	7	7
734	748	8	8
734	748	9	9
735	749	<space>	<epsilon>
735	750	0	0
735	750	1	1
735	750	2	2
735	750	3	3
735	750	4	4
735	750	5	5
735	750	6	6
735	750	7	7
735	750	8	8
735	750	9	9
736	751	0	0
737	752	0	0
737	752	1	1
737	752	2	2
737	752	3	3
737	752	4	4
737	752	5	5
737	752	6	6
737	752	7	7
737	752	8	8
737	752	9	9
738	724	<epsilon>	"
738	725	<space>	<epsilon>
738	729	,	<epsilon>
738	726	.	<epsilon>
738	753	0	0
738	754	1	1
738	754	2	2
738	754	3	3
738	754	4	4
738	754	5	5
738	754	6	6
738	754	7	7
738	754	8	8
738	754	9	9
739	724	<epsilon>	"
739	725	<space>	<epsilon>
739	729	,	<epsilon>
739	755	.	<epsilon>
739	754	0	0
739	754	1	1
739	754	2	2
739	754	3	3
739	754	4	4
739	754	5	5
739	754	6	6
739	754	7	7
739	754	8	8
739	754	9	9
740	724	<epsilon>	"
740	725	<space>	<epsilon>
740	729	,	<epsilon>
740	726	.	<epsilon>
740	753	0	0
740	753	1	1
740	753	2	2
740	753	3	3
740	753	4	4
740	753	5	5
740	753	6	6
740	753	7	7
740	753	8	8
740	753	9	9
741	756	0	0
741	756	1	1
741	756	2	2
741	756	3	3
741	756	4	4
741	756	5	5
741	756	6	6
741	756	7	7
741	756	8	8
741	756	9	9
742	757	0	0
742	757	1	1
742	757	2	2
742	757	3	3
742	757	4	4
742	757	5	5
742	757	6	6
742	757	7	7
742	757	8	8
742	757	9	9
743	758	<epsilon>	e
744	759	<epsilon>	:
745	760	<epsilon>	:
746	761	0	0
746	761	1	1
746	761	2	2
746	761	3	3
746	761	4	4
746	761	5	5
746	761	6	6
746	761	7	7
746	761	8	8
746	761	9	9
747	762	0	0
747	762	1	1
747	762	2	2
747	762	3	3
747	762	4	4
747	762	5	5
747	762	6	6
747	762	7	7
747	762	8	8
747	762	9	9
748	763	0	0
748	763	1	1
748	763	2	2
748	763	3	3
748	763	4	4
748	763	5	5
748	763	6	6
748	763	7	7
748	763	8	8
748	763	9	9
749	764	0	0
749	764	1	1
749	764	2	2
749	764	3	3
749	764	4	4
749	764	5	5
749	764	6	6
749	764	7	7
749	764	8	8
749	764	9	9
750	765	0	0
750	765	1	1
750	765	2	2
750	765	3	3
750	765	4	4
750	765	5	5
750	765	6	6
750	765	7	7
750	765	8	8
750	765	9	9
751	766	0	0
752	767	0	0
752	767	1	1
752	767	2	2
752	767	3	3
752	767	4	4
752	767	5	5
752	767	6	6
752	767	7	7
752	767	8	8
752	767	9	9
753	724	<epsilon>	"
753	768	<space>	<epsilon>
753	726	.	<epsilon>
753	769	0	0
753	769	1	1
753	769	2	2
753	769	3	3
753	769	4	4
753	769	5	5
753	769	6	6
753	769	7	7
753	769	8	8
753	769	9	9
754	724	<epsilon>	"
754	768	<space>	<epsilon>
754	755	.	<epsilon>
754	769	0	0
754	769	1	1
754	769	2	2
754	769	3	3
754	769	4	4
754	769	5	5
754	769	6	6
754	769	7	7
754	769	8	8
754	769	9	9
755	737	0	0
755	737	1	1
755	737	2	2
755	737	3	3
755	737	4	4
755	737	5	5
755	737	6	6
755	737	7	7
755	737	8	8
755	737	9	9
756	770	0	0
756	770	1	1
756	770	2	2
756	770	3	3
756	770	4	4
756	770	5	5
756	770	6	6
756	770	7	7
756	770	8	8
756	770	9	9
757	771	0	0
757	771	1	1
757	771	2	2
757	771	3	3
757	771	4	4
757	771	5	5
757	771	6	6
757	771	7	7
757	771	8	8
757	771	9	9
758	772	<epsilon>	"
759	773	<epsilon>	<space>
760	774	<epsilon>	<space>
761	775	0	0
761	775	1	1
761	775	2	2
761	775	3	3
761	775	4	4
761	775	5	5
761	775	6	6
761	775	7	7
761	775	8	8
761	775	9	9
762	776	0	0
762	776	1	1
762	776	2	2
762	776	3	3
762	776	4	4
762	776	5	5
762	776	6	6
762	776	7	7
762	776	8	8
762	776	9	9
763	724	<epsilon>	"
763	777	<space>	<epsilon>
764	778	0	0
764	778	1	1
764	778	2	2
764	778	3	3
764	778	4	4
764	778	5	5
764	778	6	6
764	778	7	7
764	778	8	8
764	778	9	9
765	779	0	0
765	779	1	1
765	779	2	2
765	779	3	3
765	779	4	4
765	779	5	5
765	779	6	6
765	779	7	7
765	779	8	8
765	779	9	9
766	780	0	0
767	724	<epsilon>	"
767	755	.	<epsilon>
768	733	.	<epsilon>
769	724	<epsilon>	"
769	769	0	0
769	769	1	1
769	769	2	2
769	769	3	3
769	769	4	4
769	769	5	5
769	769	6	6
769	769	7	7
769	769	8	8
769	769	9	9
770	781	0	0
770	781	1	1
770	781	2	2
770	781	3	3
770	781	4	4
770	781	5	5
770	781	6	6
770	781	7	7
770	781	8	8
770	781	9	9
771	782	,	<epsilon>
772	783	<epsilon>	<space>
773	784	<epsilon>	"
774	785	<epsilon>	"
775	786	0	0
775	786	1	1
775	786	2	2
775	786	3	3
775	786	4	4
775	786	5	5
775	786	6	6
775	786	7	7
775	786	8	8
775	786	9	9
776	724	<epsilon>	"
776	787	<space>	<epsilon>
777	734	0	0
777	734	1	1
777	734	2	2
777	734	3	3
777	734	4	4
777	734	5	5
777	734	6	6
777	734	7	7
777	734	8	8
777	734	9	9
778	788	0	0
778	788	1	1
778	788	2	2
778	788	3	3
778	788	4	4
778	788	5	5
778	788	6	6
778	788	7	7
778	788	8	8
778	788	9	9
779	789	<space>	<epsilon>
780	724	<epsilon>	"
780	790	.	<epsilon>
781	791	,	<epsilon>
782	792	0	0
782	792	1	1
782	792	2	2
782	792	3	3
782	792	4	4
782	792	5	5
782	792	6	6
782	792	7	7
782	792	8	8
782	792	9	9
783	793	<epsilon>	}
784	794	0	0
784	794	1	1
784	794	2	2
784	794	3	3
784	794	4	4
784	794	5	5
784	794	6	6
784	794	7	7
784	794	8	8
784	794	9	9
785	795	0	0
785	795	1	1
785	795	2	2
785	795	3	3
785	795	4	4
785	795	5	5
785	795	6	6
785	795	7	7
785	795	8	8
785	795	9	9
786	724	<epsilon>	"
786	796	<space>	<epsilon>
787	797	.	<epsilon>
788	798	<space>	<epsilon>
789	799	,	<epsilon>
790	736	<space>	<epsilon>
791	800	<space>	<epsilon>
792	801	0	0
792	801	1	1
792	801	2	2
792	801	3	3
792	801	4	4
792	801	5	5
792	801	6	6
792	801	7	7
792	801	8	8
792	801	9	9
793	802	<epsilon>	<space>
794	699	<epsilon>	"
794	803	0	0
794	803	1	1
794	803	2	2
794	803	3	3
794	803	4	4
794	803	5	5
794	803	6	6
794	803	7	7
794	803	8	8
794	803	9	9
795	699	<epsilon>	"
795	795	0	0
795	795	1	1
795	795	2	2
795	795	3	3
795	795	4	4
795	795	5	5
795	795	6	6
795	795	7	7
795	795	8	8
795	795	9	9
796	804	.	<epsilon>
797	747	0	0
797	747	1	1
797	747	2	2
797	747	3	3
797	747	4	4
797	747	5	5
797	747	6	6
797	747	7	7
797	747	8	8
797	747	9	9
798	805	,	<epsilon>
799	806	0	0
799	806	1	1
799	806	2	2
799	806	3	3
799	806	4	4
799	806	5	5
799	806	6	6
799	806	7	7
799	806	8	8
799	806	9	9
800	807	0	0
800	807	1	1
800	807	2	2
800	807	3	3
800	807	4	4
800	807	5	5
800	807	6	6
800	807	7	7
800	807	8	8
800	807	9	9
801	808	0	0
801	808	1	1
801	808	2	2
801	808	3	3
801	808	4	4
801	808	5	5
801	808	6	6
801	808	7	7
801	808	8	8
801	808	9	9
802	809	<epsilon>	}
803	699	<epsilon>	"
803	785	0	0
803	785	1	1
803	785	2	2
803	785	3	3
803	785	4	4
803	785	5	5
803	785	6	6
803	785	7	7
803	785	8	8
803	785	9	9
804	746	<space>	<epsilon>
805	810	<space>	<epsilon>
806	811	0	0
806	811	1	1
806	811	2	2
806	811	3	3
806	811	4	4
806	811	5	5
806	811	6	6
806	811	7	7
806	811	8	8
806	811	9	9
807	812	0	0
807	812	1	1
807	812	2	2
807	812	3	3
807	812	4	4
807	812	5	5
807	812	6	6
807	812	7	7
807	812	8	8
807	812	9	9
808	724	<epsilon>	"
808	782	,	<epsilon>
809	813	<epsilon>	<space>
810	814	0	0
810	814	1	1
810	814	2	2
810	814	3	3
810	814	4	4
810	814	5	5
810	814	6	6
810	814	7	7
810	814	8	8
810	814	9	9
811	815	0	0
811	815	1	1
811	815	2	2
811	815	3	3
811	815	4	4
811	815	5	5
811	815	6	6
811	815	7	7
811	815	8	8
811	815	9	9
812	816	0	0
812	816	1	1
812	816	2	2
812	816	3	3
812	816	4	4
812	816	5	5
812	816	6	6
812	816	7	7
812	816	8	8
812	816	9	9
813	817	<epsilon>	t
814	818	0	0
814	818	1	1
814	818	2	2
814	818	3	3
814	818	4	4
814	818	5	5
814	818	6	6
814	818	7	7
814	818	8	8
814	818	9	9
815	724	<epsilon>	"
815	789	<space>	<epsilon>
816	724	<epsilon>	"
816	791	,	<epsilon>
817	819	<epsilon>	o
818	820	0	0
818	820	1	1
818	820	2	2
818	820	3	3
818	820	4	4
818	820	5	5
818	820	6	6
818	820	7	7
818	820	8	8
818	820	9	9
819	821	<epsilon>	k
820	724	<epsilon>	"
820	798	<space>	<epsilon>
821	822	<epsilon>	e
822	823	<epsilon>	n
823	824	<epsilon>	s
824	825	<epsilon>	<space>
825	826	<epsilon>	{
826	827	<epsilon>	<space>
827	828	<epsilon>	m
827	827	<space>	<epsilon>
828	829	<epsilon>	e
829	830	<epsilon>	a
830	831	<epsilon>	s
831	832	<epsilon>	u
832	833	<epsilon>	r
833	834	<epsilon>	e
834	835	<epsilon>	<space>
835	836	<epsilon>	{
836	837	<epsilon>	<space>
837	838	<epsilon>	d
838	839	<epsilon>	e
839	840	<epsilon>	c
840	841	<epsilon>	i
841	842	<epsilon>	m
842	843	<epsilon>	a
843	844	<epsilon>	l
844	845	<epsilon>	<space>
845	846	<epsilon>	{
846	847	<epsilon>	<space>
847	848	<epsilon>	i
847	849	-	n
848	850	<epsilon>	n
849	851	<epsilon>	e
850	852	<epsilon>	t
851	853	<epsilon>	g
852	854	<epsilon>	e
853	855	<epsilon>	a
854	856	<epsilon>	g
855	857	<epsilon>	t
856	858	<epsilon>	e
857	859	<epsilon>	i
858	860	<epsilon>	r
859	861	<epsilon>	v
860	862	<epsilon>	_
861	863	<epsilon>	e
862	864	<epsilon>	p
863	865	<epsilon>	:
864	866	<epsilon>	a
865	867	<epsilon>	<space>
866	868	<epsilon>	r
867	869	<epsilon>	t
868	870	<epsilon>	t
869	871	<epsilon>	r
870	872	<epsilon>	:
871	873	<epsilon>	u
872	874	<epsilon>	<space>
873	875	<epsilon>	e
874	876	<epsilon>	"
875	877	<epsilon>	<space>
876	878	0	0
876	879	1	1
876	879	2	2
876	879	3	3
876	879	4	4
876	879	5	5
876	879	6	6
876	879	7	7
876	879	8	8
876	879	9	9
877	848	<epsilon>	i
878	880	<epsilon>	"
879	880	<epsilon>	"
879	881	<space>	<epsilon>
879	885	,	<epsilon>
879	882	.	<epsilon>
879	883	0	0
879	884	1	1
879	884	2	2
879	884	3	3
879	884	4	4
879	884	5	5
879	884	6	6
879	884	7	7
879	884	8	8
879	884	9	9
880	886	<epsilon>	<space>
881	889	,	<epsilon>
881	887	.	<epsilon>
881	888	0	0
881	888	1	1
881	888	2	2
881	888	3	3
881	888	4	4
881	888	5	5
881	888	6	6
881	888	7	7
881	888	8	8
881	888	9	9
882	890	<space>	<epsilon>
882	891	0	0
882	891	1	1
882	891	2	2
882	891	3	3
882	891	4	4
882	891	5	5
882	891	6	6
882	891	7	7
882	891	8	8
882	891	9	9
883	880	<epsilon>	"
883	881	<space>	<epsilon>
883	885	,	<epsilon>
883	882	.	<epsilon>
883	892	0	0
883	893	1	1
883	893	2	2
883	893	3	3
883	893	4	4
883	893	5	5
883	893	6	6
883	893	7	7
883	893	8	8
883	893	9	9
884	880	<epsilon>	"
884	881	<space>	<epsilon>
884	885	,	<epsilon>
884	882	.	<epsilon>
884	892	0	0
884	894	1	1
884	894	2	2
884	894	3	3
884	894	4	4
884	894	5	5
884	894	6	6
884	894	7	7
884	894	8	8
884	894	9	9
885	895	<space>	<epsilon>
885	896	0	0
885	896	1	1
885	896	2	2
885	896	3	3
885	896	4	4
885	896	5	5
885	896	6	6
885	896	7	7
885	896	8	8
885	896	9	9
886	897	<epsilon>	<space>
886	900	<space>	<space>
886	901	*	<space>
886	899	,	<epsilon>
886	898	.	<epsilon>
886	902	E	<space>
886	902	e	<space>
886	901	x	<space>
886	903	<194>	<space>
886	904	<195>	<space>
887	905	<space>	<epsilon>
887	906	0	0
887	906	1	1
887	906	2	2
887	906	3	3
887	906	4	4
887	906	5	5
887	906	6	6
887	906	7	7
887	906	8	8
887	906	9	9
888	907	0	0
888	907	1	1
888	907	2	2
888	907	3	3
888	907	4	4
888	907	5	5
888	907	6	6
888	907	7	7
888	907	8	8
888	907	9	9
889	908	<space>	<epsilon>
889	909	0	0
889	909	1	1
889	909	2	2
889	909	3	3
889	909	4	4
889	909	5	5
889	909	6	6
889	909	7	7
889	909	8	8
889	909	9	9
890	910	0	0
891	911	0	0
891	911	1	1
891	911	2	2
891	911	3	3
891	911	4	4
891	911	5	5
891	911	6	6
891	911	7	7
891	911	8	8
891	911	9	9
892	880	<epsilon>	"
892	881	<space>	<epsilon>
892	885	,	<epsilon>
892	882	.	<epsilon>
892	912	0	0
892	913	1	1
892	913	2	2
892	913	3	3
892	913	4	4
892	913	5	5
892	913	6	6
892	913	7	7
892	913	8	8
892	913	9	9
893	880	<epsilon>	"
893	881	<space>	<epsilon>
893	915	,	<epsilon>
893	914	.	<epsilon>
893	913	0	0
893	913	1	1
893	913	2	2
893	913	3	3
893	913	4	4
893	913	5	5
893	913	6	6
893	913	7	7
893	913	8	8
893	913	9	9
894	880	<epsilon>	"
894	881	<space>	<epsilon>
894	885	,	<epsilon>
894	882	.	<epsilon>
894	912	0	0
894	912	1	1
894	912	2	2
894	912	3	3
894	912	4	4
894	912	5	5
894	912	6	6
894	912	7	7
894	912	8	8
894	912	9	9
895	916	0	0
895	917	1	1
895	917	2	2
895	917	3	3
895	917	4	4
895	917	5	5
895	917	6	6
895	917	7	7
895	917	8	8
895	917	9	9
896	918	0	0
896	918	1	1
896	918	2	2
896	918	3	3
896	918	4	4
896	918	5	5
896	918	6	6
896	918	7	7
896	918	8	8
896	918	9	9
897	919	<epsilon>	}
898	920	<epsilon>	f
899	921	<epsilon>	f
900	922	<space>	e
900	923	*	e
900	923	x	e
900	924	<194>	e
900	925	<195>	e
901	923	<space>	e
901	926	1	e
902	927	<epsilon>	e
903	923	<183>	e
904	923	<151>	e
905	928	0	0
905	928	1	1
905	928	2	2
905	928	3	3
905	928	4	4
905	928	5	5
905	928	6	6
905	928	7	7
905	928	8	8
905	928	9	9
906	929	0	0
906	929	1	1
906	929	2	2
906	929	3	3
906	929	4	4
906	929	5	5
906	929	6	6
906	929	7	7
906	929	8	8
906	929	9	9
907	930	0	0
907	930	1	1
907	930	2	2
907	930	3	3
907	930	4	4
907	930	5	5
907	930	6	6
907	930	7	7
907	930	8	8
907	930	9	9
908	931	0	0
908	931	1	1
908	931	2	2
908	931	3	3
908	931	4	4
908	931	5	5
908	931	6	6
908	931	7	7
908	931	8	8
908	931	9	9
909	932	0	0
909	932	1	1
909	932	2	2
909	932	3	3
909	932	4	4
909	932	5	5
909	932	6	6
909	932	7	7
909	932	8	8
909	932	9	9
910	933	0	0
911	934	0	0
911	934	1	1
911	934	2	2
911	934	3	3
911	934	4	4
911	934	5	5
911	934	6	6
911	934	7	7
911	934	8	8
911	934	9	9
912	936	<epsilon>	"
912	935	<space>	<epsilon>
912	938	,	<epsilon>
912	882	.	<epsilon>
912	937	0	0
912	937	1	1
912	937	2	2
912	937	3	3
912	937	4	4
912	937	5	5
912	937	6	6
912	937	7	7
912	937	8	8
912	937	9	9
913	936	<epsilon>	"
913	935	<space>	<epsilon>
913	939	,	<epsilon>
913	914	.	<epsilon>
913	937	0	0
913	937	1	1
913	937	2	2
913	937	3	3
913	937	4	4
913	937	5	5
913	937	6	6
913	937	7	7
913	937	8	8
913	937	9	9
914	891	0	0
914	891	1	1
914	891	2	2
914	891	3	3
914	891	4	4
914	891	5	5
914	891	6	6
914	891	7	7
914	891	8	8
914	891	9	9
915	940	<space>	<epsilon>
915	896	0	0
915	896	1	1
915	896	2	2
915	896	3	3
915	896	4	4
915	896	5	5
915	896	6	6
915	896	7	7
915	896	8	8
915	896	9	9
916	941	0	0
916	942	1	1
916	942	2	2
916	942	3	3
916	942	4	4
916	942	5	5
916	942	6	6
916	942	7	7
916	942	8	8
916	942	9	9
917	942	0	0
917	942	1	1
917	942	2	2
917	942	3	3
917	942	4	4
917	942	5	5
917	942	6	6
917	942	7	7
917	942	8	8
917	942	9	9
918	943	0	0
918	943	1	1
918	943	2	2
918	943	3	3
918	943	4	4
918	943	5	5
918	943	6	6
918	943	7	7
918	943	8	8
918	943	9	9
919	944	<epsilon>	<space>
919	919	<9>	<epsilon>
919	919	<10>	<epsilon>
919	919	<13>	<epsilon>
919	919	<space>	<epsilon>
920	945	<epsilon>	r
921	946	<epsilon>	r
922	947	<space>	x
922	948	*	x
922	948	x	x
922	949	<194>	x
922	950	<195>	x
923	948	<space>	x
923	951	1	x
924	948	<183>	x
925	948	<151>	x
926	952	0	x
927	953	<epsilon>	x
928	954	0	0
928	954	1	1
928	954	2	2
928	954	3	3
928	954	4	4
928	954	5	5
928	954	6	6
928	954	7	7
928	954	8	8
928	954	9	9
929	955	0	0
929	955	1	1
929	955	2	2
929	955	3	3
929	955	4	4
929	955	5	5
929	955	6	6
929	955	7	7
929	955	8	8
929	955	9	9
930	936	<epsilon>	"
930	956	<space>	<epsilon>
931	957	0	0
931	957	1	1
931	957	2	2
931	957	3	3
931	957	4	4
931	957	5	5
931	957	6	6
931	957	7	7
931	957	8	8
931	957	9	9
932	958	0	0
932	958	1	1
932	958	2	2
932	958	3	3
932	958	4	4
932	958	5	5
932	958	6	6
932	958	7	7
932	958	8	8
932	958	9	9
933	959	0	0
934	960	<epsilon>	"
934	914	.	<epsilon>
935	961	,	<epsilon>
935	887	.	<epsilon>
936	962	<epsilon>	<space>
937	936	<epsilon>	"
937	937	0	0
937	937	1	1
937	937	2	2
937	937	3	3
937	937	4	4
937	937	5	5
937	937	6	6
937	937	7	7
937	937	8	8
937	937	9	9
938	963	<space>	<epsilon>
938	964	0	0
938	964	1	1
938	964	2	2
938	964	3	3
938	964	4	4
938	964	5	5
938	964	6	6
938	964	7	7
938	964	8	8
938	964	9	9
939	964	0	0
939	964	1	1
939	964	2	2
939	964	3	3
939	964	4	4
939	964	5	5
939	964	6	6
939	964	7	7
939	964	8	8
939	964	9	9
940	917	0	0
940	917	1	1
940	917	2	2
940	917	3	3
940	917	4	4
940	917	5	5
940	917	6	6
940	917	7	7
940	917	8	8
940	917	9	9
941	965	0	0
941	966	1	1
941	966	2	2
941	966	3	3
941	966	4	4
941	966	5	5
941	966	6	6
941	966	7	7
941	966	8	8
941	966	9	9
942	966	0	0
942	966	1	1
942	966	2	2
942	966	3	3
942	966	4	4
942	966	5	5
942	966	6	6
942	966	7	7
942	966	8	8
942	966	9	9
943	967	<epsilon>	"
943	968	,	<epsilon>
944	969	<epsilon>	u
945	970	<epsilon>	a
946	971	<epsilon>	a
947	972	<space>	p
947	973	*	p
947	973	x	p
947	974	<194>	p
947	975	<195>	p
948	973	<space>	p
948	976	1	p
949	973	<183>	p
950	973	<151>	p
951	977	0	p
952	977	<space>	p
952	978	^	p
953	979	<epsilon>	p
954	980	0	0
954	980	1	1
954	980	2	2
954	980	3	3
954	980	4	4
954	980	5	5
954	980	6	6
954	980	7	7
954	980	8	8
954	980	9	9
955	960	<epsilon>	"
955	981	<space>	<epsilon>
956	888	0	0
956	888	1	1
956	888	2	2
956	888	3	3
956	888	4	4
956	888	5	5
956	888	6	6
956	888	7	7
956	888	8	8
956	888	9	9
957	982	0	0
957	982	1	1
957	982	2	2
957	982	3	3
957	982	4	4
957	982	5	5
957	982	6	6
957	982	7	7
957	982	8	8
957	982	9	9
958	967	<epsilon>	"
958	983	<space>	<epsilon>
959	960	<epsilon>	"
959	984	.	<epsilon>
960	985	<epsilon>	<space>
961	986	<space>	<epsilon>
961	987	0	0
961	987	1	1
961	987	2	2
961	987	3	3
961	987	4	4
961	987	5	5
961	987	6	6
961	987	7	7
961	987	8	8
961	987	9	9
962	897	<epsilon>	<space>
962	900	<space>	<space>
962	901	*	<space>
962	899	,	<epsilon>
962	899	.	<epsilon>
962	902	E	<space>
962	902	e	<space>
962	901	x	<space>
962	903	<194>	<space>
962	904	<195>	<space>
963	988	0	0
964	989	0	0
964	989	1	1
964	989	2	2
964	989	3	3
964	989	4	4
964	989	5	5
964	989	6	6
964	989	7	7
964	989	8	8
964	989	9	9
965	967	<epsilon>	"
965	990	,	<epsilon>
966	991	,	<epsilon>
967	992	<epsilon>	<space>
968	993	0	0
968	993	1	1
968	993	2	2
968	993	3	3
968	993	4	4
968	993	5	5
968	993	6	6
968	993	7	7
968	993	8	8
968	993	9	9
969	994	<epsilon>	n
970	995	<epsilon>	c
971	996	<epsilon>	c
972	997	<space>	o
972	998	*	o
972	998	x	o
972	999	<194>	o
972	1000	<195>	o
973	998	<space>	o
973	1001	1	o
974	998	<183>	o
975	998	<151>	o
976	1002	0	o
977	1002	<space>	o
977	1003	^	o
978	1004	<epsilon>	o
978	1003	<space>	o
979	1004	<epsilon>	o
980	960	<epsilon>	"
980	1005	<space>	<epsilon>
981	1006	.	<epsilon>
982	967	<epsilon>	"
982	1007	<space>	<epsilon>
983	1008	,	<epsilon>
984	890	<space>	<epsilon>
985	897	<epsilon>	<space>
985	900	<space>	<space>
985	901	*	<space>
985	899	,	<epsilon>
985	902	E	<space>
985	902	e	<space>
985	901	x	<space>
985	903	<194>	<space>
985	904	<195>	<space>
986	1009	0	0
986	1009	1	1
986	1009	2	2
986	1009	3	3
986	1009	4	4
986	1009	5	5
986	1009	6	6
986	1009	7	7
986	1009	8	8
986	1009	9	9
987	1010	0	0
987	1010	1	1
987	1010	2	2
987	1010	3	3
987	1010	4	4
987	1010	5	5
987	1010	6	6
987	1010	7	7
987	1010	8	8
987	1010	9	9
988	1011	0	0
989	1012	0	0
989	1012	1	1
989	1012	2	2
989	1012	3	3
989	1012	4	4
989	1012	5	5
989	1012	6	6
989	1012	7	7
989	1012	8	8
989	1012	9	9
990	1013	<space>	<epsilon>
991	1014	<space>	<epsilon>
992	899	.	<epsilon>
993	1015	0	0
993	1015	1	1
993	1015	2	2
993	1015	3	3
993	1015	4	4
993	1015	5	5
993	1015	6	6
993	1015	7	7
993	1015	8	8
993	1015	9	9
994	1016	<epsilon>	i
995	1017	<epsilon>	t
996	1018	<epsilon>	t
997	1019	<space>	n
997	1020	*	n
997	1020	x	n
997	1021	<194>	n
997	1022	<195>	n
998	1020	<space>	n
998	1023	1	n
999	1020	<183>	n
1000	1020	<151>	n
1001	1024	0	n
1002	1024	<space>	n
1002	1025	^	n
1003	1026	<epsilon>	n
1003	1025	<space>	n
1004	1026	<epsilon>	n
1005	1027	.	<epsilon>
1006	906	0	0
1006	906	1	1
1006	906	2	2
1006	906	3	3
1006	906	4	4
1006	906	5	5
1006	906	6	6
1006	906	7	7
1006	906	8	8
1006	906	9	9
1007	1028	,	<epsilon>
1008	1029	0	0
1008	1029	1	1
1008	1029	2	2
1008	1029	3	3
1008	1029	4	4
1008	1029	5	5
1008	1029	6	6
1008	1029	7	7
1008	1029	8	8
1008	1029	9	9
1009	1030	0	0
1009	1030	1	1
1009	1030	2	2
1009	1030	3	3
1009	1030	4	4
1009	1030	5	5
1009	1030	6	6
1009	1030	7	7
1009	1030	8	8
1009	1030	9	9
1010	1031	0	0
1010	1031	1	1
1010	1031	2	2
1010	1031	3	3
1010	1031	4	4
1010	1031	5	5
1010	1031	6	6
1010	1031	7	7
1010	1031	8	8
1010	1031	9	9
1011	1032	0	0
1012	967	<epsilon>	"
1012	939	,	<epsilon>
1013	1033	0	0
1013	1034	1	1
1013	1034	2	2
1013	1034	3	3
1013	1034	4	4
1013	1034	5	5
1013	1034	6	6
1013	1034	7	7
1013	1034	8	8
1013	1034	9	9
1014	1034	0	0
1014	1034	1	1
1014	1034	2	2
1014	1034	3	3
1014	1034	4	4
1014	1034	5	5
1014	1034	6	6
1014	1034	7	7
1014	1034	8	8
1014	1034	9	9
1015	1035	0	0
1015	1035	1	1
1015	1035	2	2
1015	1035	3	3
1015	1035	4	4
1015	1035	5	5
1015	1035	6	6
1015	1035	7	7
1015	1035	8	8
1015	1035	9	9
1016	1036	<epsilon>	t
1017	1037	<epsilon>	i
1018	1038	<epsilon>	i
1019	1039	<space>	e
1019	1040	*	e
1019	1040	x	e
1019	1041	<194>	e
1019	1042	<195>	e
1020	1040	<space>	e
1020	1043	1	e
1021	1040	<183>	e
1022	1040	<151>	e
1023	1044	0	e
1024	1044	<space>	e
1024	1045	^	e
1025	1046	<epsilon>	e
1025	1045	<space>	e
1026	1046	<epsilon>	e
1027	905	<space>	<epsilon>
1028	1047	<space>	<epsilon>
1029	1048	0	0
1029	1048	1	1
1029	1048	2	2
1029	1048	3	3
1029	1048	4	4
1029	1048	5	5
1029	1048	6	6
1029	1048	7	7
1029	1048	8	8
1029	1048	9	9
1030	1049	0	0
1030	1049	1	1
1030	1049	2	2
1030	1049	3	3
1030	1049	4	4
1030	1049	5	5
1030	1049	6	6
1030	1049	7	7
1030	1049	8	8
1030	1049	9	9
1031	967	<epsilon>	"
1031	1050	<space>	<epsilon>
1032	967	<epsilon>	"
1032	1051	,	<epsilon>
1033	1052	0	0
1033	1053	1	1
1033	1053	2	2
1033	1053	3	3
1033	1053	4	4
1033	1053	5	5
1033	1053	6	6
1033	1053	7	7
1033	1053	8	8
1033	1053	9	9
1034	1053	0	0
1034	1053	1	1
1034	1053	2	2
1034	1053	3	3
1034	1053	4	4
1034	1053	5	5
1034	1053	6	6
1034	1053	7	7
1034	1053	8	8
1034	1053	9	9
1035	1054	<epsilon>	"
1035	968	,	<epsilon>
1036	1055	<epsilon>	s
1037	1056	<epsilon>	o
1038	1057	<epsilon>	o
1039	1058	<space>	n
1039	1059	*	n
1039	1059	x	n
1039	1060	<194>	n
1039	1061	<195>	n
1040	1059	<space>	n
1040	1062	1	n
1041	1059	<183>	n
1042	1059	<151>	n
1043	1063	0	n
1044	1063	<space>	n
1044	1064	^	n
1045	1065	<epsilon>	n
1045	1064	<space>	n
1046	1065	<epsilon>	n
1047	1066	0	0
1047	1066	1	1
1047	1066	2	2
1047	1066	3	3
1047	1066	4	4
1047	1066	5	5
1047	1066	6	6
1047	1066	7	7
1047	1066	8	8
1047	1066	9	9
1048	1067	0	0
1048	1067	1	1
1048	1067	2	2
1048	1067	3	3
1048	1067	4	4
1048	1067	5	5
1048	1067	6	6
1048	1067	7	7
1048	1067	8	8
1048	1067	9	9
1049	967	<epsilon>	"
1049	1068	<space>	<epsilon>
1050	1069	,	<epsilon>
1051	963	<space>	<epsilon>
1052	1070	0	0
1052	1071	1	1
1052	1071	2	2
1052	1071	3	3
1052	1071	4	4
1052	1071	5	5
1052	1071	6	6
1052	1071	7	7
1052	1071	8	8
1052	1071	9	9
1053	1071	0	0
1053	1071	1	1
1053	1071	2	2
1053	1071	3	3
1053	1071	4	4
1053	1071	5	5
1053	1071	6	6
1053	1071	7	7
1053	1071	8	8
1053	1071	9	9
1054	1072	<epsilon>	<space>
1055	1073	<epsilon>	:
1056	1074	<epsilon>	n
1057	1075	<epsilon>	n
1058	1076	<space>	t
1058	1077	*	t
1058	1077	x	t
1058	1078	<194>	t
1058	1079	<195>	t
1059	1077	<space>	t
1059	1080	1	t
1060	1077	<183>	t
1061	1077	<151>	t
1062	1081	0	t
1063	1081	<space>	t
1063	1082	^	t
1064	1083	<epsilon>	t
1064	1082	<space>	t
1065	1083	<epsilon>	t
1066	1084	0	0
1066	1084	1	1
1066	1084	2	2
1066	1084	3	3
1066	1084	4	4
1066	1084	5	5
1066	1084	6	6
1066	1084	7	7
1066	1084	8	8
1066	1084	9	9
1067	1054	<epsilon>	"
1067	983	<space>	<epsilon>
1068	1085	,	<epsilon>
1069	987	0	0
1069	987	1	1
1069	987	2	2
1069	987	3	3
1069	987	4	4
1069	987	5	5
1069	987	6	6
1069	987	7	7
1069	987	8	8
1069	987	9	9
1070	1054	<epsilon>	"
1070	990	,	<epsilon>
1071	1086	<epsilon>	"
1071	991	,	<epsilon>
1072	897	<epsilon>	<space>
1072	900	<space>	<space>
1072	901	*	<space>
1072	899	.	<epsilon>
1072	902	E	<space>
1072	902	e	<space>
1072	901	x	<space>
1072	903	<194>	<space>
1072	904	<195>	<space>
1073	1087	<epsilon>	<space>
1074	1088	<epsilon>	a
1075	1089	<epsilon>	a
1076	1090	<space>	:
1076	1091	*	:
1076	1091	x	:
1076	1092	<194>	:
1076	1093	<195>	:
1077	1091	<space>	:
1077	1094	1	:
1078	1091	<183>	:
1079	1091	<151>	:
1080	1095	0	:
1081	1095	<space>	:
1081	1096	^	:
1082	1097	<epsilon>	:
1082	1096	<space>	:
1083	1097	<epsilon>	:
1084	1098	0	0
1084	1098	1	1
1084	1098	2	2
1084	1098	3	3
1084	1098	4	4
1084	1098	5	5
1084	1098	6	6
1084	1098	7	7
1084	1098	8	8
1084	1098	9	9
1085	986	<space>	<epsilon>
1086	1099	<epsilon>	<space>
1087	1100	<epsilon>	"
1088	1101	<epsilon>	l
1089	1102	<epsilon>	l
1090	1103	<space>	<space>
1090	1104	*	<space>
1090	1104	x	<space>
1090	1105	<194>	<space>
1090	1106	<195>	<space>
1091	1104	<space>	<space>
1091	1107	1	<space>
1092	1104	<183>	<space>
1093	1104	<151>	<space>
1094	1108	0	<space>
1095	1108	<space>	<space>
1095	1109	^	<space>
1096	1110	<epsilon>	<space>
1096	1109	<space>	<space>
1097	1110	<epsilon>	<space>
1098	1054	<epsilon>	"
1098	1007	<space>	<epsilon>
1099	897	<epsilon>	<space>
1099	900	<space>	<space>
1099	901	*	<space>
1099	902	E	<space>
1099	902	e	<space>
1099	901	x	<space>
1099	903	<194>	<space>
1099	904	<195>	<space>
1100	1111	"	s
1101	1112	<epsilon>	_
1102	1113	<epsilon>	_
1103	1103	<space>	<epsilon>
1103	1104	*	<epsilon>
1103	1104	x	<epsilon>
1103	1105	<194>	<epsilon>
1103	1106	<195>	<epsilon>
1104	1104	<space>	<epsilon>
1104	1107	1	<epsilon>
1105	1104	<183>	<epsilon>
1106	1104	<151>	<epsilon>
1107	1108	0	<epsilon>
1108	1108	<space>	<epsilon>
1108	1109	^	<epsilon>
1109	1114	<epsilon>	"
1109	1109	<space>	<epsilon>
1110	1114	<epsilon>	"
1111	1115	<epsilon>	e
1112	1116	<epsilon>	p
1113	1117	<epsilon>	p
1114	1120	-	-
1114	1118	0	0
1114	1119	1	1
1114	1119	2	2
1114	1119	3	3
1114	1119	4	4
1114	1119	5	5
1114	1119	6	6
1114	1119	7	7
1114	1119	8	8
1114	1119	9	9
1115	1121	<epsilon>	c
1116	1122	<epsilon>	a
1117	1123	<epsilon>	a
1118	1124	<epsilon>	"
1119	1124	<epsilon>	"
1119	1125	<space>	<epsilon>
1119	1129	,	<epsilon>
1119	1126	.	<epsilon>
1119	1127	0	0
1119	1128	1	1
1119	1128	2	2
1119	1128	3	3
1119	1128	4	4
1119	1128	5	5
1119	1128	6	6
1119	1128	7	7
1119	1128	8	8
1119	1128	9	9
1120	1118	0	0
1120	1119	1	1
1120	1119	2	2
1120	1119	3	3
1120	1119	4	4
1120	1119	5	5
1120	1119	6	6
1120	1119	7	7
1120	1119	8	8
1120	1119	9	9
1121	1130	<epsilon>	o
1122	1131	<epsilon>	r
1123	1132	<epsilon>	r
1124	897	<epsilon>	<space>
1125	1135	,	<epsilon>
1125	1133	.	<epsilon>
1125	1134	0	0
1125	1134	1	1
1125	1134	2	2
1125	1134	3	3
1125	1134	4	4
1125	1134	5	5
1125	1134	6	6
1125	1134	7	7
1125	1134	8	8
1125	1134	9	9
1126	1136	<space>	<epsilon>
1126	1137	0	0
1126	1137	1	1
1126	1137	2	2
1126	1137	3	3
1126	1137	4	4
1126	1137	5	5
1126	1137	6	6
1126	1137	7	7
1126	1137	8	8
1126	1137	9	9
1127	1124	<epsilon>	"
1127	1125	<space>	<epsilon>
1127	1129	,	<epsilon>
1127	1126	.	<epsilon>
1127	1138	0	0
1127	1139	1	1
1127	1139	2	2
1127	1139	3	3
1127	1139	4	4
1127	1139	5	5
1127	1139	6	6
1127	1139	7	7
1127	1139	8	8
1127	1139	9	9
1128	1124	<epsilon>	"
1128	1125	<space>	<epsilon>
1128	1129	,	<epsilon>
1128	1126	.	<epsilon>
1128	1138	0	0
1128	1140	1	1
1128	1140	2	2
1128	1140	3	3
1128	1140	4	4
1128	1140	5	5
1128	1140	6	6
1128	1140	7	7
1128	1140	8	8
1128	1140	9	9
1129	1141	<space>	<epsilon>
1129	1142	0	0
1129	1142	1	1
1129	1142	2	2
1129	1142	3	3
1129	1142	4	4
1129	1142	5	5
1129	1142	6	6
1129	1142	7	7
1129	1142	8	8
1129	1142	9	9
1130	1143	<epsilon>	n
1131	1144	<epsilon>	t
1132	1145	<epsilon>	t
1133	1146	<space>	<epsilon>
1133	1147	0	0
1133	1147	1	1
1133	1147	2	2
1133	1147	3	3
1133	1147	4	4
1133	1147	5	5
1133	1147	6	6
1133	1147	7	7
1133	1147	8	8
1133	1147	9	9
1134	1148	0	0
1134	1148	1	1
1134	1148	2	2
1134	1148	3	3
1134	1148	4	4
1134	1148	5	5
1134	1148	6	6
1134	1148	7	7
1134	1148	8	8
1134	1148	9	9
1135	1149	<space>	<epsilon>
1135	1150	0	0
1135	1150	1	1
1135	1150	2	2
1135	1150	3	3
1135	1150	4	4
1135	1150	5	5
1135	1150	6	6
1135	1150	7	7
1135	1150	8	8
1135	1150	9	9
1136	1151	0	0
1137	1152	0	0
1137	1152	1	1
1137	1152	2	2
1137	1152	3	3
1137	1152	4	4
1137	1152	5	5
1137	1152	6	6
1137	1152	7	7
1137	1152	8	8
1137	1152	9	9
1138	1124	<epsilon>	"
1138	1125	<space>	<epsilon>
1138	1129	,	<epsilon>
1138	1126	.	<epsilon>
1138	1153	0	0
1138	1154	1	1
1138	1154	2	2
1138	1154	3	3
1138	1154	4	4
1138	1154	5	5
1138	1154	6	6
1138	1154	7	7
1138	1154	8	8
1138	1154	9	9
1139	1124	<epsilon>	"
1139	1125	<space>	<epsilon>
1139	1129	,	<epsilon>
1139	1155	.	<epsilon>
1139	1154	0	0
1139	1154	1	1
1139	1154	2	2
1139	1154	3	3
1139	1154	4	4
1139	1154	5	5
1139	1154	6	6
1139	1154	7	7
1139	1154	8	8
1139	1154	9	9
1140	1124	<epsilon>	"
1140	1125	<space>	<epsilon>
1140	1129	,	<epsilon>
1140	1126	.	<epsilon>
1140	1153	0	0
1140	1153	1	1
1140	1153	2	2
1140	1153	3	3
1140	1153	4	4
1140	1153	5	5
1140	1153	6	6
1140	1153	7	7
1140	1153	8	8
1140	1153	9	9
1141	1156	0	0
1141	1156	1	1
1141	1156	2	2
1141	1156	3	3
1141	1156	4	4
1141	1156	5	5
1141	1156	6	6
1141	1156	7	7
1141	1156	8	8
1141	1156	9	9
1142	1157	0	0
1142	1157	1	1
1142	1157	2	2
1142	1157	3	3
1142	1157	4	4
1142	1157	5	5
1142	1157	6	6
1142	1157	7	7
1142	1157	8	8
1142	1157	9	9
1143	1158	<epsilon>	d
1144	1159	<epsilon>	:
1145	1160	<epsilon>	:
1146	1161	0	0
1146	1161	1	1
1146	1161	2	2
1146	1161	3	3
1146	1161	4	4
1146	1161	5	5
1146	1161	6	6
1146	1161	7	7
1146	1161	8	8
1146	1161	9	9
1147	1162	0	0
1147	1162	1	1
1147	1162	2	2
1147	1162	3	3
1147	1162	4	4
1147	1162	5	5
1147	1162	6	6
1147	1162	7	7
1147	1162	8	8
1147	1162	9	9
1148	1163	0	0
1148	1163	1	1
1148	1163	2	2
1148	1163	3	3
1148	1163	4	4
1148	1163	5	5
1148	1163	6	6
1148	1163	7	7
1148	1163	8	8
1148	1163	9	9
1149	1164	0	0
1149	1164	1	1
1149	1164	2	2
1149	1164	3	3
1149	1164	4	4
1149	1164	5	5
1149	1164	6	6
1149	1164	7	7
1149	1164	8	8
1149	1164	9	9
1150	1165	0	0
1150	1165	1	1
1150	1165	2	2
1150	1165	3	3
1150	1165	4	4
1150	1165	5	5
1150	1165	6	6
1150	1165	7	7
1150	1165	8	8
1150	1165	9	9
1151	1166	0	0
1152	1167	0	0
1152	1167	1	1
1152	1167	2	2
1152	1167	3	3
1152	1167	4	4
1152	1167	5	5
1152	1167	6	6
1152	1167	7	7
1152	1167	8	8
1152	1167	9	9
1153	1124	<epsilon>	"
1153	1168	<space>	<epsilon>
1153	1126	.	<epsilon>
1153	1169	0	0
1153	1169	1	1
1153	1169	2	2
1153	1169	3	3
1153	1169	4	4
1153	1169	5	5
1153	1169	6	6
1153	1169	7	7
1153	1169	8	8
1153	1169	9	9
1154	1124	<epsilon>	"
1154	1168	<space>	<epsilon>
1154	1155	.	<epsilon>
1154	1169	0	0
1154	1169	1	1
1154	1169	2	2
1154	1169	3	3
1154	1169	4	4
1154	1169	5	5
1154	1169	6	6
1154	1169	7	7
1154	1169	8	8
1154	1169	9	9
1155	1137	0	0
1155	1137	1	1
1155	1137	2	2
1155	1137	3	3
1155	1137	4	4
1155	1137	5	5
1155	1137	6	6
1155	1137	7	7
1155	1137	8	8
1155	1137	9	9
1156	1170	0	0
1156	1170	1	1
1156	1170	2	2
1156	1170	3	3
1156	1170	4	4
1156	1170	5	5
1156	1170	6	6
1156	1170	7	7
1156	1170	8	8
1156	1170	9	9
1157	1171	0	0
1157	1171	1	1
1157	1171	2	2
1157	1171	3	3
1157	1171	4	4
1157	1171	5	5
1157	1171	6	6
1157	1171	7	7
1157	1171	8	8
1157	1171	9	9
1158	1172	<epsilon>	"
1159	1173	<epsilon>	<space>
1160	1174	<epsilon>	<space>
1161	1175	0	0
1161	1175	1	1
1161	1175	2	2
1161	1175	3	3
1161	1175	4	4
1161	1175	5	5
1161	1175	6	6
1161	1175	7	7
1161	1175	8	8
1161	1175	9	9
1162	1176	0	0
1162	1176	1	1
1162	1176	2	2
1162	1176	3	3
1162	1176	4	4
1162	1176	5	5
1162	1176	6	6
1162	1176	7	7
1162	1176	8	8
1162	1176	9	9
1163	1124	<epsilon>	"
1163	1177	<space>	<epsilon>
1164	1178	0	0
1164	1178	1	1
1164	1178	2	2
1164	1178	3	3
1164	1178	4	4
1164	1178	5	5
1164	1178	6	6
1164	1178	7	7
1164	1178	8	8
1164	1178	9	9
1165	1179	0	0
1165	1179	1	1
1165	1179	2	2
1165	1179	3	3
1165	1179	4	4
1165	1179	5	5
1165	1179	6	6
1165	1179	7	7
1165	1179	8	8
1165	1179	9	9
1166	1180	0	0
1167	1124	<epsilon>	"
1167	1155	.	<epsilon>
1168	1133	.	<epsilon>
1169	1124	<epsilon>	"
1169	1169	0	0
1169	1169	1	1
1169	1169	2	2
1169	1169	3	3
1169	1169	4	4
1169	1169	5	5
1169	1169	6	6
1169	1169	7	7
1169	1169	8	8
1169	1169	9	9
1170	1181	0	0
1170	1181	1	1
1170	1181	2	2
1170	1181	3	3
1170	1181	4	4
1170	1181	5	5
1170	1181	6	6
1170	1181	7	7
1170	1181	8	8
1170	1181	9	9
1171	1182	,	<epsilon>
1172	1183	<epsilon>	<space>
1173	1184	<epsilon>	"
1174	1185	<epsilon>	"
1175	1186	0	0
1175	1186	1	1
1175	1186	2	2
1175	1186	3	3
1175	1186	4	4
1175	1186	5	5
1175	1186	6	6
1175	1186	7	7
1175	1186	8	8
1175	1186	9	9
1176	1124	<epsilon>	"
1176	1187	<space>	<epsilon>
1177	1134	0	0
1177	1134	1	1
1177	1134	2	2
1177	1134	3	3
1177	1134	4	4
1177	1134	5	5
1177	1134	6	6
1177	1134	7	7
1177	1134	8	8
1177	1134	9	9
1178	1188	0	0
1178	1188	1	1
1178	1188	2	2
1178	1188	3	3
1178	1188	4	4
1178	1188	5	5
1178	1188	6	6
1178	1188	7	7
1178	1188	8	8
1178	1188	9	9
1179	1189	<space>	<epsilon>
1180	1124	<epsilon>	"
1180	1190	.	<epsilon>
1181	1191	,	<epsilon>
1182	1192	0	0
1182	1192	1	1
1182	1192	2	2
1182	1192	3	3
1182	1192	4	4
1182	1192	5	5
1182	1192	6	6
1182	1192	7	7
1182	1192	8	8
1182	1192	9	9
1183	1193	<epsilon>	}
1184	1194	0	0
1184	1194	1	1
1184	1194	2	2
1184	1194	3	3
1184	1194	4	4
1184	1194	5	5
1184	1194	6	6
1184	1194	7	7
1184	1194	8	8
1184	1194	9	9
1185	1195	0	0
1185	1195	1	1
1185	1195	2	2
1185	1195	3	3
1185	1195	4	4
1185	1195	5	5
1185	1195	6	6
1185	1195	7	7
1185	1195	8	8
1185	1195	9	9
1186	1124	<epsilon>	"
1186	1196	<space>	<epsilon>
1187	1197	.	<epsilon>
1188	1198	<space>	<epsilon>
1189	1199	,	<epsilon>
1190	1136	<space>	<epsilon>
1191	1200	<space>	<epsilon>
1192	1201	0	0
1192	1201	1	1
1192	1201	2	2
1192	1201	3	3
1192	1201	4	4
1192	1201	5	5
1192	1201	6	6
1192	1201	7	7
1192	1201	8	8
1192	1201	9	9
1193	1202	<epsilon>	<space>
1193
1194	1099	<epsilon>	"
1194	1203	0	0
1194	1203	1	1
1194	1203	2	2
1194	1203	3	3
1194	1203	4	4
1194	1203	5	5
1194	1203	6	6
1194	1203	7	7
1194	1203	8	8
1194	1203	9	9
1195	1099	<epsilon>	"
1195	1195	0	0
1195	1195	1	1
1195	1195	2	2
1195	1195	3	3
1195	1195	4	4
1195	1195	5	5
1195	1195	6	6
1195	1195	7	7
1195	1195	8	8
1195	1195	9	9
1196	1204	.	<epsilon>
1197	1147	0	0
1197	1147	1	1
1197	1147	2	2
1197	1147	3	3
1197	1147	4	4
1197	1147	5	5
1197	1147	6	6
1197	1147	7	7
1197	1147	8	8
1197	1147	9	9
1198	1205	,	<epsilon>
1199	1206	0	0
1199	1206	1	1
1199	1206	2	2
1199	1206	3	3
1199	1206	4	4
1199	1206	5	5
1199	1206	6	6
1199	1206	7	7
1199	1206	8	8
1199	1206	9	9
1200	1207	0	0
1200	1207	1	1
1200	1207	2	2
1200	1207	3	3
1200	1207	4	4
1200	1207	5	5
1200	1207	6	6
1200	1207	7	7
1200	1207	8	8
1200	1207	9	9
1201	1208	0	0
1201	1208	1	1
1201	1208	2	2
1201	1208	3	3
1201	1208	4	4
1201	1208	5	5
1201	1208	6	6
1201	1208	7	7
1201	1208	8	8
1201	1208	9	9
1202	1209	<epsilon>	}
1203	1099	<epsilon>	"
1203	1185	0	0
1203	1185	1	1
1203	1185	2	2
1203	1185	3	3
1203	1185	4	4
1203	1185	5	5
1203	1185	6	6
1203	1185	7	7
1203	1185	8	8
1203	1185	9	9
1204	1146	<space>	<epsilon>
1205	1210	<space>	<epsilon>
1206	1211	0	0
1206	1211	1	1
1206	1211	2	2
1206	1211	3	3
1206	1211	4	4
1206	1211	5	5
1206	1211	6	6
1206	1211	7	7
1206	1211	8	8
1206	1211	9	9
1207	1212	0	0
1207	1212	1	1
1207	1212	2	2
1207	1212	3	3
1207	1212	4	4
1207	1212	5	5
1207	1212	6	6
1207	1212	7	7
1207	1212	8	8
1207	1212	9	9
1208	1124	<epsilon>	"
1208	1182	,	<epsilon>
1209	1213	<epsilon>	<space>
1210	1214	0	0
1210	1214	1	1
1210	1214	2	2
1210	1214	3	3
1210	1214	4	4
1210	1214	5	5
1210	1214	6	6
1210	1214	7	7
1210	1214	8	8
1210	1214	9	9
1211	1215	0	0
1211	1215	1	1
1211	1215	2	2
1211	1215	3	3
1211	1215	4	4
1211	1215	5	5
1211	1215	6	6
1211	1215	7	7
1211	1215	8	8
1211	1215	9	9
1212	1216	0	0
1212	1216	1	1
1212	1216	2	2
1212	1216	3	3
1212	1216	4	4
1212	1216	5	5
1212	1216	6	6
1212	1216	7	7
1212	1216	8	8
1212	1216	9	9
1213	1217	<epsilon>	t
1214	1218	0	0
1214	1218	1	1
1214	1218	2	2
1214	1218	3	3
1214	1218	4	4
1214	1218	5	5
1214	1218	6	6
1214	1218	7	7
1214	1218	8	8
1214	1218	9	9
1215	1124	<epsilon>	"
1215	1189	<space>	<epsilon>
1216	1124	<epsilon>	"
1216	1191	,	<epsilon>
1217	1219	<epsilon>	o
1218	1220	0	0
1218	1220	1	1
1218	1220	2	2
1218	1220	3	3
1218	1220	4	4
1218	1220	5	5
1218	1220	6	6
1218	1220	7	7
1218	1220	8	8
1218	1220	9	9
1219	1221	<epsilon>	k
1220	1124	<epsilon>	"
1220	1198	<space>	<epsilon>
1221	1222	<epsilon>	e
1222	1223	<epsilon>	n
1223	1224	<epsilon>	s
1224	1225	<epsilon>	<space>
1225	1226	<epsilon>	{
1226	1227	<epsilon>	<space>
1227	1228	<epsilon>	m
1227	1227	<space>	<epsilon>
1228	1229	<epsilon>	e
1229	1230	<epsilon>	a
1230	1231	<epsilon>	s
1231	1232	<epsilon>	u
1232	1233	<epsilon>	r
1233	1234	<epsilon>	e
1234	1235	<epsilon>	<space>
1235	1236	<epsilon>	{
1236	412	<epsilon>	<space>
