0	1	<epsilon>	m
1	2	<epsilon>	e
2	3	<epsilon>	a
3	4	<epsilon>	s
4	5	<epsilon>	u
5	6	<epsilon>	r
6	7	<epsilon>	e
7	8	<epsilon>	<space>
8	9	<epsilon>	{
9	10	<epsilon>	<space>
10	11	<epsilon>	d
11	12	<epsilon>	e
12	13	<epsilon>	c
13	14	<epsilon>	i
14	15	<epsilon>	m
15	16	<epsilon>	a
16	17	<epsilon>	l
17	18	<epsilon>	<space>
18	19	<epsilon>	{
19	20	<epsilon>	<space>
20	21	<epsilon>	i
20	23	-	n
20	22	.	<epsilon>
21	24	<epsilon>	n
22	25	<epsilon>	f
23	26	<epsilon>	e
24	27	<epsilon>	t
25	28	<epsilon>	r
26	29	<epsilon>	g
27	30	<epsilon>	e
28	31	<epsilon>	a
29	32	<epsilon>	a
30	33	<epsilon>	g
31	34	<epsilon>	c
32	35	<epsilon>	t
33	36	<epsilon>	e
34	37	<epsilon>	t
35	38	<epsilon>	i
36	39	<epsilon>	r
37	40	<epsilon>	i
38	41	<epsilon>	v
39	42	<epsilon>	_
40	43	<epsilon>	o
41	44	<epsilon>	e
42	45	<epsilon>	p
43	46	<epsilon>	n
44	47	<epsilon>	:
45	48	<epsilon>	a
46	49	<epsilon>	a
47	50	<epsilon>	<space>
48	51	<epsilon>	r
49	52	<epsilon>	l
50	53	<epsilon>	t
51	54	<epsilon>	t
52	55	<epsilon>	_
53	56	<epsilon>	r
54	57	<epsilon>	:
55	58	<epsilon>	p
56	59	<epsilon>	u
57	60	<epsilon>	<space>
58	61	<epsilon>	a
59	62	<epsilon>	e
60	63	<epsilon>	"
61	64	<epsilon>	r
62	65	<epsilon>	<space>
63	66	0	0
63	67	1	1
63	67	2	2
63	67	3	3
63	67	4	4
63	67	5	5
63	67	6	6
63	67	7	7
63	67	8	8
63	67	9	9
64	68	<epsilon>	t
65	21	<epsilon>	i
65	22	.	<epsilon>
66	69	<epsilon>	"
67	69	<epsilon>	"
67	70	<space>	<epsilon>
67	73	,	<epsilon>
67	71	0	0
67	72	1	1
67	72	2	2
67	72	3	3
67	72	4	4
67	72	5	5
67	72	6	6
67	72	7	7
67	72	8	8
67	72	9	9
68	74	<epsilon>	:
69	75	<epsilon>	<space>
70	77	,	<epsilon>
70	76	0	0
70	76	1	1
70	76	2	2
70	76	3	3
70	76	4	4
70	76	5	5
70	76	6	6
70	76	7	7
70	76	8	8
70	76	9	9
71	69	<epsilon>	"
71	70	<space>	<epsilon>
71	73	,	<epsilon>
71	78	0	0
71	79	1	1
71	79	2	2
71	79	3	3
71	79	4	4
71	79	5	5
71	79	6	6
71	79	7	7
71	79	8	8
71	79	9	9
72	69	<epsilon>	"
72	70	<space>	<epsilon>
72	73	,	<epsilon>
72	78	0	0
72	80	1	1
72	80	2	2
72	80	3	3
72	80	4	4
72	80	5	5
72	80	6	6
72	80	7	7
72	80	8	8
72	80	9	9
73	81	<space>	<epsilon>
73	82	0	0
73	82	1	1
73	82	2	2
73	82	3	3
73	82	4	4
73	82	5	5
73	82	6	6
73	82	7	7
73	82	8	8
73	82	9	9
74	83	<epsilon>	<space>
75	84	<epsilon>	<space>
75	86	<epsilon>	q
75	87	<space>	<space>
75	88	*	<space>
75	85	.	<epsilon>
75	89	E	<space>
75	89	e	<space>
75	88	x	<space>
75	90	<194>	<space>
75	91	<195>	<space>
76	92	0	0
76	92	1	1
76	92	2	2
76	92	3	3
76	92	4	4
76	92	5	5
76	92	6	6
76	92	7	7
76	92	8	8
76	92	9	9
77	93	<space>	<epsilon>
77	94	0	0
77	94	1	1
77	94	2	2
77	94	3	3
77	94	4	4
77	94	5	5
77	94	6	6
77	94	7	7
77	94	8	8
77	94	9	9
78	69	<epsilon>	"
78	70	<space>	<epsilon>
78	73	,	<epsilon>
78	95	0	0
78	96	1	1
78	96	2	2
78	96	3	3
78	96	4	4
78	96	5	5
78	96	6	6
78	96	7	7
78	96	8	8
78	96	9	9
79	69	<epsilon>	"
79	70	<space>	<epsilon>
79	97	,	<epsilon>
79	96	0	0
79	96	1	1
79	96	2	2
79	96	3	3
79	96	4	4
79	96	5	5
79	96	6	6
79	96	7	7
79	96	8	8
79	96	9	9
80	69	<epsilon>	"
80	70	<space>	<epsilon>
80	73	,	<epsilon>
80	95	0	0
80	95	1	1
80	95	2	2
80	95	3	3
80	95	4	4
80	95	5	5
80	95	6	6
80	95	7	7
80	95	8	8
80	95	9	9
81	98	0	0
82	99	0	0
82	99	1	1
82	99	2	2
82	99	3	3
82	99	4	4
82	99	5	5
82	99	6	6
82	99	7	7
82	99	8	8
82	99	9	9
83	100	<epsilon>	"
84	101	<epsilon>	}
85	102	<epsilon>	f
86	103	<epsilon>	u
87	104	<space>	e
87	105	*	e
87	105	x	e
87	106	<194>	e
87	107	<195>	e
88	105	<space>	e
88	108	1	e
89	109	<epsilon>	e
90	105	<183>	e
91	105	<151>	e
92	110	0	0
92	110	1	1
92	110	2	2
92	110	3	3
92	110	4	4
92	110	5	5
92	110	6	6
92	110	7	7
92	110	8	8
92	110	9	9
93	111	0	0
93	111	1	1
93	111	2	2
93	111	3	3
93	111	4	4
93	111	5	5
93	111	6	6
93	111	7	7
93	111	8	8
93	111	9	9
94	112	0	0
94	112	1	1
94	112	2	2
94	112	3	3
94	112	4	4
94	112	5	5
94	112	6	6
94	112	7	7
94	112	8	8
94	112	9	9
95	69	<epsilon>	"
95	113	<space>	<epsilon>
95	73	,	<epsilon>
95	114	0	0
95	114	1	1
95	114	2	2
95	114	3	3
95	114	4	4
95	114	5	5
95	114	6	6
95	114	7	7
95	114	8	8
95	114	9	9
96	69	<epsilon>	"
96	113	<space>	<epsilon>
96	97	,	<epsilon>
96	114	0	0
96	114	1	1
96	114	2	2
96	114	3	3
96	114	4	4
96	114	5	5
96	114	6	6
96	114	7	7
96	114	8	8
96	114	9	9
97	82	0	0
97	82	1	1
97	82	2	2
97	82	3	3
97	82	4	4
97	82	5	5
97	82	6	6
97	82	7	7
97	82	8	8
97	82	9	9
98	115	0	0
99	116	0	0
99	116	1	1
99	116	2	2
99	116	3	3
99	116	4	4
99	116	5	5
99	116	6	6
99	116	7	7
99	116	8	8
99	116	9	9
100	117	0	0
100	117	1	1
100	117	2	2
100	117	3	3
100	117	4	4
100	117	5	5
100	117	6	6
100	117	7	7
100	117	8	8
100	117	9	9
101	118	<epsilon>	<space>
101	101	<9>	<epsilon>
101	101	<10>	<epsilon>
101	101	<13>	<epsilon>
101	101	<space>	<epsilon>
102	119	<epsilon>	r
103	120	<epsilon>	a
104	121	<space>	x
104	122	*	x
104	122	x	x
104	123	<194>	x
104	124	<195>	x
105	122	<space>	x
105	125	1	x
106	122	<183>	x
107	122	<151>	x
108	126	0	x
109	127	<epsilon>	x
110	69	<epsilon>	"
110	128	<space>	<epsilon>
111	129	0	0
111	129	1	1
111	129	2	2
111	129	3	3
111	129	4	4
111	129	5	5
111	129	6	6
111	129	7	7
111	129	8	8
111	129	9	9
112	130	0	0
112	130	1	1
112	130	2	2
112	130	3	3
112	130	4	4
112	130	5	5
112	130	6	6
112	130	7	7
112	130	8	8
112	130	9	9
113	77	,	<epsilon>
114	69	<epsilon>	"
114	114	0	0
114	114	1	1
114	114	2	2
114	114	3	3
114	114	4	4
114	114	5	5
114	114	6	6
114	114	7	7
114	114	8	8
114	114	9	9
115	131	0	0
116	69	<epsilon>	"
116	97	,	<epsilon>
117	132	<epsilon>	"
117	117	0	0
117	117	1	1
117	117	2	2
117	117	3	3
117	117	4	4
117	117	5	5
117	117	6	6
117	117	7	7
117	117	8	8
117	117	9	9
118	133	<epsilon>	u
119	134	<epsilon>	a
120	135	<epsilon>	n
121	136	<space>	p
121	137	*	p
121	137	x	p
121	138	<194>	p
121	139	<195>	p
122	137	<space>	p
122	140	1	p
123	137	<183>	p
124	137	<151>	p
125	141	0	p
126	141	<space>	p
126	142	^	p
127	143	<epsilon>	p
128	76	0	0
128	76	1	1
128	76	2	2
128	76	3	3
128	76	4	4
128	76	5	5
128	76	6	6
128	76	7	7
128	76	8	8
128	76	9	9
129	144	0	0
129	144	1	1
129	144	2	2
129	144	3	3
129	144	4	4
129	144	5	5
129	144	6	6
129	144	7	7
129	144	8	8
129	144	9	9
130	69	<epsilon>	"
130	145	<space>	<epsilon>
131	69	<epsilon>	"
131	146	,	<epsilon>
132	84	<epsilon>	<space>	20
132	87	<space>	<space>	20
132	88	*	<space>	20
132	89	E	<space>	20
132	89	e	<space>	20
132	88	x	<space>	20
132	90	<194>	<space>	20
132	91	<195>	<space>	20
133	147	<epsilon>	n
134	148	<epsilon>	c
135	149	<epsilon>	t
136	150	<space>	o
136	151	*	o
136	151	x	o
136	152	<194>	o
136	153	<195>	o
137	151	<space>	o
137	154	1	o
138	151	<183>	o
139	151	<151>	o
140	155	0	o
141	155	<space>	o
141	156	^	o
142	157	<epsilon>	o
142	156	<space>	o
143	157	<epsilon>	o
144	69	<epsilon>	"
144	158	<space>	<epsilon>
145	159	,	<epsilon>
146	81	<space>	<epsilon>
147	160	<epsilon>	i
148	161	<epsilon>	t
149	162	<epsilon>	i
150	163	<space>	n
150	164	*	n
150	164	x	n
150	165	<194>	n
150	166	<195>	n
151	164	<space>	n
151	167	1	n
152	164	<183>	n
153	164	<151>	n
154	168	0	n
155	168	<space>	n
155	169	^	n
156	170	<epsilon>	n
156	169	<space>	n
157	170	<epsilon>	n
158	171	,	<epsilon>
159	94	0	0
159	94	1	1
159	94	2	2
159	94	3	3
159	94	4	4
159	94	5	5
159	94	6	6
159	94	7	7
159	94	8	8
159	94	9	9
160	172	<epsilon>	t
161	173	<epsilon>	i
162	174	<epsilon>	t
163	175	<space>	e
163	176	*	e
163	176	x	e
163	177	<194>	e
163	178	<195>	e
164	176	<space>	e
164	179	1	e
165	176	<183>	e
166	176	<151>	e
167	180	0	e
168	180	<space>	e
168	181	^	e
169	182	<epsilon>	e
169	181	<space>	e
170	182	<epsilon>	e
171	93	<space>	<epsilon>
172	183	<epsilon>	s
173	184	<epsilon>	o
174	185	<epsilon>	y
175	186	<space>	n
175	187	*	n
175	187	x	n
175	188	<194>	n
175	189	<195>	n
176	187	<space>	n
176	190	1	n
177	187	<183>	n
178	187	<151>	n
179	191	0	n
180	191	<space>	n
180	192	^	n
181	193	<epsilon>	n
181	192	<space>	n
182	193	<epsilon>	n
183	194	<epsilon>	:
184	195	<epsilon>	n
185	196	<epsilon>	:
186	197	<space>	t
186	198	*	t
186	198	x	t
186	199	<194>	t
186	200	<195>	t
187	198	<space>	t
187	201	1	t
188	198	<183>	t
189	198	<151>	t
190	202	0	t
191	202	<space>	t
191	203	^	t
192	204	<epsilon>	t
192	203	<space>	t
193	204	<epsilon>	t
194	205	<epsilon>	<space>
195	206	<epsilon>	a
196	207	<epsilon>	<space>
196	208	<space>	<space>
197	209	<space>	:
197	210	*	:
197	210	x	:
197	211	<194>	:
197	212	<195>	:
198	210	<space>	:
198	213	1	:
199	210	<183>	:
200	210	<151>	:
201	214	0	:
202	214	<space>	:
202	215	^	:
203	216	<epsilon>	:
203	215	<space>	:
204	216	<epsilon>	:
205	217	<epsilon>	"
206	218	<epsilon>	l
207	219	<epsilon>	"
208	219	<epsilon>	"
208	208	<space>	<epsilon>
209	220	<space>	<space>
209	221	*	<space>
209	221	x	<space>
209	222	<194>	<space>
209	223	<195>	<space>
210	221	<space>	<space>
210	224	1	<space>
211	221	<183>	<space>
212	221	<151>	<space>
213	225	0	<space>
214	225	<space>	<space>
214	226	^	<space>
215	227	<epsilon>	<space>
215	226	<space>	<space>
216	227	<epsilon>	<space>
217	228	<194>	d
218	229	<epsilon>	_
219	230	b	b
219	230	m	m
219	231	q	q
219	232	t	t
220	220	<space>	<epsilon>
220	221	*	<epsilon>
220	221	x	<epsilon>
220	222	<194>	<epsilon>
220	223	<195>	<epsilon>
221	221	<space>	<epsilon>
221	224	1	<epsilon>
222	221	<183>	<epsilon>
223	221	<151>	<epsilon>
224	225	0	<epsilon>
225	225	<space>	<epsilon>
225	226	^	<epsilon>
226	233	<epsilon>	"
226	226	<space>	<epsilon>
227	233	<epsilon>	"
228	234	<176>	e
229	235	<epsilon>	p
230	236	i	i
231	237	u	u
232	238	h	h
232	230	r	r
233	241	-	-
233	239	0	0
233	240	1	1
233	240	2	2
233	240	3	3
233	240	4	4
233	240	5	5
233	240	6	6
233	240	7	7
233	240	8	8
233	240	9	9
234	242	<epsilon>	g
235	243	<epsilon>	a
236	244	l	l
237	245	a	a
238	246	o	o
239	247	<epsilon>	"
240	247	<epsilon>	"
240	248	<space>	<epsilon>
240	251	,	<epsilon>
240	249	0	0
240	250	1	1
240	250	2	2
240	250	3	3
240	250	4	4
240	250	5	5
240	250	6	6
240	250	7	7
240	250	8	8
240	250	9	9
241	239	0	0
241	240	1	1
241	240	2	2
241	240	3	3
241	240	4	4
241	240	5	5
241	240	6	6
241	240	7	7
241	240	8	8
241	240	9	9
242	252	<epsilon>	r
243	253	<epsilon>	r
244	254	l	l
245	255	d	d
246	256	u	u
247	84	<epsilon>	<space>
248	258	,	<epsilon>
248	257	0	0
248	257	1	1
248	257	2	2
248	257	3	3
248	257	4	4
248	257	5	5
248	257	6	6
248	257	7	7
248	257	8	8
248	257	9	9
249	247	<epsilon>	"
249	248	<space>	<epsilon>
249	251	,	<epsilon>
249	259	0	0
249	260	1	1
249	260	2	2
249	260	3	3
249	260	4	4
249	260	5	5
249	260	6	6
249	260	7	7
249	260	8	8
249	260	9	9
250	247	<epsilon>	"
250	248	<space>	<epsilon>
250	251	,	<epsilon>
250	259	0	0
250	261	1	1
250	261	2	2
250	261	3	3
250	261	4	4
250	261	5	5
250	261	6	6
250	261	7	7
250	261	8	8
250	261	9	9
251	262	<space>	<epsilon>
251	263	0	0
251	263	1	1
251	263	2	2
251	263	3	3
251	263	4	4
251	263	5	5
251	263	6	6
251	263	7	7
251	263	8	8
251	263	9	9
252	264	<epsilon>	e
253	265	<epsilon>	t
254	266	i	i
255	230	r	r
256	267	s	s
257	268	0	0
257	268	1	1
257	268	2	2
257	268	3	3
257	268	4	4
257	268	5	5
257	268	6	6
257	268	7	7
257	268	8	8
257	268	9	9
258	269	<space>	<epsilon>
258	270	0	0
258	270	1	1
258	270	2	2
258	270	3	3
258	270	4	4
258	270	5	5
258	270	6	6
258	270	7	7
258	270	8	8
258	270	9	9
259	247	<epsilon>	"
259	248	<space>	<epsilon>
259	251	,	<epsilon>
259	271	0	0
259	272	1	1
259	272	2	2
259	272	3	3
259	272	4	4
259	272	5	5
259	272	6	6
259	272	7	7
259	272	8	8
259	272	9	9
260	247	<epsilon>	"
260	248	<space>	<epsilon>
260	273	,	<epsilon>
260	272	0	0
260	272	1	1
260	272	2	2
260	272	3	3
260	272	4	4
260	272	5	5
260	272	6	6
260	272	7	7
260	272	8	8
260	272	9	9
261	247	<epsilon>	"
261	248	<space>	<epsilon>
261	251	,	<epsilon>
261	271	0	0
261	271	1	1
261	271	2	2
261	271	3	3
261	271	4	4
261	271	5	5
261	271	6	6
261	271	7	7
261	271	8	8
261	271	9	9
262	274	0	0
263	275	0	0
263	275	1	1
263	275	2	2
263	275	3	3
263	275	4	4
263	275	5	5
263	275	6	6
263	275	7	7
263	275	8	8
263	275	9	9
264	276	<epsilon>	e
265	277	<epsilon>	:
266	278	o	o
267	279	a	a
268	280	0	0
268	280	1	1
268	280	2	2
268	280	3	3
268	280	4	4
268	280	5	5
268	280	6	6
268	280	7	7
268	280	8	8
268	280	9	9
269	281	0	0
269	281	1	1
269	281	2	2
269	281	3	3
269	281	4	4
269	281	5	5
269	281	6	6
269	281	7	7
269	281	8	8
269	281	9	9
270	282	0	0
270	282	1	1
270	282	2	2
270	282	3	3
270	282	4	4
270	282	5	5
270	282	6	6
270	282	7	7
270	282	8	8
270	282	9	9
271	247	<epsilon>	"
271	283	<space>	<epsilon>
271	251	,	<epsilon>
271	284	0	0
271	284	1	1
271	284	2	2
271	284	3	3
271	284	4	4
271	284	5	5
271	284	6	6
271	284	7	7
271	284	8	8
271	284	9	9
272	247	<epsilon>	"
272	283	<space>	<epsilon>
272	273	,	<epsilon>
272	284	0	0
272	284	1	1
272	284	2	2
272	284	3	3
272	284	4	4
272	284	5	5
272	284	6	6
272	284	7	7
272	284	8	8
272	284	9	9
273	263	0	0
273	263	1	1
273	263	2	2
273	263	3	3
273	263	4	4
273	263	5	5
273	263	6	6
273	263	7	7
273	263	8	8
273	263	9	9
274	285	0	0
275	286	0	0
275	286	1	1
275	286	2	2
275	286	3	3
275	286	4	4
275	286	5	5
275	286	6	6
275	286	7	7
275	286	8	8
275	286	9	9
276	287	<epsilon>	"
277	288	<epsilon>	<space>
278	289	n	n
279	290	n	n
280	247	<epsilon>	"
280	291	<space>	<epsilon>
281	292	0	0
281	292	1	1
281	292	2	2
281	292	3	3
281	292	4	4
281	292	5	5
281	292	6	6
281	292	7	7
281	292	8	8
281	292	9	9
282	293	0	0
282	293	1	1
282	293	2	2
282	293	3	3
282	293	4	4
282	293	5	5
282	293	6	6
282	293	7	7
282	293	8	8
282	293	9	9
283	258	,	<epsilon>
284	247	<epsilon>	"
284	284	0	0
284	284	1	1
284	284	2	2
284	284	3	3
284	284	4	4
284	284	5	5
284	284	6	6
284	284	7	7
284	284	8	8
284	284	9	9
285	294	0	0
286	247	<epsilon>	"
286	273	,	<epsilon>
287	295	<epsilon>	<space>
288	296	<epsilon>	"
289	297	<epsilon>	"
290	289	d	d
291	257	0	0
291	257	1	1
291	257	2	2
291	257	3	3
291	257	4	4
291	257	5	5
291	257	6	6
291	257	7	7
291	257	8	8
291	257	9	9
292	298	0	0
292	298	1	1
292	298	2	2
292	298	3	3
292	298	4	4
292	298	5	5
292	298	6	6
292	298	7	7
292	298	8	8
292	298	9	9
293	247	<epsilon>	"
293	299	<space>	<epsilon>
294	247	<epsilon>	"
294	300	,	<epsilon>
295	301	<epsilon>	}
296	302	0	0
296	302	1	1
296	302	2	2
296	302	3	3
296	302	4	4
296	302	5	5
296	302	6	6
296	302	7	7
296	302	8	8
296	302	9	9
297	84	<epsilon>	<space>
297	87	<space>	<space>
297	88	*	<space>
297	89	E	<space>
297	89	e	<space>
297	88	x	<space>
297	90	<194>	<space>
297	91	<195>	<space>
298	247	<epsilon>	"
298	303	<space>	<epsilon>
299	304	,	<epsilon>
300	262	<space>	<epsilon>
301	305	<epsilon>	<space>
301
302	306	<epsilon>	"
302	302	0	0
302	302	1	1
302	302	2	2
302	302	3	3
302	302	4	4
302	302	5	5
302	302	6	6
302	302	7	7
302	302	8	8
302	302	9	9
303	307	,	<epsilon>
304	270	0	0
304	270	1	1
304	270	2	2
304	270	3	3
304	270	4	4
304	270	5	5
304	270	6	6
304	270	7	7
304	270	8	8
304	270	9	9
305	308	<epsilon>	}
306	84	<epsilon>	<space>
306	86	<epsilon>	q
306	87	<space>	<space>
306	88	*	<space>
306	89	E	<space>
306	89	e	<space>
306	88	x	<space>
306	90	<194>	<space>
306	91	<195>	<space>
307	269	<space>	<epsilon>
308	309	<epsilon>	<space>
309	310	<epsilon>	t
310	311	<epsilon>	o
311	312	<epsilon>	k
312	313	<epsilon>	e
313	314	<epsilon>	n
314	315	<epsilon>	s
315	316	<epsilon>	<space>
316	317	<epsilon>	{
317	318	<epsilon>	<space>
318	319	<epsilon>	m
318	318	<space>	<epsilon>
319	320	<epsilon>	e
320	321	<epsilon>	a
321	322	<epsilon>	s
322	323	<epsilon>	u
323	324	<epsilon>	r
324	325	<epsilon>	e
325	326	<epsilon>	<space>
326	327	<epsilon>	{
327	328	<epsilon>	<space>
328	329	<epsilon>	<space>
328	331	<epsilon>	d
328	330	<9>	<epsilon>
328	330	<10>	<epsilon>
328	330	<13>	<epsilon>
328	330	<space>	<epsilon>
329	332	<epsilon>	u
330	329	<epsilon>	<space>
330	330	<9>	<epsilon>
330	330	<10>	<epsilon>
330	330	<13>	<epsilon>
330	330	<space>	<epsilon>
331	333	<epsilon>	e
332	334	<epsilon>	n
333	335	<epsilon>	c
334	336	<epsilon>	i
335	337	<epsilon>	i
336	338	<epsilon>	t
337	339	<epsilon>	m
338	340	<epsilon>	s
339	341	<epsilon>	a
340	342	<epsilon>	:
341	343	<epsilon>	l
342	344	<epsilon>	<space>
343	345	<epsilon>	<space>
344	346	<epsilon>	"
345	347	<epsilon>	{
346	348	E	e
346	349	N	n
346	350	O	e
346	351	O	w
346	352	S	s
346	353	W	w
347	354	<epsilon>	<space>
348	355	<epsilon>	a
349	356	<epsilon>	o
349	356	B	o
350	355	L	a
351	355	<epsilon>	e
352	357	<epsilon>	o
353	355	<epsilon>	e
353	355	L	e
354	358	<epsilon>	i
354	360	-	n
354	359	.	<epsilon>
355	361	<epsilon>	s
356	362	<epsilon>	r
357	362	<epsilon>	u
358	363	<epsilon>	n
359	364	<epsilon>	f
360	365	<epsilon>	e
361	366	<epsilon>	t
362	367	<epsilon>	t
363	368	<epsilon>	t
364	369	<epsilon>	r
365	370	<epsilon>	g
366	371	<epsilon>	"
366	372	.	<epsilon>
367	366	<epsilon>	h
368	373	<epsilon>	e
369	374	<epsilon>	a
370	375	<epsilon>	a
371	376	<epsilon>	<space>
372	371	<epsilon>	"
373	377	<epsilon>	g
374	378	<epsilon>	c
375	379	<epsilon>	t
376	380	<epsilon>	}
377	381	<epsilon>	e
378	382	<epsilon>	t
379	383	<epsilon>	i
380
381	384	<epsilon>	r
382	385	<epsilon>	i
383	386	<epsilon>	v
384	387	<epsilon>	_
385	388	<epsilon>	o
386	389	<epsilon>	e
387	390	<epsilon>	p
388	391	<epsilon>	n
389	392	<epsilon>	:
390	393	<epsilon>	a
391	394	<epsilon>	a
392	395	<epsilon>	<space>
393	396	<epsilon>	r
394	397	<epsilon>	l
395	398	<epsilon>	t
396	399	<epsilon>	t
397	400	<epsilon>	_
398	401	<epsilon>	r
399	402	<epsilon>	:
400	403	<epsilon>	p
401	404	<epsilon>	u
402	405	<epsilon>	<space>
403	406	<epsilon>	a
404	407	<epsilon>	e
405	408	<epsilon>	"
406	409	<epsilon>	r
407	410	<epsilon>	<space>
408	411	0	0
408	412	1	1
408	412	2	2
408	412	3	3
408	412	4	4
408	412	5	5
408	412	6	6
408	412	7	7
408	412	8	8
408	412	9	9
409	413	<epsilon>	t
410	358	<epsilon>	i
410	359	.	<epsilon>
411	414	<epsilon>	"
412	414	<epsilon>	"
412	415	<space>	<epsilon>
412	418	,	<epsilon>
412	416	0	0
412	417	1	1
412	417	2	2
412	417	3	3
412	417	4	4
412	417	5	5
412	417	6	6
412	417	7	7
412	417	8	8
412	417	9	9
413	419	<epsilon>	:
414	420	<epsilon>	<space>
415	422	,	<epsilon>
415	421	0	0
415	421	1	1
415	421	2	2
415	421	3	3
415	421	4	4
415	421	5	5
415	421	6	6
415	421	7	7
415	421	8	8
415	421	9	9
416	414	<epsilon>	"
416	415	<space>	<epsilon>
416	418	,	<epsilon>
416	423	0	0
416	424	1	1
416	424	2	2
416	424	3	3
416	424	4	4
416	424	5	5
416	424	6	6
416	424	7	7
416	424	8	8
416	424	9	9
417	414	<epsilon>	"
417	415	<space>	<epsilon>
417	418	,	<epsilon>
417	423	0	0
417	425	1	1
417	425	2	2
417	425	3	3
417	425	4	4
417	425	5	5
417	425	6	6
417	425	7	7
417	425	8	8
417	425	9	9
418	426	<space>	<epsilon>
418	427	0	0
418	427	1	1
418	427	2	2
418	427	3	3
418	427	4	4
418	427	5	5
418	427	6	6
418	427	7	7
418	427	8	8
418	427	9	9
419	428	<epsilon>	<space>
420	429	<epsilon>	<space>
420	431	<epsilon>	q
420	432	<space>	<space>
420	433	*	<space>
420	430	.	<epsilon>
420	434	E	<space>
420	434	e	<space>
420	433	x	<space>
420	435	<194>	<space>
420	436	<195>	<space>
421	437	0	0
421	437	1	1
421	437	2	2
421	437	3	3
421	437	4	4
421	437	5	5
421	437	6	6
421	437	7	7
421	437	8	8
421	437	9	9
422	438	<space>	<epsilon>
422	439	0	0
422	439	1	1
422	439	2	2
422	439	3	3
422	439	4	4
422	439	5	5
422	439	6	6
422	439	7	7
422	439	8	8
422	439	9	9
423	414	<epsilon>	"
423	415	<space>	<epsilon>
423	418	,	<epsilon>
423	440	0	0
423	441	1	1
423	441	2	2
423	441	3	3
423	441	4	4
423	441	5	5
423	441	6	6
423	441	7	7
423	441	8	8
423	441	9	9
424	414	<epsilon>	"
424	415	<space>	<epsilon>
424	442	,	<epsilon>
424	441	0	0
424	441	1	1
424	441	2	2
424	441	3	3
424	441	4	4
424	441	5	5
424	441	6	6
424	441	7	7
424	441	8	8
424	441	9	9
425	414	<epsilon>	"
425	415	<space>	<epsilon>
425	418	,	<epsilon>
425	440	0	0
425	440	1	1
425	440	2	2
425	440	3	3
425	440	4	4
425	440	5	5
425	440	6	6
425	440	7	7
425	440	8	8
425	440	9	9
426	443	0	0
427	444	0	0
427	444	1	1
427	444	2	2
427	444	3	3
427	444	4	4
427	444	5	5
427	444	6	6
427	444	7	7
427	444	8	8
427	444	9	9
428	445	<epsilon>	"
429	446	<epsilon>	}
430	447	<epsilon>	f
431	448	<epsilon>	u
432	449	<space>	e
432	450	*	e
432	450	x	e
432	451	<194>	e
432	452	<195>	e
433	450	<space>	e
433	453	1	e
434	454	<epsilon>	e
435	450	<183>	e
436	450	<151>	e
437	455	0	0
437	455	1	1
437	455	2	2
437	455	3	3
437	455	4	4
437	455	5	5
437	455	6	6
437	455	7	7
437	455	8	8
437	455	9	9
438	456	0	0
438	456	1	1
438	456	2	2
438	456	3	3
438	456	4	4
438	456	5	5
438	456	6	6
438	456	7	7
438	456	8	8
438	456	9	9
439	457	0	0
439	457	1	1
439	457	2	2
439	457	3	3
439	457	4	4
439	457	5	5
439	457	6	6
439	457	7	7
439	457	8	8
439	457	9	9
440	414	<epsilon>	"
440	458	<space>	<epsilon>
440	418	,	<epsilon>
440	459	0	0
440	459	1	1
440	459	2	2
440	459	3	3
440	459	4	4
440	459	5	5
440	459	6	6
440	459	7	7
440	459	8	8
440	459	9	9
441	414	<epsilon>	"
441	458	<space>	<epsilon>
441	442	,	<epsilon>
441	459	0	0
441	459	1	1
441	459	2	2
441	459	3	3
441	459	4	4
441	459	5	5
441	459	6	6
441	459	7	7
441	459	8	8
441	459	9	9
442	427	0	0
442	427	1	1
442	427	2	2
442	427	3	3
442	427	4	4
442	427	5	5
442	427	6	6
442	427	7	7
442	427	8	8
442	427	9	9
443	460	0	0
444	461	0	0
444	461	1	1
444	461	2	2
444	461	3	3
444	461	4	4
444	461	5	5
444	461	6	6
444	461	7	7
444	461	8	8
444	461	9	9
445	462	0	0
445	462	1	1
445	462	2	2
445	462	3	3
445	462	4	4
445	462	5	5
445	462	6	6
445	462	7	7
445	462	8	8
445	462	9	9
446	463	<epsilon>	<space>
446	446	<9>	<epsilon>
446	446	<10>	<epsilon>
446	446	<13>	<epsilon>
446	446	<space>	<epsilon>
447	464	<epsilon>	r
448	465	<epsilon>	a
449	466	<space>	x
449	467	*	x
449	467	x	x
449	468	<194>	x
449	469	<195>	x
450	467	<space>	x
450	470	1	x
451	467	<183>	x
452	467	<151>	x
453	471	0	x
454	472	<epsilon>	x
455	414	<epsilon>	"
455	473	<space>	<epsilon>
456	474	0	0
456	474	1	1
456	474	2	2
456	474	3	3
456	474	4	4
456	474	5	5
456	474	6	6
456	474	7	7
456	474	8	8
456	474	9	9
457	475	0	0
457	475	1	1
457	475	2	2
457	475	3	3
457	475	4	4
457	475	5	5
457	475	6	6
457	475	7	7
457	475	8	8
457	475	9	9
458	422	,	<epsilon>
459	414	<epsilon>	"
459	459	0	0
459	459	1	1
459	459	2	2
459	459	3	3
459	459	4	4
459	459	5	5
459	459	6	6
459	459	7	7
459	459	8	8
459	459	9	9
460	476	0	0
461	414	<epsilon>	"
461	442	,	<epsilon>
462	477	<epsilon>	"
462	462	0	0
462	462	1	1
462	462	2	2
462	462	3	3
462	462	4	4
462	462	5	5
462	462	6	6
462	462	7	7
462	462	8	8
462	462	9	9
463	478	<epsilon>	u
464	479	<epsilon>	a
465	480	<epsilon>	n
466	481	<space>	p
466	482	*	p
466	482	x	p
466	483	<194>	p
466	484	<195>	p
467	482	<space>	p
467	485	1	p
468	482	<183>	p
469	482	<151>	p
470	486	0	p
471	486	<space>	p
471	487	^	p
472	488	<epsilon>	p
473	421	0	0
473	421	1	1
473	421	2	2
473	421	3	3
473	421	4	4
473	421	5	5
473	421	6	6
473	421	7	7
473	421	8	8
473	421	9	9
474	489	0	0
474	489	1	1
474	489	2	2
474	489	3	3
474	489	4	4
474	489	5	5
474	489	6	6
474	489	7	7
474	489	8	8
474	489	9	9
475	414	<epsilon>	"
475	490	<space>	<epsilon>
476	414	<epsilon>	"
476	491	,	<epsilon>
477	429	<epsilon>	<space>	20
477	432	<space>	<space>	20
477	433	*	<space>	20
477	434	E	<space>	20
477	434	e	<space>	20
477	433	x	<space>	20
477	435	<194>	<space>	20
477	436	<195>	<space>	20
478	492	<epsilon>	n
479	493	<epsilon>	c
480	494	<epsilon>	t
481	495	<space>	o
481	496	*	o
481	496	x	o
481	497	<194>	o
481	498	<195>	o
482	496	<space>	o
482	499	1	o
483	496	<183>	o
484	496	<151>	o
485	500	0	o
486	500	<space>	o
486	501	^	o
487	502	<epsilon>	o
487	501	<space>	o
488	502	<epsilon>	o
489	414	<epsilon>	"
489	503	<space>	<epsilon>
490	504	,	<epsilon>
491	426	<space>	<epsilon>
492	505	<epsilon>	i
493	506	<epsilon>	t
494	507	<epsilon>	i
495	508	<space>	n
495	509	*	n
495	509	x	n
495	510	<194>	n
495	511	<195>	n
496	509	<space>	n
496	512	1	n
497	509	<183>	n
498	509	<151>	n
499	513	0	n
500	513	<space>	n
500	514	^	n
501	515	<epsilon>	n
501	514	<space>	n
502	515	<epsilon>	n
503	516	,	<epsilon>
504	439	0	0
504	439	1	1
504	439	2	2
504	439	3	3
504	439	4	4
504	439	5	5
504	439	6	6
504	439	7	7
504	439	8	8
504	439	9	9
505	517	<epsilon>	t
506	518	<epsilon>	i
507	519	<epsilon>	t
508	520	<space>	e
508	521	*	e
508	521	x	e
508	522	<194>	e
508	523	<195>	e
509	521	<space>	e
509	524	1	e
510	521	<183>	e
511	521	<151>	e
512	525	0	e
513	525	<space>	e
513	526	^	e
514	527	<epsilon>	e
514	526	<space>	e
515	527	<epsilon>	e
516	438	<space>	<epsilon>
517	528	<epsilon>	s
518	529	<epsilon>	o
519	530	<epsilon>	y
520	531	<space>	n
520	532	*	n
520	532	x	n
520	533	<194>	n
520	534	<195>	n
521	532	<space>	n
521	535	1	n
522	532	<183>	n
523	532	<151>	n
524	536	0	n
525	536	<space>	n
525	537	^	n
526	538	<epsilon>	n
526	537	<space>	n
527	538	<epsilon>	n
528	539	<epsilon>	:
529	540	<epsilon>	n
530	541	<epsilon>	:
531	542	<space>	t
531	543	*	t
531	543	x	t
531	544	<194>	t
531	545	<195>	t
532	543	<space>	t
532	546	1	t
533	543	<183>	t
534	543	<151>	t
535	547	0	t
536	547	<space>	t
536	548	^	t
537	549	<epsilon>	t
537	548	<space>	t
538	549	<epsilon>	t
539	550	<epsilon>	<space>
540	551	<epsilon>	a
541	552	<epsilon>	<space>
541	553	<space>	<space>
542	554	<space>	:
542	555	*	:
542	555	x	:
542	556	<194>	:
542	557	<195>	:
543	555	<space>	:
543	558	1	:
544	555	<183>	:
545	555	<151>	:
546	559	0	:
547	559	<space>	:
547	560	^	:
548	561	<epsilon>	:
548	560	<space>	:
549	561	<epsilon>	:
550	562	<epsilon>	"
551	563	<epsilon>	l
552	564	<epsilon>	"
553	564	<epsilon>	"
553	553	<space>	<epsilon>
554	565	<space>	<space>
554	566	*	<space>
554	566	x	<space>
554	567	<194>	<space>
554	568	<195>	<space>
555	566	<space>	<space>
555	569	1	<space>
556	566	<183>	<space>
557	566	<151>	<space>
558	570	0	<space>
559	570	<space>	<space>
559	571	^	<space>
560	572	<epsilon>	<space>
560	571	<space>	<space>
561	572	<epsilon>	<space>
562	573	'	m
563	574	<epsilon>	_
564	575	b	b
564	575	m	m
564	576	q	q
564	577	t	t
565	565	<space>	<epsilon>
565	566	*	<epsilon>
565	566	x	<epsilon>
565	567	<194>	<epsilon>
565	568	<195>	<epsilon>
566	566	<space>	<epsilon>
566	569	1	<epsilon>
567	566	<183>	<epsilon>
568	566	<151>	<epsilon>
569	570	0	<epsilon>
570	570	<space>	<epsilon>
570	571	^	<epsilon>
571	578	<epsilon>	"
571	571	<space>	<epsilon>
572	578	<epsilon>	"
573	579	<epsilon>	i
574	580	<epsilon>	p
575	581	i	i
576	582	u	u
577	583	h	h
577	575	r	r
578	586	-	-
578	584	0	0
578	585	1	1
578	585	2	2
578	585	3	3
578	585	4	4
578	585	5	5
578	585	6	6
578	585	7	7
578	585	8	8
578	585	9	9
579	587	<epsilon>	n
580	588	<epsilon>	a
581	589	l	l
582	590	a	a
583	591	o	o
584	592	<epsilon>	"
585	592	<epsilon>	"
585	593	<space>	<epsilon>
585	596	,	<epsilon>
585	594	0	0
585	595	1	1
585	595	2	2
585	595	3	3
585	595	4	4
585	595	5	5
585	595	6	6
585	595	7	7
585	595	8	8
585	595	9	9
586	584	0	0
586	585	1	1
586	585	2	2
586	585	3	3
586	585	4	4
586	585	5	5
586	585	6	6
586	585	7	7
586	585	8	8
586	585	9	9
587	597	<epsilon>	u
588	598	<epsilon>	r
589	599	l	l
590	600	d	d
591	601	u	u
592	429	<epsilon>	<space>
593	603	,	<epsilon>
593	602	0	0
593	602	1	1
593	602	2	2
593	602	3	3
593	602	4	4
593	602	5	5
593	602	6	6
593	602	7	7
593	602	8	8
593	602	9	9
594	592	<epsilon>	"
594	593	<space>	<epsilon>
594	596	,	<epsilon>
594	604	0	0
594	605	1	1
594	605	2	2
594	605	3	3
594	605	4	4
594	605	5	5
594	605	6	6
594	605	7	7
594	605	8	8
594	605	9	9
595	592	<epsilon>	"
595	593	<space>	<epsilon>
595	596	,	<epsilon>
595	604	0	0
595	606	1	1
595	606	2	2
595	606	3	3
595	606	4	4
595	606	5	5
595	606	6	6
595	606	7	7
595	606	8	8
595	606	9	9
596	607	<space>	<epsilon>
596	608	0	0
596	608	1	1
596	608	2	2
596	608	3	3
596	608	4	4
596	608	5	5
596	608	6	6
596	608	7	7
596	608	8	8
596	608	9	9
597	609	<epsilon>	t
598	610	<epsilon>	t
599	611	i	i
600	575	r	r
601	612	s	s
602	613	0	0
602	613	1	1
602	613	2	2
602	613	3	3
602	613	4	4
602	613	5	5
602	613	6	6
602	613	7	7
602	613	8	8
602	613	9	9
603	614	<space>	<epsilon>
603	615	0	0
603	615	1	1
603	615	2	2
603	615	3	3
603	615	4	4
603	615	5	5
603	615	6	6
603	615	7	7
603	615	8	8
603	615	9	9
604	592	<epsilon>	"
604	593	<space>	<epsilon>
604	596	,	<epsilon>
604	616	0	0
604	617	1	1
604	617	2	2
604	617	3	3
604	617	4	4
604	617	5	5
604	617	6	6
604	617	7	7
604	617	8	8
604	617	9	9
605	592	<epsilon>	"
605	593	<space>	<epsilon>
605	618	,	<epsilon>
605	617	0	0
605	617	1	1
605	617	2	2
605	617	3	3
605	617	4	4
605	617	5	5
605	617	6	6
605	617	7	7
605	617	8	8
605	617	9	9
606	592	<epsilon>	"
606	593	<space>	<epsilon>
606	596	,	<epsilon>
606	616	0	0
606	616	1	1
606	616	2	2
606	616	3	3
606	616	4	4
606	616	5	5
606	616	6	6
606	616	7	7
606	616	8	8
606	616	9	9
607	619	0	0
608	620	0	0
608	620	1	1
608	620	2	2
608	620	3	3
608	620	4	4
608	620	5	5
608	620	6	6
608	620	7	7
608	620	8	8
608	620	9	9
609	621	<epsilon>	e
610	622	<epsilon>	:
611	623	o	o
612	624	a	a
613	625	0	0
613	625	1	1
613	625	2	2
613	625	3	3
613	625	4	4
613	625	5	5
613	625	6	6
613	625	7	7
613	625	8	8
613	625	9	9
614	626	0	0
614	626	1	1
614	626	2	2
614	626	3	3
614	626	4	4
614	626	5	5
614	626	6	6
614	626	7	7
614	626	8	8
614	626	9	9
615	627	0	0
615	627	1	1
615	627	2	2
615	627	3	3
615	627	4	4
615	627	5	5
615	627	6	6
615	627	7	7
615	627	8	8
615	627	9	9
616	592	<epsilon>	"
616	628	<space>	<epsilon>
616	596	,	<epsilon>
616	629	0	0
616	629	1	1
616	629	2	2
616	629	3	3
616	629	4	4
616	629	5	5
616	629	6	6
616	629	7	7
616	629	8	8
616	629	9	9
617	592	<epsilon>	"
617	628	<space>	<epsilon>
617	618	,	<epsilon>
617	629	0	0
617	629	1	1
617	629	2	2
617	629	3	3
617	629	4	4
617	629	5	5
617	629	6	6
617	629	7	7
617	629	8	8
617	629	9	9
618	608	0	0
618	608	1	1
618	608	2	2
618	608	3	3
618	608	4	4
618	608	5	5
618	608	6	6
618	608	7	7
618	608	8	8
618	608	9	9
619	630	0	0
620	631	0	0
620	631	1	1
620	631	2	2
620	631	3	3
620	631	4	4
620	631	5	5
620	631	6	6
620	631	7	7
620	631	8	8
620	631	9	9
621	632	<epsilon>	"
622	633	<epsilon>	<space>
623	634	n	n
624	635	n	n
625	592	<epsilon>	"
625	636	<space>	<epsilon>
626	637	0	0
626	637	1	1
626	637	2	2
626	637	3	3
626	637	4	4
626	637	5	5
626	637	6	6
626	637	7	7
626	637	8	8
626	637	9	9
627	638	0	0
627	638	1	1
627	638	2	2
627	638	3	3
627	638	4	4
627	638	5	5
627	638	6	6
627	638	7	7
627	638	8	8
627	638	9	9
628	603	,	<epsilon>
629	592	<epsilon>	"
629	629	0	0
629	629	1	1
629	629	2	2
629	629	3	3
629	629	4	4
629	629	5	5
629	629	6	6
629	629	7	7
629	629	8	8
629	629	9	9
630	639	0	0
631	592	<epsilon>	"
631	618	,	<epsilon>
632	640	<epsilon>	<space>
633	641	<epsilon>	"
634	642	<epsilon>	"
635	634	d	d
636	602	0	0
636	602	1	1
636	602	2	2
636	602	3	3
636	602	4	4
636	602	5	5
636	602	6	6
636	602	7	7
636	602	8	8
636	602	9	9
637	643	0	0
637	643	1	1
637	643	2	2
637	643	3	3
637	643	4	4
637	643	5	5
637	643	6	6
637	643	7	7
637	643	8	8
637	643	9	9
638	592	<epsilon>	"
638	644	<space>	<epsilon>
639	592	<epsilon>	"
639	645	,	<epsilon>
640	646	<epsilon>	}
641	647	0	0
641	647	1	1
641	647	2	2
641	647	3	3
641	647	4	4
641	647	5	5
641	647	6	6
641	647	7	7
641	647	8	8
641	647	9	9
642	429	<epsilon>	<space>
642	432	<space>	<space>
642	433	*	<space>
642	434	E	<space>
642	434	e	<space>
642	433	x	<space>
642	435	<194>	<space>
642	436	<195>	<space>
643	592	<epsilon>	"
643	648	<space>	<epsilon>
644	649	,	<epsilon>
645	607	<space>	<epsilon>
646	650	<epsilon>	<space>
647	651	<epsilon>	"
647	647	0	0
647	647	1	1
647	647	2	2
647	647	3	3
647	647	4	4
647	647	5	5
647	647	6	6
647	647	7	7
647	647	8	8
647	647	9	9
648	652	,	<epsilon>
649	615	0	0
649	615	1	1
649	615	2	2
649	615	3	3
649	615	4	4
649	615	5	5
649	615	6	6
649	615	7	7
649	615	8	8
649	615	9	9
650	653	<epsilon>	}
651	429	<epsilon>	<space>
651	431	<epsilon>	q
651	432	<space>	<space>
651	433	*	<space>
651	434	E	<space>
651	434	e	<space>
651	433	x	<space>
651	435	<194>	<space>
651	436	<195>	<space>
652	614	<space>	<epsilon>
653	654	<epsilon>	<space>
654	655	<epsilon>	t
655	656	<epsilon>	o
656	657	<epsilon>	k
657	658	<epsilon>	e
658	659	<epsilon>	n
659	660	<epsilon>	s
660	661	<epsilon>	<space>
661	662	<epsilon>	{
662	663	<epsilon>	<space>
663	664	<epsilon>	m
663	663	<space>	<epsilon>
664	665	<epsilon>	e
665	666	<epsilon>	a
666	667	<epsilon>	s
667	668	<epsilon>	u
668	669	<epsilon>	r
669	670	<epsilon>	e
670	671	<epsilon>	<space>
671	672	<epsilon>	{
672	673	<epsilon>	<space>
673	674	<epsilon>	d
674	675	<epsilon>	e
675	676	<epsilon>	c
676	677	<epsilon>	i
677	678	<epsilon>	m
678	679	<epsilon>	a
679	680	<epsilon>	l
680	681	<epsilon>	<space>
681	682	<epsilon>	{
682	683	<epsilon>	<space>
683	684	<epsilon>	i
683	686	-	n
683	685	.	<epsilon>
684	687	<epsilon>	n
685	688	<epsilon>	f
686	689	<epsilon>	e
687	690	<epsilon>	t
688	691	<epsilon>	r
689	692	<epsilon>	g
690	693	<epsilon>	e
691	694	<epsilon>	a
692	695	<epsilon>	a
693	696	<epsilon>	g
694	697	<epsilon>	c
695	698	<epsilon>	t
696	699	<epsilon>	e
697	700	<epsilon>	t
698	701	<epsilon>	i
699	702	<epsilon>	r
700	703	<epsilon>	i
701	704	<epsilon>	v
702	705	<epsilon>	_
703	706	<epsilon>	o
704	707	<epsilon>	e
705	708	<epsilon>	p
706	709	<epsilon>	n
707	710	<epsilon>	:
708	711	<epsilon>	a
709	712	<epsilon>	a
710	713	<epsilon>	<space>
711	714	<epsilon>	r
712	715	<epsilon>	l
713	716	<epsilon>	t
714	717	<epsilon>	t
715	718	<epsilon>	_
716	719	<epsilon>	r
717	720	<epsilon>	:
718	721	<epsilon>	p
719	722	<epsilon>	u
720	723	<epsilon>	<space>
721	724	<epsilon>	a
722	725	<epsilon>	e
723	726	<epsilon>	"
724	727	<epsilon>	r
725	728	<epsilon>	<space>
726	729	0	0
726	730	1	1
726	730	2	2
726	730	3	3
726	730	4	4
726	730	5	5
726	730	6	6
726	730	7	7
726	730	8	8
726	730	9	9
727	731	<epsilon>	t
728	684	<epsilon>	i
728	685	.	<epsilon>
729	732	<epsilon>	"
730	732	<epsilon>	"
730	733	<space>	<epsilon>
730	736	,	<epsilon>
730	734	0	0
730	735	1	1
730	735	2	2
730	735	3	3
730	735	4	4
730	735	5	5
730	735	6	6
730	735	7	7
730	735	8	8
730	735	9	9
731	737	<epsilon>	:
732	738	<epsilon>	<space>
733	740	,	<epsilon>
733	739	0	0
733	739	1	1
733	739	2	2
733	739	3	3
733	739	4	4
733	739	5	5
733	739	6	6
733	739	7	7
733	739	8	8
733	739	9	9
734	732	<epsilon>	"
734	733	<space>	<epsilon>
734	736	,	<epsilon>
734	741	0	0
734	742	1	1
734	742	2	2
734	742	3	3
734	742	4	4
734	742	5	5
734	742	6	6
734	742	7	7
734	742	8	8
734	742	9	9
735	732	<epsilon>	"
735	733	<space>	<epsilon>
735	736	,	<epsilon>
735	741	0	0
735	743	1	1
735	743	2	2
735	743	3	3
735	743	4	4
735	743	5	5
735	743	6	6
735	743	7	7
735	743	8	8
735	743	9	9
736	744	<space>	<epsilon>
736	745	0	0
736	745	1	1
736	745	2	2
736	745	3	3
736	745	4	4
736	745	5	5
736	745	6	6
736	745	7	7
736	745	8	8
736	745	9	9
737	746	<epsilon>	<space>
738	747	<epsilon>	<space>
738	749	<epsilon>	q
738	750	<space>	<space>
738	751	*	<space>
738	748	.	<epsilon>
738	752	E	<space>
738	752	e	<space>
738	751	x	<space>
738	753	<194>	<space>
738	754	<195>	<space>
739	755	0	0
739	755	1	1
739	755	2	2
739	755	3	3
739	755	4	4
739	755	5	5
739	755	6	6
739	755	7	7
739	755	8	8
739	755	9	9
740	756	<space>	<epsilon>
740	757	0	0
740	757	1	1
740	757	2	2
740	757	3	3
740	757	4	4
740	757	5	5
740	757	6	6
740	757	7	7
740	757	8	8
740	757	9	9
741	732	<epsilon>	"
741	733	<space>	<epsilon>
741	736	,	<epsilon>
741	758	0	0
741	759	1	1
741	759	2	2
741	759	3	3
741	759	4	4
741	759	5	5
741	759	6	6
741	759	7	7
741	759	8	8
741	759	9	9
742	732	<epsilon>	"
742	733	<space>	<epsilon>
742	760	,	<epsilon>
742	759	0	0
742	759	1	1
742	759	2	2
742	759	3	3
742	759	4	4
742	759	5	5
742	759	6	6
742	759	7	7
742	759	8	8
742	759	9	9
743	732	<epsilon>	"
743	733	<space>	<epsilon>
743	736	,	<epsilon>
743	758	0	0
743	758	1	1
743	758	2	2
743	758	3	3
743	758	4	4
743	758	5	5
743	758	6	6
743	758	7	7
743	758	8	8
743	758	9	9
744	761	0	0
745	762	0	0
745	762	1	1
745	762	2	2
745	762	3	3
745	762	4	4
745	762	5	5
745	762	6	6
745	762	7	7
745	762	8	8
745	762	9	9
746	763	<epsilon>	"
747	764	<epsilon>	}
748	765	<epsilon>	f
749	766	<epsilon>	u
750	767	<space>	e
750	768	*	e
750	768	x	e
750	769	<194>	e
750	770	<195>	e
751	768	<space>	e
751	771	1	e
752	772	<epsilon>	e
753	768	<183>	e
754	768	<151>	e
755	773	0	0
755	773	1	1
755	773	2	2
755	773	3	3
755	773	4	4
755	773	5	5
755	773	6	6
755	773	7	7
755	773	8	8
755	773	9	9
756	774	0	0
756	774	1	1
756	774	2	2
756	774	3	3
756	774	4	4
756	774	5	5
756	774	6	6
756	774	7	7
756	774	8	8
756	774	9	9
757	775	0	0
757	775	1	1
757	775	2	2
757	775	3	3
757	775	4	4
757	775	5	5
757	775	6	6
757	775	7	7
757	775	8	8
757	775	9	9
758	732	<epsilon>	"
758	776	<space>	<epsilon>
758	736	,	<epsilon>
758	777	0	0
758	777	1	1
758	777	2	2
758	777	3	3
758	777	4	4
758	777	5	5
758	777	6	6
758	777	7	7
758	777	8	8
758	777	9	9
759	732	<epsilon>	"
759	776	<space>	<epsilon>
759	760	,	<epsilon>
759	777	0	0
759	777	1	1
759	777	2	2
759	777	3	3
759	777	4	4
759	777	5	5
759	777	6	6
759	777	7	7
759	777	8	8
759	777	9	9
760	745	0	0
760	745	1	1
760	745	2	2
760	745	3	3
760	745	4	4
760	745	5	5
760	745	6	6
760	745	7	7
760	745	8	8
760	745	9	9
761	778	0	0
762	779	0	0
762	779	1	1
762	779	2	2
762	779	3	3
762	779	4	4
762	779	5	5
762	779	6	6
762	779	7	7
762	779	8	8
762	779	9	9
763	780	0	0
763	780	1	1
763	780	2	2
763	780	3	3
763	780	4	4
763	780	5	5
763	780	6	6
763	780	7	7
763	780	8	8
763	780	9	9
764	781	<epsilon>	<space>
764	764	<9>	<epsilon>
764	764	<10>	<epsilon>
764	764	<13>	<epsilon>
764	764	<space>	<epsilon>
765	782	<epsilon>	r
766	783	<epsilon>	a
767	784	<space>	x
767	785	*	x
767	785	x	x
767	786	<194>	x
767	787	<195>	x
768	785	<space>	x
768	788	1	x
769	785	<183>	x
770	785	<151>	x
771	789	0	x
772	790	<epsilon>	x
773	732	<epsilon>	"
773	791	<space>	<epsilon>
774	792	0	0
774	792	1	1
774	792	2	2
774	792	3	3
774	792	4	4
774	792	5	5
774	792	6	6
774	792	7	7
774	792	8	8
774	792	9	9
775	793	0	0
775	793	1	1
775	793	2	2
775	793	3	3
775	793	4	4
775	793	5	5
775	793	6	6
775	793	7	7
775	793	8	8
775	793	9	9
776	740	,	<epsilon>
777	732	<epsilon>	"
777	777	0	0
777	777	1	1
777	777	2	2
777	777	3	3
777	777	4	4
777	777	5	5
777	777	6	6
777	777	7	7
777	777	8	8
777	777	9	9
778	794	0	0
779	732	<epsilon>	"
779	760	,	<epsilon>
780	795	<epsilon>	"
780	780	0	0
780	780	1	1
780	780	2	2
780	780	3	3
780	780	4	4
780	780	5	5
780	780	6	6
780	780	7	7
780	780	8	8
780	780	9	9
781	796	<epsilon>	u
782	797	<epsilon>	a
783	798	<epsilon>	n
784	799	<space>	p
784	800	*	p
784	800	x	p
784	801	<194>	p
784	802	<195>	p
785	800	<space>	p
785	803	1	p
786	800	<183>	p
787	800	<151>	p
788	804	0	p
789	804	<space>	p
789	805	^	p
790	806	<epsilon>	p
791	739	0	0
791	739	1	1
791	739	2	2
791	739	3	3
791	739	4	4
791	739	5	5
791	739	6	6
791	739	7	7
791	739	8	8
791	739	9	9
792	807	0	0
792	807	1	1
792	807	2	2
792	807	3	3
792	807	4	4
792	807	5	5
792	807	6	6
792	807	7	7
792	807	8	8
792	807	9	9
793	732	<epsilon>	"
793	808	<space>	<epsilon>
794	732	<epsilon>	"
794	809	,	<epsilon>
795	747	<epsilon>	<space>	20
795	750	<space>	<space>	20
795	751	*	<space>	20
795	752	E	<space>	20
795	752	e	<space>	20
795	751	x	<space>	20
795	753	<194>	<space>	20
795	754	<195>	<space>	20
796	810	<epsilon>	n
797	811	<epsilon>	c
798	812	<epsilon>	t
799	813	<space>	o
799	814	*	o
799	814	x	o
799	815	<194>	o
799	816	<195>	o
800	814	<space>	o
800	817	1	o
801	814	<183>	o
802	814	<151>	o
803	818	0	o
804	818	<space>	o
804	819	^	o
805	820	<epsilon>	o
805	819	<space>	o
806	820	<epsilon>	o
807	732	<epsilon>	"
807	821	<space>	<epsilon>
808	822	,	<epsilon>
809	744	<space>	<epsilon>
810	823	<epsilon>	i
811	824	<epsilon>	t
812	825	<epsilon>	i
813	826	<space>	n
813	827	*	n
813	827	x	n
813	828	<194>	n
813	829	<195>	n
814	827	<space>	n
814	830	1	n
815	827	<183>	n
816	827	<151>	n
817	831	0	n
818	831	<space>	n
818	832	^	n
819	833	<epsilon>	n
819	832	<space>	n
820	833	<epsilon>	n
821	834	,	<epsilon>
822	757	0	0
822	757	1	1
822	757	2	2
822	757	3	3
822	757	4	4
822	757	5	5
822	757	6	6
822	757	7	7
822	757	8	8
822	757	9	9
823	835	<epsilon>	t
824	836	<epsilon>	i
825	837	<epsilon>	t
826	838	<space>	e
826	839	*	e
826	839	x	e
826	840	<194>	e
826	841	<195>	e
827	839	<space>	e
827	842	1	e
828	839	<183>	e
829	839	<151>	e
830	843	0	e
831	843	<space>	e
831	844	^	e
832	845	<epsilon>	e
832	844	<space>	e
833	845	<epsilon>	e
834	756	<space>	<epsilon>
835	846	<epsilon>	s
836	847	<epsilon>	o
837	848	<epsilon>	y
838	849	<space>	n
838	850	*	n
838	850	x	n
838	851	<194>	n
838	852	<195>	n
839	850	<space>	n
839	853	1	n
840	850	<183>	n
841	850	<151>	n
842	854	0	n
843	854	<space>	n
843	855	^	n
844	856	<epsilon>	n
844	855	<space>	n
845	856	<epsilon>	n
846	857	<epsilon>	:
847	858	<epsilon>	n
848	859	<epsilon>	:
849	860	<space>	t
849	861	*	t
849	861	x	t
849	862	<194>	t
849	863	<195>	t
850	861	<space>	t
850	864	1	t
851	861	<183>	t
852	861	<151>	t
853	865	0	t
854	865	<space>	t
854	866	^	t
855	867	<epsilon>	t
855	866	<space>	t
856	867	<epsilon>	t
857	868	<epsilon>	<space>
858	869	<epsilon>	a
859	870	<epsilon>	<space>
859	871	<space>	<space>
860	872	<space>	:
860	873	*	:
860	873	x	:
860	874	<194>	:
860	875	<195>	:
861	873	<space>	:
861	876	1	:
862	873	<183>	:
863	873	<151>	:
864	877	0	:
865	877	<space>	:
865	878	^	:
866	879	<epsilon>	:
866	878	<space>	:
867	879	<epsilon>	:
868	880	<epsilon>	"
869	881	<epsilon>	l
870	882	<epsilon>	"
871	882	<epsilon>	"
871	871	<space>	<epsilon>
872	883	<space>	<space>
872	884	*	<space>
872	884	x	<space>
872	885	<194>	<space>
872	886	<195>	<space>
873	884	<space>	<space>
873	887	1	<space>
874	884	<183>	<space>
875	884	<151>	<space>
876	888	0	<space>
877	888	<space>	<space>
877	889	^	<space>
878	890	<epsilon>	<space>
878	889	<space>	<space>
879	890	<epsilon>	<space>
880	891	"	s
881	892	<epsilon>	_
882	893	b	b
882	893	m	m
882	894	q	q
882	895	t	t
883	883	<space>	<epsilon>
883	884	*	<epsilon>
883	884	x	<epsilon>
883	885	<194>	<epsilon>
883	886	<195>	<epsilon>
884	884	<space>	<epsilon>
884	887	1	<epsilon>
885	884	<183>	<epsilon>
886	884	<151>	<epsilon>
887	888	0	<epsilon>
888	888	<space>	<epsilon>
888	889	^	<epsilon>
889	896	<epsilon>	"
889	889	<space>	<epsilon>
890	896	<epsilon>	"
891	897	<epsilon>	e
892	898	<epsilon>	p
893	899	i	i
894	900	u	u
895	901	h	h
895	893	r	r
896	904	-	-
896	902	0	0
896	903	1	1
896	903	2	2
896	903	3	3
896	903	4	4
896	903	5	5
896	903	6	6
896	903	7	7
896	903	8	8
896	903	9	9
897	905	<epsilon>	c
898	906	<epsilon>	a
899	907	l	l
900	908	a	a
901	909	o	o
902	910	<epsilon>	"
903	910	<epsilon>	"
903	911	<space>	<epsilon>
903	914	,	<epsilon>
903	912	0	0
903	913	1	1
903	913	2	2
903	913	3	3
903	913	4	4
903	913	5	5
903	913	6	6
903	913	7	7
903	913	8	8
903	913	9	9
904	902	0	0
904	903	1	1
904	903	2	2
904	903	3	3
904	903	4	4
904	903	5	5
904	903	6	6
904	903	7	7
904	903	8	8
904	903	9	9
905	915	<epsilon>	o
906	916	<epsilon>	r
907	917	l	l
908	918	d	d
909	919	u	u
910	747	<epsilon>	<space>
911	921	,	<epsilon>
911	920	0	0
911	920	1	1
911	920	2	2
911	920	3	3
911	920	4	4
911	920	5	5
911	920	6	6
911	920	7	7
911	920	8	8
911	920	9	9
912	910	<epsilon>	"
912	911	<space>	<epsilon>
912	914	,	<epsilon>
912	922	0	0
912	923	1	1
912	923	2	2
912	923	3	3
912	923	4	4
912	923	5	5
912	923	6	6
912	923	7	7
912	923	8	8
912	923	9	9
913	910	<epsilon>	"
913	911	<space>	<epsilon>
913	914	,	<epsilon>
913	922	0	0
913	924	1	1
913	924	2	2
913	924	3	3
913	924	4	4
913	924	5	5
913	924	6	6
913	924	7	7
913	924	8	8
913	924	9	9
914	925	<space>	<epsilon>
914	926	0	0
914	926	1	1
914	926	2	2
914	926	3	3
914	926	4	4
914	926	5	5
914	926	6	6
914	926	7	7
914	926	8	8
914	926	9	9
915	927	<epsilon>	n
916	928	<epsilon>	t
917	929	i	i
918	893	r	r
919	930	s	s
920	931	0	0
920	931	1	1
920	931	2	2
920	931	3	3
920	931	4	4
920	931	5	5
920	931	6	6
920	931	7	7
920	931	8	8
920	931	9	9
921	932	<space>	<epsilon>
921	933	0	0
921	933	1	1
921	933	2	2
921	933	3	3
921	933	4	4
921	933	5	5
921	933	6	6
921	933	7	7
921	933	8	8
921	933	9	9
922	910	<epsilon>	"
922	911	<space>	<epsilon>
922	914	,	<epsilon>
922	934	0	0
922	935	1	1
922	935	2	2
922	935	3	3
922	935	4	4
922	935	5	5
922	935	6	6
922	935	7	7
922	935	8	8
922	935	9	9
923	910	<epsilon>	"
923	911	<space>	<epsilon>
923	936	,	<epsilon>
923	935	0	0
923	935	1	1
923	935	2	2
923	935	3	3
923	935	4	4
923	935	5	5
923	935	6	6
923	935	7	7
923	935	8	8
923	935	9	9
924	910	<epsilon>	"
924	911	<space>	<epsilon>
924	914	,	<epsilon>
924	934	0	0
924	934	1	1
924	934	2	2
924	934	3	3
924	934	4	4
924	934	5	5
924	934	6	6
924	934	7	7
924	934	8	8
924	934	9	9
925	937	0	0
926	938	0	0
926	938	1	1
926	938	2	2
926	938	3	3
926	938	4	4
926	938	5	5
926	938	6	6
926	938	7	7
926	938	8	8
926	938	9	9
927	939	<epsilon>	d
928	940	<epsilon>	:
929	941	o	o
930	942	a	a
931	943	0	0
931	943	1	1
931	943	2	2
931	943	3	3
931	943	4	4
931	943	5	5
931	943	6	6
931	943	7	7
931	943	8	8
931	943	9	9
932	944	0	0
932	944	1	1
932	944	2	2
932	944	3	3
932	944	4	4
932	944	5	5
932	944	6	6
932	944	7	7
932	944	8	8
932	944	9	9
933	945	0	0
933	945	1	1
933	945	2	2
933	945	3	3
933	945	4	4
933	945	5	5
933	945	6	6
933	945	7	7
933	945	8	8
933	945	9	9
934	910	<epsilon>	"
934	946	<space>	<epsilon>
934	914	,	<epsilon>
934	947	0	0
934	947	1	1
934	947	2	2
934	947	3	3
934	947	4	4
934	947	5	5
934	947	6	6
934	947	7	7
934	947	8	8
934	947	9	9
935	910	<epsilon>	"
935	946	<space>	<epsilon>
935	936	,	<epsilon>
935	947	0	0
935	947	1	1
935	947	2	2
935	947	3	3
935	947	4	4
935	947	5	5
935	947	6	6
935	947	7	7
935	947	8	8
935	947	9	9
936	926	0	0
936	926	1	1
936	926	2	2
936	926	3	3
936	926	4	4
936	926	5	5
936	926	6	6
936	926	7	7
936	926	8	8
936	926	9	9
937	948	0	0
938	949	0	0
938	949	1	1
938	949	2	2
938	949	3	3
938	949	4	4
938	949	5	5
938	949	6	6
938	949	7	7
938	949	8	8
938	949	9	9
939	950	<epsilon>	"
940	951	<epsilon>	<space>
941	952	n	n
942	953	n	n
943	910	<epsilon>	"
943	954	<space>	<epsilon>
944	955	0	0
944	955	1	1
944	955	2	2
944	955	3	3
944	955	4	4
944	955	5	5
944	955	6	6
944	955	7	7
944	955	8	8
944	955	9	9
945	956	0	0
945	956	1	1
945	956	2	2
945	956	3	3
945	956	4	4
945	956	5	5
945	956	6	6
945	956	7	7
945	956	8	8
945	956	9	9
946	921	,	<epsilon>
947	910	<epsilon>	"
947	947	0	0
947	947	1	1
947	947	2	2
947	947	3	3
947	947	4	4
947	947	5	5
947	947	6	6
947	947	7	7
947	947	8	8
947	947	9	9
948	957	0	0
949	910	<epsilon>	"
949	936	,	<epsilon>
950	958	<epsilon>	<space>
951	959	<epsilon>	"
952	960	<epsilon>	"
953	952	d	d
954	920	0	0
954	920	1	1
954	920	2	2
954	920	3	3
954	920	4	4
954	920	5	5
954	920	6	6
954	920	7	7
954	920	8	8
954	920	9	9
955	961	0	0
955	961	1	1
955	961	2	2
955	961	3	3
955	961	4	4
955	961	5	5
955	961	6	6
955	961	7	7
955	961	8	8
955	961	9	9
956	910	<epsilon>	"
956	962	<space>	<epsilon>
957	910	<epsilon>	"
957	963	,	<epsilon>
958	964	<epsilon>	}
959	965	0	0
959	965	1	1
959	965	2	2
959	965	3	3
959	965	4	4
959	965	5	5
959	965	6	6
959	965	7	7
959	965	8	8
959	965	9	9
960	747	<epsilon>	<space>
960	750	<space>	<space>
960	751	*	<space>
960	752	E	<space>
960	752	e	<space>
960	751	x	<space>
960	753	<194>	<space>
960	754	<195>	<space>
961	910	<epsilon>	"
961	966	<space>	<epsilon>
962	967	,	<epsilon>
963	925	<space>	<epsilon>
964	968	<epsilon>	<space>
964
965	969	<epsilon>	"
965	965	0	0
965	965	1	1
965	965	2	2
965	965	3	3
965	965	4	4
965	965	5	5
965	965	6	6
965	965	7	7
965	965	8	8
965	965	9	9
966	970	,	<epsilon>
967	933	0	0
967	933	1	1
967	933	2	2
967	933	3	3
967	933	4	4
967	933	5	5
967	933	6	6
967	933	7	7
967	933	8	8
967	933	9	9
968	971	<epsilon>	}
969	747	<epsilon>	<space>
969	749	<epsilon>	q
969	750	<space>	<space>
969	751	*	<space>
969	752	E	<space>
969	752	e	<space>
969	751	x	<space>
969	753	<194>	<space>
969	754	<195>	<space>
970	932	<space>	<epsilon>
971	972	<epsilon>	<space>
972	973	<epsilon>	t
973	974	<epsilon>	o
974	975	<epsilon>	k
975	976	<epsilon>	e
976	977	<epsilon>	n
977	978	<epsilon>	s
978	979	<epsilon>	<space>
979	980	<epsilon>	{
980	981	<epsilon>	<space>
981	982	<epsilon>	m
981	981	<space>	<epsilon>
982	983	<epsilon>	e
983	984	<epsilon>	a
984	985	<epsilon>	s
985	986	<epsilon>	u
986	987	<epsilon>	r
987	988	<epsilon>	e
988	989	<epsilon>	<space>
989	990	<epsilon>	{
990	330	<epsilon>	<space>
