0	1	<epsilon>	m
1	2	<epsilon>	e
2	3	<epsilon>	a
3	4	<epsilon>	s
4	5	<epsilon>	u
5	6	<epsilon>	r
6	7	<epsilon>	e
7	8	<epsilon>	<space>
8	9	<epsilon>	{
9	10	<epsilon>	<space>
10	11	<epsilon>	d
11	12	<epsilon>	e
12	13	<epsilon>	c
13	14	<epsilon>	i
14	15	<epsilon>	m
15	16	<epsilon>	a
16	17	<epsilon>	l
17	18	<epsilon>	<space>
18	19	<epsilon>	{
19	20	<epsilon>	<space>
20	21	<epsilon>	i
20	22	-	n
21	23	<epsilon>	n
22	24	<epsilon>	e
23	25	<epsilon>	t
24	26	<epsilon>	g
25	27	<epsilon>	e
26	28	<epsilon>	a
27	29	<epsilon>	g
28	30	<epsilon>	t
29	31	<epsilon>	e
30	32	<epsilon>	i
31	33	<epsilon>	r
32	34	<epsilon>	v
33	35	<epsilon>	_
34	36	<epsilon>	e
35	37	<epsilon>	p
36	38	<epsilon>	:
37	39	<epsilon>	a
38	40	<epsilon>	<space>
39	41	<epsilon>	r
40	42	<epsilon>	t
41	43	<epsilon>	t
42	44	<epsilon>	r
43	45	<epsilon>	:
44	46	<epsilon>	u
45	47	<epsilon>	<space>
46	48	<epsilon>	e
47	49	<epsilon>	"
48	50	<epsilon>	<space>
49	51	0	0
49	52	1	1
49	52	2	2
49	52	3	3
49	52	4	4
49	52	5	5
49	52	6	6
49	52	7	7
49	52	8	8
49	52	9	9
50	21	<epsilon>	i
51	53	<epsilon>	"
52	53	<epsilon>	"
52	56	<space>	<epsilon>
52	57	,	<epsilon>
52	58	.	<epsilon>
52	54	0	0
52	55	1	1
52	55	2	2
52	55	3	3
52	55	4	4
52	55	5	5
52	55	6	6
52	55	7	7
52	55	8	8
52	55	9	9
53	59	<epsilon>	<space>
54	53	<epsilon>	"
54	56	<space>	<epsilon>
54	57	,	<epsilon>
54	58	.	<epsilon>
54	60	0	0
54	61	1	1
54	61	2	2
54	61	3	3
54	61	4	4
54	61	5	5
54	61	6	6
54	61	7	7
54	61	8	8
54	61	9	9
55	53	<epsilon>	"
55	56	<space>	<epsilon>
55	57	,	<epsilon>
55	58	.	<epsilon>
55	60	0	0
55	62	1	1
55	62	2	2
55	62	3	3
55	62	4	4
55	62	5	5
55	62	6	6
55	62	7	7
55	62	8	8
55	62	9	9
56	64	,	<epsilon>
56	65	.	<epsilon>
56	63	0	0
56	63	1	1
56	63	2	2
56	63	3	3
56	63	4	4
56	63	5	5
56	63	6	6
56	63	7	7
56	63	8	8
56	63	9	9
57	67	<space>	<epsilon>
57	66	0	0
57	66	1	1
57	66	2	2
57	66	3	3
57	66	4	4
57	66	5	5
57	66	6	6
57	66	7	7
57	66	8	8
57	66	9	9
58	69	<space>	<epsilon>
58	68	0	0
58	68	1	1
58	68	2	2
58	68	3	3
58	68	4	4
58	68	5	5
58	68	6	6
58	68	7	7
58	68	8	8
58	68	9	9
59	70	<epsilon>	<space>
59	73	<space>	<space>
59	74	*	<space>
59	71	,	<epsilon>
59	72	.	<epsilon>
59	75	E	<space>
59	75	e	<space>
59	74	x	<space>
59	76	<194>	<space>
59	77	<195>	<space>
60	53	<epsilon>	"
60	56	<space>	<epsilon>
60	57	,	<epsilon>
60	58	.	<epsilon>
60	78	0	0
60	79	1	1
60	79	2	2
60	79	3	3
60	79	4	4
60	79	5	5
60	79	6	6
60	79	7	7
60	79	8	8
60	79	9	9
61	53	<epsilon>	"
61	56	<space>	<epsilon>
61	80	,	<epsilon>
61	81	.	<epsilon>
61	79	0	0
61	79	1	1
61	79	2	2
61	79	3	3
61	79	4	4
61	79	5	5
61	79	6	6
61	79	7	7
61	79	8	8
61	79	9	9
62	53	<epsilon>	"
62	56	<space>	<epsilon>
62	57	,	<epsilon>
62	58	.	<epsilon>
62	78	0	0
62	78	1	1
62	78	2	2
62	78	3	3
62	78	4	4
62	78	5	5
62	78	6	6
62	78	7	7
62	78	8	8
62	78	9	9
63	82	0	0
63	82	1	1
63	82	2	2
63	82	3	3
63	82	4	4
63	82	5	5
63	82	6	6
63	82	7	7
63	82	8	8
63	82	9	9
64	84	<space>	<epsilon>
64	83	0	0
64	83	1	1
64	83	2	2
64	83	3	3
64	83	4	4
64	83	5	5
64	83	6	6
64	83	7	7
64	83	8	8
64	83	9	9
65	86	<space>	<epsilon>
65	85	0	0
65	85	1	1
65	85	2	2
65	85	3	3
65	85	4	4
65	85	5	5
65	85	6	6
65	85	7	7
65	85	8	8
65	85	9	9
66	87	0	0
66	87	1	1
66	87	2	2
66	87	3	3
66	87	4	4
66	87	5	5
66	87	6	6
66	87	7	7
66	87	8	8
66	87	9	9
67	88	0	0
67	89	1	1
67	89	2	2
67	89	3	3
67	89	4	4
67	89	5	5
67	89	6	6
67	89	7	7
67	89	8	8
67	89	9	9
68	90	0	0
68	90	1	1
68	90	2	2
68	90	3	3
68	90	4	4
68	90	5	5
68	90	6	6
68	90	7	7
68	90	8	8
68	90	9	9
69	91	0	0
70	92	<epsilon>	}
71	93	<epsilon>	f
72	94	<epsilon>	f
73	95	<space>	e
73	96	*	e
73	96	x	e
73	97	<194>	e
73	98	<195>	e
74	96	<space>	e
74	99	1	e
75	100	<epsilon>	e
76	96	<183>	e
77	96	<151>	e
78	101	<epsilon>	"
78	103	<space>	<epsilon>
78	104	,	<epsilon>
78	58	.	<epsilon>
78	102	0	0
78	102	1	1
78	102	2	2
78	102	3	3
78	102	4	4
78	102	5	5
78	102	6	6
78	102	7	7
78	102	8	8
78	102	9	9
79	101	<epsilon>	"
79	103	<space>	<epsilon>
79	105	,	<epsilon>
79	81	.	<epsilon>
79	102	0	0
79	102	1	1
79	102	2	2
79	102	3	3
79	102	4	4
79	102	5	5
79	102	6	6
79	102	7	7
79	102	8	8
79	102	9	9
80	106	<space>	<epsilon>
80	66	0	0
80	66	1	1
80	66	2	2
80	66	3	3
80	66	4	4
80	66	5	5
80	66	6	6
80	66	7	7
80	66	8	8
80	66	9	9
81	68	0	0
81	68	1	1
81	68	2	2
81	68	3	3
81	68	4	4
81	68	5	5
81	68	6	6
81	68	7	7
81	68	8	8
81	68	9	9
82	107	0	0
82	107	1	1
82	107	2	2
82	107	3	3
82	107	4	4
82	107	5	5
82	107	6	6
82	107	7	7
82	107	8	8
82	107	9	9
83	108	0	0
83	108	1	1
83	108	2	2
83	108	3	3
83	108	4	4
83	108	5	5
83	108	6	6
83	108	7	7
83	108	8	8
83	108	9	9
84	109	0	0
84	109	1	1
84	109	2	2
84	109	3	3
84	109	4	4
84	109	5	5
84	109	6	6
84	109	7	7
84	109	8	8
84	109	9	9
85	110	0	0
85	110	1	1
85	110	2	2
85	110	3	3
85	110	4	4
85	110	5	5
85	110	6	6
85	110	7	7
85	110	8	8
85	110	9	9
86	111	0	0
86	111	1	1
86	111	2	2
86	111	3	3
86	111	4	4
86	111	5	5
86	111	6	6
86	111	7	7
86	111	8	8
86	111	9	9
87	112	0	0
87	112	1	1
87	112	2	2
87	112	3	3
87	112	4	4
87	112	5	5
87	112	6	6
87	112	7	7
87	112	8	8
87	112	9	9
88	113	0	0
88	114	1	1
88	114	2	2
88	114	3	3
88	114	4	4
88	114	5	5
88	114	6	6
88	114	7	7
88	114	8	8
88	114	9	9
89	114	0	0
89	114	1	1
89	114	2	2
89	114	3	3
89	114	4	4
89	114	5	5
89	114	6	6
89	114	7	7
89	114	8	8
89	114	9	9
90	115	0	0
90	115	1	1
90	115	2	2
90	115	3	3
90	115	4	4
90	115	5	5
90	115	6	6
90	115	7	7
90	115	8	8
90	115	9	9
91	116	0	0
92	117	<epsilon>	<space>
92	92	<9>	<epsilon>
92	92	<10>	<epsilon>
92	92	<13>	<epsilon>
92	92	<space>	<epsilon>
93	118	<epsilon>	r
94	119	<epsilon>	r
95	120	<space>	x
95	121	*	x
95	121	x	x
95	122	<194>	x
95	123	<195>	x
96	121	<space>	x
96	124	1	x
97	121	<183>	x
98	121	<151>	x
99	125	0	x
100	126	<epsilon>	x
101	127	<epsilon>	<space>
102	101	<epsilon>	"
102	102	0	0
102	102	1	1
102	102	2	2
102	102	3	3
102	102	4	4
102	102	5	5
102	102	6	6
102	102	7	7
102	102	8	8
102	102	9	9
103	128	,	<epsilon>
103	65	.	<epsilon>
104	130	<space>	<epsilon>
104	129	0	0
104	129	1	1
104	129	2	2
104	129	3	3
104	129	4	4
104	129	5	5
104	129	6	6
104	129	7	7
104	129	8	8
104	129	9	9
105	129	0	0
105	129	1	1
105	129	2	2
105	129	3	3
105	129	4	4
105	129	5	5
105	129	6	6
105	129	7	7
105	129	8	8
105	129	9	9
106	89	0	0
106	89	1	1
106	89	2	2
106	89	3	3
106	89	4	4
106	89	5	5
106	89	6	6
106	89	7	7
106	89	8	8
106	89	9	9
107	101	<epsilon>	"
107	131	<space>	<epsilon>
108	132	0	0
108	132	1	1
108	132	2	2
108	132	3	3
108	132	4	4
108	132	5	5
108	132	6	6
108	132	7	7
108	132	8	8
108	132	9	9
109	133	0	0
109	133	1	1
109	133	2	2
109	133	3	3
109	133	4	4
109	133	5	5
109	133	6	6
109	133	7	7
109	133	8	8
109	133	9	9
110	134	0	0
110	134	1	1
110	134	2	2
110	134	3	3
110	134	4	4
110	134	5	5
110	134	6	6
110	134	7	7
110	134	8	8
110	134	9	9
111	135	0	0
111	135	1	1
111	135	2	2
111	135	3	3
111	135	4	4
111	135	5	5
111	135	6	6
111	135	7	7
111	135	8	8
111	135	9	9
112	136	<epsilon>	"
112	137	,	<epsilon>
113	138	0	0
113	139	1	1
113	139	2	2
113	139	3	3
113	139	4	4
113	139	5	5
113	139	6	6
113	139	7	7
113	139	8	8
113	139	9	9
114	139	0	0
114	139	1	1
114	139	2	2
114	139	3	3
114	139	4	4
114	139	5	5
114	139	6	6
114	139	7	7
114	139	8	8
114	139	9	9
115	140	<epsilon>	"
115	81	.	<epsilon>
116	141	0	0
117	142	<epsilon>	u
118	143	<epsilon>	a
119	144	<epsilon>	a
120	145	<space>	p
120	146	*	p
120	146	x	p
120	147	<194>	p
120	148	<195>	p
121	146	<space>	p
121	149	1	p
122	146	<183>	p
123	146	<151>	p
124	150	0	p
125	150	<space>	p
125	151	^	p
126	152	<epsilon>	p
127	70	<epsilon>	<space>
127	73	<space>	<space>
127	74	*	<space>
127	71	,	<epsilon>
127	71	.	<epsilon>
127	75	E	<space>
127	75	e	<space>
127	74	x	<space>
127	76	<194>	<space>
127	77	<195>	<space>
128	154	<space>	<epsilon>
128	153	0	0
128	153	1	1
128	153	2	2
128	153	3	3
128	153	4	4
128	153	5	5
128	153	6	6
128	153	7	7
128	153	8	8
128	153	9	9
129	155	0	0
129	155	1	1
129	155	2	2
129	155	3	3
129	155	4	4
129	155	5	5
129	155	6	6
129	155	7	7
129	155	8	8
129	155	9	9
130	156	0	0
131	63	0	0
131	63	1	1
131	63	2	2
131	63	3	3
131	63	4	4
131	63	5	5
131	63	6	6
131	63	7	7
131	63	8	8
131	63	9	9
132	136	<epsilon>	"
132	157	<space>	<epsilon>
133	158	0	0
133	158	1	1
133	158	2	2
133	158	3	3
133	158	4	4
133	158	5	5
133	158	6	6
133	158	7	7
133	158	8	8
133	158	9	9
134	140	<epsilon>	"
134	159	<space>	<epsilon>
135	160	0	0
135	160	1	1
135	160	2	2
135	160	3	3
135	160	4	4
135	160	5	5
135	160	6	6
135	160	7	7
135	160	8	8
135	160	9	9
136	161	<epsilon>	<space>
137	162	0	0
137	162	1	1
137	162	2	2
137	162	3	3
137	162	4	4
137	162	5	5
137	162	6	6
137	162	7	7
137	162	8	8
137	162	9	9
138	136	<epsilon>	"
138	163	,	<epsilon>
139	164	,	<epsilon>
140	165	<epsilon>	<space>
141	140	<epsilon>	"
141	166	.	<epsilon>
142	167	<epsilon>	n
143	168	<epsilon>	c
144	169	<epsilon>	c
145	170	<space>	o
145	171	*	o
145	171	x	o
145	172	<194>	o
145	173	<195>	o
146	171	<space>	o
146	174	1	o
147	171	<183>	o
148	171	<151>	o
149	175	0	o
150	175	<space>	o
150	176	^	o
151	177	<epsilon>	o
151	176	<space>	o
152	177	<epsilon>	o
153	178	0	0
153	178	1	1
153	178	2	2
153	178	3	3
153	178	4	4
153	178	5	5
153	178	6	6
153	178	7	7
153	178	8	8
153	178	9	9
154	179	0	0
154	179	1	1
154	179	2	2
154	179	3	3
154	179	4	4
154	179	5	5
154	179	6	6
154	179	7	7
154	179	8	8
154	179	9	9
155	180	0	0
155	180	1	1
155	180	2	2
155	180	3	3
155	180	4	4
155	180	5	5
155	180	6	6
155	180	7	7
155	180	8	8
155	180	9	9
156	181	0	0
157	182	,	<epsilon>
158	136	<epsilon>	"
158	183	<space>	<epsilon>
159	184	.	<epsilon>
160	140	<epsilon>	"
160	185	<space>	<epsilon>
161	71	.	<epsilon>
162	186	0	0
162	186	1	1
162	186	2	2
162	186	3	3
162	186	4	4
162	186	5	5
162	186	6	6
162	186	7	7
162	186	8	8
162	186	9	9
163	187	<space>	<epsilon>
164	188	<space>	<epsilon>
165	70	<epsilon>	<space>
165	73	<space>	<space>
165	74	*	<space>
165	71	,	<epsilon>
165	75	E	<space>
165	75	e	<space>
165	74	x	<space>
165	76	<194>	<space>
165	77	<195>	<space>
166	69	<space>	<epsilon>
167	189	<epsilon>	i
168	190	<epsilon>	t
169	191	<epsilon>	t
170	192	<space>	n
170	193	*	n
170	193	x	n
170	194	<194>	n
170	195	<195>	n
171	193	<space>	n
171	196	1	n
172	193	<183>	n
173	193	<151>	n
174	197	0	n
175	197	<space>	n
175	198	^	n
176	199	<epsilon>	n
176	198	<space>	n
177	199	<epsilon>	n
178	200	0	0
178	200	1	1
178	200	2	2
178	200	3	3
178	200	4	4
178	200	5	5
178	200	6	6
178	200	7	7
178	200	8	8
178	200	9	9
179	201	0	0
179	201	1	1
179	201	2	2
179	201	3	3
179	201	4	4
179	201	5	5
179	201	6	6
179	201	7	7
179	201	8	8
179	201	9	9
180	136	<epsilon>	"
180	105	,	<epsilon>
181	202	0	0
182	203	0	0
182	203	1	1
182	203	2	2
182	203	3	3
182	203	4	4
182	203	5	5
182	203	6	6
182	203	7	7
182	203	8	8
182	203	9	9
183	204	,	<epsilon>
184	85	0	0
184	85	1	1
184	85	2	2
184	85	3	3
184	85	4	4
184	85	5	5
184	85	6	6
184	85	7	7
184	85	8	8
184	85	9	9
185	205	.	<epsilon>
186	206	0	0
186	206	1	1
186	206	2	2
186	206	3	3
186	206	4	4
186	206	5	5
186	206	6	6
186	206	7	7
186	206	8	8
186	206	9	9
187	207	0	0
187	208	1	1
187	208	2	2
187	208	3	3
187	208	4	4
187	208	5	5
187	208	6	6
187	208	7	7
187	208	8	8
187	208	9	9
188	208	0	0
188	208	1	1
188	208	2	2
188	208	3	3
188	208	4	4
188	208	5	5
188	208	6	6
188	208	7	7
188	208	8	8
188	208	9	9
189	209	<epsilon>	t
190	210	<epsilon>	i
191	211	<epsilon>	i
192	212	<space>	e
192	213	*	e
192	213	x	e
192	214	<194>	e
192	215	<195>	e
193	213	<space>	e
193	216	1	e
194	213	<183>	e
195	213	<151>	e
196	217	0	e
197	217	<space>	e
197	218	^	e
198	219	<epsilon>	e
198	218	<space>	e
199	219	<epsilon>	e
200	136	<epsilon>	"
200	220	<space>	<epsilon>
201	221	0	0
201	221	1	1
201	221	2	2
201	221	3	3
201	221	4	4
201	221	5	5
201	221	6	6
201	221	7	7
201	221	8	8
201	221	9	9
202	136	<epsilon>	"
202	222	,	<epsilon>
203	223	0	0
203	223	1	1
203	223	2	2
203	223	3	3
203	223	4	4
203	223	5	5
203	223	6	6
203	223	7	7
203	223	8	8
203	223	9	9
204	224	<space>	<epsilon>
205	86	<space>	<epsilon>
206	225	<epsilon>	"
206	137	,	<epsilon>
207	226	0	0
207	227	1	1
207	227	2	2
207	227	3	3
207	227	4	4
207	227	5	5
207	227	6	6
207	227	7	7
207	227	8	8
207	227	9	9
208	227	0	0
208	227	1	1
208	227	2	2
208	227	3	3
208	227	4	4
208	227	5	5
208	227	6	6
208	227	7	7
208	227	8	8
208	227	9	9
209	228	<epsilon>	s
210	229	<epsilon>	o
211	230	<epsilon>	o
212	231	<space>	n
212	232	*	n
212	232	x	n
212	233	<194>	n
212	234	<195>	n
213	232	<space>	n
213	235	1	n
214	232	<183>	n
215	232	<151>	n
216	236	0	n
217	236	<space>	n
217	237	^	n
218	238	<epsilon>	n
218	237	<space>	n
219	238	<epsilon>	n
220	239	,	<epsilon>
221	136	<epsilon>	"
221	240	<space>	<epsilon>
222	130	<space>	<epsilon>
223	241	0	0
223	241	1	1
223	241	2	2
223	241	3	3
223	241	4	4
223	241	5	5
223	241	6	6
223	241	7	7
223	241	8	8
223	241	9	9
224	242	0	0
224	242	1	1
224	242	2	2
224	242	3	3
224	242	4	4
224	242	5	5
224	242	6	6
224	242	7	7
224	242	8	8
224	242	9	9
225	243	<epsilon>	<space>
226	244	0	0
226	245	1	1
226	245	2	2
226	245	3	3
226	245	4	4
226	245	5	5
226	245	6	6
226	245	7	7
226	245	8	8
226	245	9	9
227	245	0	0
227	245	1	1
227	245	2	2
227	245	3	3
227	245	4	4
227	245	5	5
227	245	6	6
227	245	7	7
227	245	8	8
227	245	9	9
228	246	<epsilon>	:
229	247	<epsilon>	n
230	248	<epsilon>	n
231	249	<space>	t
231	250	*	t
231	250	x	t
231	251	<194>	t
231	252	<195>	t
232	250	<space>	t
232	253	1	t
233	250	<183>	t
234	250	<151>	t
235	254	0	t
236	254	<space>	t
236	255	^	t
237	256	<epsilon>	t
237	255	<space>	t
238	256	<epsilon>	t
239	153	0	0
239	153	1	1
239	153	2	2
239	153	3	3
239	153	4	4
239	153	5	5
239	153	6	6
239	153	7	7
239	153	8	8
239	153	9	9
240	257	,	<epsilon>
241	225	<epsilon>	"
241	157	<space>	<epsilon>
242	258	0	0
242	258	1	1
242	258	2	2
242	258	3	3
242	258	4	4
242	258	5	5
242	258	6	6
242	258	7	7
242	258	8	8
242	258	9	9
243	70	<epsilon>	<space>
243	73	<space>	<space>
243	74	*	<space>
243	71	.	<epsilon>
243	75	E	<space>
243	75	e	<space>
243	74	x	<space>
243	76	<194>	<space>
243	77	<195>	<space>
244	225	<epsilon>	"
244	163	,	<epsilon>
245	259	<epsilon>	"
245	164	,	<epsilon>
246	260	<epsilon>	<space>
247	261	<epsilon>	a
248	262	<epsilon>	a
249	263	<space>	:
249	264	*	:
249	264	x	:
249	265	<194>	:
249	266	<195>	:
250	264	<space>	:
250	267	1	:
251	264	<183>	:
252	264	<151>	:
253	268	0	:
254	268	<space>	:
254	269	^	:
255	270	<epsilon>	:
255	269	<space>	:
256	270	<epsilon>	:
257	154	<space>	<epsilon>
258	271	0	0
258	271	1	1
258	271	2	2
258	271	3	3
258	271	4	4
258	271	5	5
258	271	6	6
258	271	7	7
258	271	8	8
258	271	9	9
259	272	<epsilon>	<space>
260	273	<epsilon>	"
261	274	<epsilon>	l
262	275	<epsilon>	l
263	276	<space>	<space>
263	277	*	<space>
263	277	x	<space>
263	278	<194>	<space>
263	279	<195>	<space>
264	277	<space>	<space>
264	280	1	<space>
265	277	<183>	<space>
266	277	<151>	<space>
267	281	0	<space>
268	281	<space>	<space>
268	282	^	<space>
269	283	<epsilon>	<space>
269	282	<space>	<space>
270	283	<epsilon>	<space>
271	225	<epsilon>	"
271	183	<space>	<epsilon>
272	70	<epsilon>	<space>
272	73	<space>	<space>
272	74	*	<space>
272	75	E	<space>
272	75	e	<space>
272	74	x	<space>
272	76	<194>	<space>
272	77	<195>	<space>
273	284	h	h
274	285	<epsilon>	_
275	286	<epsilon>	_
276	276	<space>	<epsilon>
276	277	*	<epsilon>
276	277	x	<epsilon>
276	278	<194>	<epsilon>
276	279	<195>	<epsilon>
277	277	<space>	<epsilon>
277	280	1	<epsilon>
278	277	<183>	<epsilon>
279	277	<151>	<epsilon>
280	281	0	<epsilon>
281	281	<space>	<epsilon>
281	282	^	<epsilon>
282	287	<epsilon>	"
282	282	<space>	<epsilon>
283	287	<epsilon>	"
284	288	<epsilon>	o
285	289	<epsilon>	p
286	290	<epsilon>	p
287	293	-	-
287	291	0	0
287	292	1	1
287	292	2	2
287	292	3	3
287	292	4	4
287	292	5	5
287	292	6	6
287	292	7	7
287	292	8	8
287	292	9	9
288	294	<epsilon>	u
289	295	<epsilon>	a
290	296	<epsilon>	a
291	297	<epsilon>	"
292	297	<epsilon>	"
292	300	<space>	<epsilon>
292	301	,	<epsilon>
292	302	.	<epsilon>
292	298	0	0
292	299	1	1
292	299	2	2
292	299	3	3
292	299	4	4
292	299	5	5
292	299	6	6
292	299	7	7
292	299	8	8
292	299	9	9
293	291	0	0
293	292	1	1
293	292	2	2
293	292	3	3
293	292	4	4
293	292	5	5
293	292	6	6
293	292	7	7
293	292	8	8
293	292	9	9
294	303	<epsilon>	r
295	304	<epsilon>	r
296	305	<epsilon>	r
297	70	<epsilon>	<space>
298	297	<epsilon>	"
298	300	<space>	<epsilon>
298	301	,	<epsilon>
298	302	.	<epsilon>
298	306	0	0
298	307	1	1
298	307	2	2
298	307	3	3
298	307	4	4
298	307	5	5
298	307	6	6
298	307	7	7
298	307	8	8
298	307	9	9
299	297	<epsilon>	"
299	300	<space>	<epsilon>
299	301	,	<epsilon>
299	302	.	<epsilon>
299	306	0	0
299	308	1	1
299	308	2	2
299	308	3	3
299	308	4	4
299	308	5	5
299	308	6	6
299	308	7	7
299	308	8	8
299	308	9	9
300	310	,	<epsilon>
300	311	.	<epsilon>
300	309	0	0
300	309	1	1
300	309	2	2
300	309	3	3
300	309	4	4
300	309	5	5
300	309	6	6
300	309	7	7
300	309	8	8
300	309	9	9
301	313	<space>	<epsilon>
301	312	0	0
301	312	1	1
301	312	2	2
301	312	3	3
301	312	4	4
301	312	5	5
301	312	6	6
301	312	7	7
301	312	8	8
301	312	9	9
302	315	<space>	<epsilon>
302	314	0	0
302	314	1	1
302	314	2	2
302	314	3	3
302	314	4	4
302	314	5	5
302	314	6	6
302	314	7	7
302	314	8	8
302	314	9	9
303	316	<epsilon>	"
304	317	<epsilon>	t
305	318	<epsilon>	t
306	297	<epsilon>	"
306	300	<space>	<epsilon>
306	301	,	<epsilon>
306	302	.	<epsilon>
306	319	0	0
306	320	1	1
306	320	2	2
306	320	3	3
306	320	4	4
306	320	5	5
306	320	6	6
306	320	7	7
306	320	8	8
306	320	9	9
307	297	<epsilon>	"
307	300	<space>	<epsilon>
307	301	,	<epsilon>
307	321	.	<epsilon>
307	320	0	0
307	320	1	1
307	320	2	2
307	320	3	3
307	320	4	4
307	320	5	5
307	320	6	6
307	320	7	7
307	320	8	8
307	320	9	9
308	297	<epsilon>	"
308	300	<space>	<epsilon>
308	301	,	<epsilon>
308	302	.	<epsilon>
308	319	0	0
308	319	1	1
308	319	2	2
308	319	3	3
308	319	4	4
308	319	5	5
308	319	6	6
308	319	7	7
308	319	8	8
308	319	9	9
309	322	0	0
309	322	1	1
309	322	2	2
309	322	3	3
309	322	4	4
309	322	5	5
309	322	6	6
309	322	7	7
309	322	8	8
309	322	9	9
310	324	<space>	<epsilon>
310	323	0	0
310	323	1	1
310	323	2	2
310	323	3	3
310	323	4	4
310	323	5	5
310	323	6	6
310	323	7	7
310	323	8	8
310	323	9	9
311	326	<space>	<epsilon>
311	325	0	0
311	325	1	1
311	325	2	2
311	325	3	3
311	325	4	4
311	325	5	5
311	325	6	6
311	325	7	7
311	325	8	8
311	325	9	9
312	327	0	0
312	327	1	1
312	327	2	2
312	327	3	3
312	327	4	4
312	327	5	5
312	327	6	6
312	327	7	7
312	327	8	8
312	327	9	9
313	328	0	0
313	328	1	1
313	328	2	2
313	328	3	3
313	328	4	4
313	328	5	5
313	328	6	6
313	328	7	7
313	328	8	8
313	328	9	9
314	329	0	0
314	329	1	1
314	329	2	2
314	329	3	3
314	329	4	4
314	329	5	5
314	329	6	6
314	329	7	7
314	329	8	8
314	329	9	9
315	330	0	0
316	331	<epsilon>	<space>
317	332	<epsilon>	:
318	333	<epsilon>	:
319	297	<epsilon>	"
319	335	<space>	<epsilon>
319	302	.	<epsilon>
319	334	0	0
319	334	1	1
319	334	2	2
319	334	3	3
319	334	4	4
319	334	5	5
319	334	6	6
319	334	7	7
319	334	8	8
319	334	9	9
320	297	<epsilon>	"
320	335	<space>	<epsilon>
320	321	.	<epsilon>
320	334	0	0
320	334	1	1
320	334	2	2
320	334	3	3
320	334	4	4
320	334	5	5
320	334	6	6
320	334	7	7
320	334	8	8
320	334	9	9
321	314	0	0
321	314	1	1
321	314	2	2
321	314	3	3
321	314	4	4
321	314	5	5
321	314	6	6
321	314	7	7
321	314	8	8
321	314	9	9
322	336	0	0
322	336	1	1
322	336	2	2
322	336	3	3
322	336	4	4
322	336	5	5
322	336	6	6
322	336	7	7
322	336	8	8
322	336	9	9
323	337	0	0
323	337	1	1
323	337	2	2
323	337	3	3
323	337	4	4
323	337	5	5
323	337	6	6
323	337	7	7
323	337	8	8
323	337	9	9
324	338	0	0
324	338	1	1
324	338	2	2
324	338	3	3
324	338	4	4
324	338	5	5
324	338	6	6
324	338	7	7
324	338	8	8
324	338	9	9
325	339	0	0
325	339	1	1
325	339	2	2
325	339	3	3
325	339	4	4
325	339	5	5
325	339	6	6
325	339	7	7
325	339	8	8
325	339	9	9
326	340	0	0
326	340	1	1
326	340	2	2
326	340	3	3
326	340	4	4
326	340	5	5
326	340	6	6
326	340	7	7
326	340	8	8
326	340	9	9
327	341	0	0
327	341	1	1
327	341	2	2
327	341	3	3
327	341	4	4
327	341	5	5
327	341	6	6
327	341	7	7
327	341	8	8
327	341	9	9
328	342	0	0
328	342	1	1
328	342	2	2
328	342	3	3
328	342	4	4
328	342	5	5
328	342	6	6
328	342	7	7
328	342	8	8
328	342	9	9
329	343	0	0
329	343	1	1
329	343	2	2
329	343	3	3
329	343	4	4
329	343	5	5
329	343	6	6
329	343	7	7
329	343	8	8
329	343	9	9
330	344	0	0
331	345	<epsilon>	}
332	346	<epsilon>	<space>
333	347	<epsilon>	<space>
334	297	<epsilon>	"
334	334	0	0
334	334	1	1
334	334	2	2
334	334	3	3
334	334	4	4
334	334	5	5
334	334	6	6
334	334	7	7
334	334	8	8
334	334	9	9
335	311	.	<epsilon>
336	297	<epsilon>	"
336	348	<space>	<epsilon>
337	349	0	0
337	349	1	1
337	349	2	2
337	349	3	3
337	349	4	4
337	349	5	5
337	349	6	6
337	349	7	7
337	349	8	8
337	349	9	9
338	350	0	0
338	350	1	1
338	350	2	2
338	350	3	3
338	350	4	4
338	350	5	5
338	350	6	6
338	350	7	7
338	350	8	8
338	350	9	9
339	351	0	0
339	351	1	1
339	351	2	2
339	351	3	3
339	351	4	4
339	351	5	5
339	351	6	6
339	351	7	7
339	351	8	8
339	351	9	9
340	352	0	0
340	352	1	1
340	352	2	2
340	352	3	3
340	352	4	4
340	352	5	5
340	352	6	6
340	352	7	7
340	352	8	8
340	352	9	9
341	353	,	<epsilon>
342	354	0	0
342	354	1	1
342	354	2	2
342	354	3	3
342	354	4	4
342	354	5	5
342	354	6	6
342	354	7	7
342	354	8	8
342	354	9	9
343	297	<epsilon>	"
343	321	.	<epsilon>
344	355	0	0
345	356	<epsilon>	<space>
346	357	<epsilon>	"
347	358	<epsilon>	"
348	309	0	0
348	309	1	1
348	309	2	2
348	309	3	3
348	309	4	4
348	309	5	5
348	309	6	6
348	309	7	7
348	309	8	8
348	309	9	9
349	359	<space>	<epsilon>
350	360	0	0
350	360	1	1
350	360	2	2
350	360	3	3
350	360	4	4
350	360	5	5
350	360	6	6
350	360	7	7
350	360	8	8
350	360	9	9
351	297	<epsilon>	"
351	361	<space>	<epsilon>
352	362	0	0
352	362	1	1
352	362	2	2
352	362	3	3
352	362	4	4
352	362	5	5
352	362	6	6
352	362	7	7
352	362	8	8
352	362	9	9
353	363	0	0
353	363	1	1
353	363	2	2
353	363	3	3
353	363	4	4
353	363	5	5
353	363	6	6
353	363	7	7
353	363	8	8
353	363	9	9
354	364	,	<epsilon>
355	297	<epsilon>	"
355	365	.	<epsilon>
356	366	<epsilon>	}
357	367	0	0
357	367	1	1
357	367	2	2
357	367	3	3
357	367	4	4
357	367	5	5
357	367	6	6
357	367	7	7
357	367	8	8
357	367	9	9
358	368	0	0
358	368	1	1
358	368	2	2
358	368	3	3
358	368	4	4
358	368	5	5
358	368	6	6
358	368	7	7
358	368	8	8
358	368	9	9
359	369	,	<epsilon>
360	370	<space>	<epsilon>
361	371	.	<epsilon>
362	297	<epsilon>	"
362	372	<space>	<epsilon>
363	373	0	0
363	373	1	1
363	373	2	2
363	373	3	3
363	373	4	4
363	373	5	5
363	373	6	6
363	373	7	7
363	373	8	8
363	373	9	9
364	374	<space>	<epsilon>
365	315	<space>	<epsilon>
366	375	<epsilon>	<space>
367	272	<epsilon>	"
367	367	0	0
367	367	1	1
367	367	2	2
367	367	3	3
367	367	4	4
367	367	5	5
367	367	6	6
367	367	7	7
367	367	8	8
367	367	9	9
368	272	<epsilon>	"
368	376	0	0
368	376	1	1
368	376	2	2
368	376	3	3
368	376	4	4
368	376	5	5
368	376	6	6
368	376	7	7
368	376	8	8
368	376	9	9
369	377	0	0
369	377	1	1
369	377	2	2
369	377	3	3
369	377	4	4
369	377	5	5
369	377	6	6
369	377	7	7
369	377	8	8
369	377	9	9
370	378	,	<epsilon>
371	325	0	0
371	325	1	1
371	325	2	2
371	325	3	3
371	325	4	4
371	325	5	5
371	325	6	6
371	325	7	7
371	325	8	8
371	325	9	9
372	379	.	<epsilon>
373	380	0	0
373	380	1	1
373	380	2	2
373	380	3	3
373	380	4	4
373	380	5	5
373	380	6	6
373	380	7	7
373	380	8	8
373	380	9	9
374	381	0	0
374	381	1	1
374	381	2	2
374	381	3	3
374	381	4	4
374	381	5	5
374	381	6	6
374	381	7	7
374	381	8	8
374	381	9	9
375	382	<epsilon>	t
376	272	<epsilon>	"
376	357	0	0
376	357	1	1
376	357	2	2
376	357	3	3
376	357	4	4
376	357	5	5
376	357	6	6
376	357	7	7
376	357	8	8
376	357	9	9
377	383	0	0
377	383	1	1
377	383	2	2
377	383	3	3
377	383	4	4
377	383	5	5
377	383	6	6
377	383	7	7
377	383	8	8
377	383	9	9
378	384	<space>	<epsilon>
379	326	<space>	<epsilon>
380	297	<epsilon>	"
380	353	,	<epsilon>
381	385	0	0
381	385	1	1
381	385	2	2
381	385	3	3
381	385	4	4
381	385	5	5
381	385	6	6
381	385	7	7
381	385	8	8
381	385	9	9
382	386	<epsilon>	o
383	387	0	0
383	387	1	1
383	387	2	2
383	387	3	3
383	387	4	4
383	387	5	5
383	387	6	6
383	387	7	7
383	387	8	8
383	387	9	9
384	388	0	0
384	388	1	1
384	388	2	2
384	388	3	3
384	388	4	4
384	388	5	5
384	388	6	6
384	388	7	7
384	388	8	8
384	388	9	9
385	389	0	0
385	389	1	1
385	389	2	2
385	389	3	3
385	389	4	4
385	389	5	5
385	389	6	6
385	389	7	7
385	389	8	8
385	389	9	9
386	390	<epsilon>	k
387	297	<epsilon>	"
387	359	<space>	<epsilon>
388	391	0	0
388	391	1	1
388	391	2	2
388	391	3	3
388	391	4	4
388	391	5	5
388	391	6	6
388	391	7	7
388	391	8	8
388	391	9	9
389	297	<epsilon>	"
389	364	,	<epsilon>
390	392	<epsilon>	e
391	393	0	0
391	393	1	1
391	393	2	2
391	393	3	3
391	393	4	4
391	393	5	5
391	393	6	6
391	393	7	7
391	393	8	8
391	393	9	9
392	394	<epsilon>	n
393	297	<epsilon>	"
393	370	<space>	<epsilon>
394	395	<epsilon>	s
395	396	<epsilon>	<space>
396	397	<epsilon>	{
397	399	<epsilon>	<space>
398	400	<epsilon>	e
399	398	<epsilon>	m
399	399	<space>	<epsilon>
400	401	<epsilon>	a
401	402	<epsilon>	s
402	403	<epsilon>	u
403	404	<epsilon>	r
404	405	<epsilon>	e
405	406	<epsilon>	<space>
406	407	<epsilon>	{
407	408	<epsilon>	<space>
408	409	<epsilon>	d
409	410	<epsilon>	e
410	411	<epsilon>	c
411	412	<epsilon>	i
412	413	<epsilon>	m
413	414	<epsilon>	a
414	415	<epsilon>	l
415	416	<epsilon>	<space>
416	417	<epsilon>	{
417	418	<epsilon>	<space>
418	419	<epsilon>	i
418	420	-	n
419	421	<epsilon>	n
420	422	<epsilon>	e
421	423	<epsilon>	t
422	424	<epsilon>	g
423	425	<epsilon>	e
424	426	<epsilon>	a
425	427	<epsilon>	g
426	428	<epsilon>	t
427	429	<epsilon>	e
428	430	<epsilon>	i
429	431	<epsilon>	r
430	432	<epsilon>	v
431	433	<epsilon>	_
432	434	<epsilon>	e
433	435	<epsilon>	p
434	436	<epsilon>	:
435	437	<epsilon>	a
436	438	<epsilon>	<space>
437	439	<epsilon>	r
438	440	<epsilon>	t
439	441	<epsilon>	t
440	442	<epsilon>	r
441	443	<epsilon>	:
442	444	<epsilon>	u
443	445	<epsilon>	<space>
444	446	<epsilon>	e
445	447	<epsilon>	"
446	448	<epsilon>	<space>
447	449	0	0
447	450	1	1
447	450	2	2
447	450	3	3
447	450	4	4
447	450	5	5
447	450	6	6
447	450	7	7
447	450	8	8
447	450	9	9
448	419	<epsilon>	i
449	451	<epsilon>	"
450	451	<epsilon>	"
450	454	<space>	<epsilon>
450	455	,	<epsilon>
450	456	.	<epsilon>
450	452	0	0
450	453	1	1
450	453	2	2
450	453	3	3
450	453	4	4
450	453	5	5
450	453	6	6
450	453	7	7
450	453	8	8
450	453	9	9
451	457	<epsilon>	<space>
452	451	<epsilon>	"
452	454	<space>	<epsilon>
452	455	,	<epsilon>
452	456	.	<epsilon>
452	458	0	0
452	459	1	1
452	459	2	2
452	459	3	3
452	459	4	4
452	459	5	5
452	459	6	6
452	459	7	7
452	459	8	8
452	459	9	9
453	451	<epsilon>	"
453	454	<space>	<epsilon>
453	455	,	<epsilon>
453	456	.	<epsilon>
453	458	0	0
453	460	1	1
453	460	2	2
453	460	3	3
453	460	4	4
453	460	5	5
453	460	6	6
453	460	7	7
453	460	8	8
453	460	9	9
454	462	,	<epsilon>
454	463	.	<epsilon>
454	461	0	0
454	461	1	1
454	461	2	2
454	461	3	3
454	461	4	4
454	461	5	5
454	461	6	6
454	461	7	7
454	461	8	8
454	461	9	9
455	465	<space>	<epsilon>
455	464	0	0
455	464	1	1
455	464	2	2
455	464	3	3
455	464	4	4
455	464	5	5
455	464	6	6
455	464	7	7
455	464	8	8
455	464	9	9
456	467	<space>	<epsilon>
456	466	0	0
456	466	1	1
456	466	2	2
456	466	3	3
456	466	4	4
456	466	5	5
456	466	6	6
456	466	7	7
456	466	8	8
456	466	9	9
457	468	<epsilon>	<space>
457	471	<space>	<space>
457	472	*	<space>
457	469	,	<epsilon>
457	470	.	<epsilon>
457	473	E	<space>
457	473	e	<space>
457	472	x	<space>
457	474	<194>	<space>
457	475	<195>	<space>
458	451	<epsilon>	"
458	454	<space>	<epsilon>
458	455	,	<epsilon>
458	456	.	<epsilon>
458	476	0	0
458	477	1	1
458	477	2	2
458	477	3	3
458	477	4	4
458	477	5	5
458	477	6	6
458	477	7	7
458	477	8	8
458	477	9	9
459	451	<epsilon>	"
459	454	<space>	<epsilon>
459	478	,	<epsilon>
459	479	.	<epsilon>
459	477	0	0
459	477	1	1
459	477	2	2
459	477	3	3
459	477	4	4
459	477	5	5
459	477	6	6
459	477	7	7
459	477	8	8
459	477	9	9
460	451	<epsilon>	"
460	454	<space>	<epsilon>
460	455	,	<epsilon>
460	456	.	<epsilon>
460	476	0	0
460	476	1	1
460	476	2	2
460	476	3	3
460	476	4	4
460	476	5	5
460	476	6	6
460	476	7	7
460	476	8	8
460	476	9	9
461	480	0	0
461	480	1	1
461	480	2	2
461	480	3	3
461	480	4	4
461	480	5	5
461	480	6	6
461	480	7	7
461	480	8	8
461	480	9	9
462	482	<space>	<epsilon>
462	481	0	0
462	481	1	1
462	481	2	2
462	481	3	3
462	481	4	4
462	481	5	5
462	481	6	6
462	481	7	7
462	481	8	8
462	481	9	9
463	484	<space>	<epsilon>
463	483	0	0
463	483	1	1
463	483	2	2
463	483	3	3
463	483	4	4
463	483	5	5
463	483	6	6
463	483	7	7
463	483	8	8
463	483	9	9
464	485	0	0
464	485	1	1
464	485	2	2
464	485	3	3
464	485	4	4
464	485	5	5
464	485	6	6
464	485	7	7
464	485	8	8
464	485	9	9
465	486	0	0
465	487	1	1
465	487	2	2
465	487	3	3
465	487	4	4
465	487	5	5
465	487	6	6
465	487	7	7
465	487	8	8
465	487	9	9
466	488	0	0
466	488	1	1
466	488	2	2
466	488	3	3
466	488	4	4
466	488	5	5
466	488	6	6
466	488	7	7
466	488	8	8
466	488	9	9
467	489	0	0
468	490	<epsilon>	}
469	491	<epsilon>	f
470	492	<epsilon>	f
471	493	<space>	e
471	494	*	e
471	494	x	e
471	495	<194>	e
471	496	<195>	e
472	494	<space>	e
472	497	1	e
473	498	<epsilon>	e
474	494	<183>	e
475	494	<151>	e
476	499	<epsilon>	"
476	501	<space>	<epsilon>
476	502	,	<epsilon>
476	456	.	<epsilon>
476	500	0	0
476	500	1	1
476	500	2	2
476	500	3	3
476	500	4	4
476	500	5	5
476	500	6	6
476	500	7	7
476	500	8	8
476	500	9	9
477	499	<epsilon>	"
477	501	<space>	<epsilon>
477	503	,	<epsilon>
477	479	.	<epsilon>
477	500	0	0
477	500	1	1
477	500	2	2
477	500	3	3
477	500	4	4
477	500	5	5
477	500	6	6
477	500	7	7
477	500	8	8
477	500	9	9
478	504	<space>	<epsilon>
478	464	0	0
478	464	1	1
478	464	2	2
478	464	3	3
478	464	4	4
478	464	5	5
478	464	6	6
478	464	7	7
478	464	8	8
478	464	9	9
479	466	0	0
479	466	1	1
479	466	2	2
479	466	3	3
479	466	4	4
479	466	5	5
479	466	6	6
479	466	7	7
479	466	8	8
479	466	9	9
480	505	0	0
480	505	1	1
480	505	2	2
480	505	3	3
480	505	4	4
480	505	5	5
480	505	6	6
480	505	7	7
480	505	8	8
480	505	9	9
481	506	0	0
481	506	1	1
481	506	2	2
481	506	3	3
481	506	4	4
481	506	5	5
481	506	6	6
481	506	7	7
481	506	8	8
481	506	9	9
482	507	0	0
482	507	1	1
482	507	2	2
482	507	3	3
482	507	4	4
482	507	5	5
482	507	6	6
482	507	7	7
482	507	8	8
482	507	9	9
483	508	0	0
483	508	1	1
483	508	2	2
483	508	3	3
483	508	4	4
483	508	5	5
483	508	6	6
483	508	7	7
483	508	8	8
483	508	9	9
484	509	0	0
484	509	1	1
484	509	2	2
484	509	3	3
484	509	4	4
484	509	5	5
484	509	6	6
484	509	7	7
484	509	8	8
484	509	9	9
485	510	0	0
485	510	1	1
485	510	2	2
485	510	3	3
485	510	4	4
485	510	5	5
485	510	6	6
485	510	7	7
485	510	8	8
485	510	9	9
486	511	0	0
486	512	1	1
486	512	2	2
486	512	3	3
486	512	4	4
486	512	5	5
486	512	6	6
486	512	7	7
486	512	8	8
486	512	9	9
487	512	0	0
487	512	1	1
487	512	2	2
487	512	3	3
487	512	4	4
487	512	5	5
487	512	6	6
487	512	7	7
487	512	8	8
487	512	9	9
488	513	0	0
488	513	1	1
488	513	2	2
488	513	3	3
488	513	4	4
488	513	5	5
488	513	6	6
488	513	7	7
488	513	8	8
488	513	9	9
489	514	0	0
490	515	<epsilon>	<space>
490	490	<9>	<epsilon>
490	490	<10>	<epsilon>
490	490	<13>	<epsilon>
490	490	<space>	<epsilon>
491	516	<epsilon>	r
492	517	<epsilon>	r
493	518	<space>	x
493	519	*	x
493	519	x	x
493	520	<194>	x
493	521	<195>	x
494	519	<space>	x
494	522	1	x
495	519	<183>	x
496	519	<151>	x
497	523	0	x
498	524	<epsilon>	x
499	525	<epsilon>	<space>
500	499	<epsilon>	"
500	500	0	0
500	500	1	1
500	500	2	2
500	500	3	3
500	500	4	4
500	500	5	5
500	500	6	6
500	500	7	7
500	500	8	8
500	500	9	9
501	526	,	<epsilon>
501	463	.	<epsilon>
502	528	<space>	<epsilon>
502	527	0	0
502	527	1	1
502	527	2	2
502	527	3	3
502	527	4	4
502	527	5	5
502	527	6	6
502	527	7	7
502	527	8	8
502	527	9	9
503	527	0	0
503	527	1	1
503	527	2	2
503	527	3	3
503	527	4	4
503	527	5	5
503	527	6	6
503	527	7	7
503	527	8	8
503	527	9	9
504	487	0	0
504	487	1	1
504	487	2	2
504	487	3	3
504	487	4	4
504	487	5	5
504	487	6	6
504	487	7	7
504	487	8	8
504	487	9	9
505	499	<epsilon>	"
505	529	<space>	<epsilon>
506	530	0	0
506	530	1	1
506	530	2	2
506	530	3	3
506	530	4	4
506	530	5	5
506	530	6	6
506	530	7	7
506	530	8	8
506	530	9	9
507	531	0	0
507	531	1	1
507	531	2	2
507	531	3	3
507	531	4	4
507	531	5	5
507	531	6	6
507	531	7	7
507	531	8	8
507	531	9	9
508	532	0	0
508	532	1	1
508	532	2	2
508	532	3	3
508	532	4	4
508	532	5	5
508	532	6	6
508	532	7	7
508	532	8	8
508	532	9	9
509	533	0	0
509	533	1	1
509	533	2	2
509	533	3	3
509	533	4	4
509	533	5	5
509	533	6	6
509	533	7	7
509	533	8	8
509	533	9	9
510	534	<epsilon>	"
510	535	,	<epsilon>
511	536	0	0
511	537	1	1
511	537	2	2
511	537	3	3
511	537	4	4
511	537	5	5
511	537	6	6
511	537	7	7
511	537	8	8
511	537	9	9
512	537	0	0
512	537	1	1
512	537	2	2
512	537	3	3
512	537	4	4
512	537	5	5
512	537	6	6
512	537	7	7
512	537	8	8
512	537	9	9
513	538	<epsilon>	"
513	479	.	<epsilon>
514	539	0	0
515	540	<epsilon>	u
516	541	<epsilon>	a
517	542	<epsilon>	a
518	543	<space>	p
518	544	*	p
518	544	x	p
518	545	<194>	p
518	546	<195>	p
519	544	<space>	p
519	547	1	p
520	544	<183>	p
521	544	<151>	p
522	548	0	p
523	548	<space>	p
523	549	^	p
524	550	<epsilon>	p
525	468	<epsilon>	<space>
525	471	<space>	<space>
525	472	*	<space>
525	469	,	<epsilon>
525	469	.	<epsilon>
525	473	E	<space>
525	473	e	<space>
525	472	x	<space>
525	474	<194>	<space>
525	475	<195>	<space>
526	552	<space>	<epsilon>
526	551	0	0
526	551	1	1
526	551	2	2
526	551	3	3
526	551	4	4
526	551	5	5
526	551	6	6
526	551	7	7
526	551	8	8
526	551	9	9
527	553	0	0
527	553	1	1
527	553	2	2
527	553	3	3
527	553	4	4
527	553	5	5
527	553	6	6
527	553	7	7
527	553	8	8
527	553	9	9
528	554	0	0
529	461	0	0
529	461	1	1
529	461	2	2
529	461	3	3
529	461	4	4
529	461	5	5
529	461	6	6
529	461	7	7
529	461	8	8
529	461	9	9
530	534	<epsilon>	"
530	555	<space>	<epsilon>
531	556	0	0
531	556	1	1
531	556	2	2
531	556	3	3
531	556	4	4
531	556	5	5
531	556	6	6
531	556	7	7
531	556	8	8
531	556	9	9
532	538	<epsilon>	"
532	557	<space>	<epsilon>
533	558	0	0
533	558	1	1
533	558	2	2
533	558	3	3
533	558	4	4
533	558	5	5
533	558	6	6
533	558	7	7
533	558	8	8
533	558	9	9
534	559	<epsilon>	<space>
535	560	0	0
535	560	1	1
535	560	2	2
535	560	3	3
535	560	4	4
535	560	5	5
535	560	6	6
535	560	7	7
535	560	8	8
535	560	9	9
536	534	<epsilon>	"
536	561	,	<epsilon>
537	562	,	<epsilon>
538	563	<epsilon>	<space>
539	538	<epsilon>	"
539	564	.	<epsilon>
540	565	<epsilon>	n
541	566	<epsilon>	c
542	567	<epsilon>	c
543	568	<space>	o
543	569	*	o
543	569	x	o
543	570	<194>	o
543	571	<195>	o
544	569	<space>	o
544	572	1	o
545	569	<183>	o
546	569	<151>	o
547	573	0	o
548	573	<space>	o
548	574	^	o
549	575	<epsilon>	o
549	574	<space>	o
550	575	<epsilon>	o
551	576	0	0
551	576	1	1
551	576	2	2
551	576	3	3
551	576	4	4
551	576	5	5
551	576	6	6
551	576	7	7
551	576	8	8
551	576	9	9
552	577	0	0
552	577	1	1
552	577	2	2
552	577	3	3
552	577	4	4
552	577	5	5
552	577	6	6
552	577	7	7
552	577	8	8
552	577	9	9
553	578	0	0
553	578	1	1
553	578	2	2
553	578	3	3
553	578	4	4
553	578	5	5
553	578	6	6
553	578	7	7
553	578	8	8
553	578	9	9
554	579	0	0
555	580	,	<epsilon>
556	534	<epsilon>	"
556	581	<space>	<epsilon>
557	582	.	<epsilon>
558	538	<epsilon>	"
558	583	<space>	<epsilon>
559	469	.	<epsilon>
560	584	0	0
560	584	1	1
560	584	2	2
560	584	3	3
560	584	4	4
560	584	5	5
560	584	6	6
560	584	7	7
560	584	8	8
560	584	9	9
561	585	<space>	<epsilon>
562	586	<space>	<epsilon>
563	468	<epsilon>	<space>
563	471	<space>	<space>
563	472	*	<space>
563	469	,	<epsilon>
563	473	E	<space>
563	473	e	<space>
563	472	x	<space>
563	474	<194>	<space>
563	475	<195>	<space>
564	467	<space>	<epsilon>
565	587	<epsilon>	i
566	588	<epsilon>	t
567	589	<epsilon>	t
568	590	<space>	n
568	591	*	n
568	591	x	n
568	592	<194>	n
568	593	<195>	n
569	591	<space>	n
569	594	1	n
570	591	<183>	n
571	591	<151>	n
572	595	0	n
573	595	<space>	n
573	596	^	n
574	597	<epsilon>	n
574	596	<space>	n
575	597	<epsilon>	n
576	598	0	0
576	598	1	1
576	598	2	2
576	598	3	3
576	598	4	4
576	598	5	5
576	598	6	6
576	598	7	7
576	598	8	8
576	598	9	9
577	599	0	0
577	599	1	1
577	599	2	2
577	599	3	3
577	599	4	4
577	599	5	5
577	599	6	6
577	599	7	7
577	599	8	8
577	599	9	9
578	534	<epsilon>	"
578	503	,	<epsilon>
579	600	0	0
580	601	0	0
580	601	1	1
580	601	2	2
580	601	3	3
580	601	4	4
580	601	5	5
580	601	6	6
580	601	7	7
580	601	8	8
580	601	9	9
581	602	,	<epsilon>
582	483	0	0
582	483	1	1
582	483	2	2
582	483	3	3
582	483	4	4
582	483	5	5
582	483	6	6
582	483	7	7
582	483	8	8
582	483	9	9
583	603	.	<epsilon>
584	604	0	0
584	604	1	1
584	604	2	2
584	604	3	3
584	604	4	4
584	604	5	5
584	604	6	6
584	604	7	7
584	604	8	8
584	604	9	9
585	605	0	0
585	606	1	1
585	606	2	2
585	606	3	3
585	606	4	4
585	606	5	5
585	606	6	6
585	606	7	7
585	606	8	8
585	606	9	9
586	606	0	0
586	606	1	1
586	606	2	2
586	606	3	3
586	606	4	4
586	606	5	5
586	606	6	6
586	606	7	7
586	606	8	8
586	606	9	9
587	607	<epsilon>	t
588	608	<epsilon>	i
589	609	<epsilon>	i
590	610	<space>	e
590	611	*	e
590	611	x	e
590	612	<194>	e
590	613	<195>	e
591	611	<space>	e
591	614	1	e
592	611	<183>	e
593	611	<151>	e
594	615	0	e
595	615	<space>	e
595	616	^	e
596	617	<epsilon>	e
596	616	<space>	e
597	617	<epsilon>	e
598	534	<epsilon>	"
598	618	<space>	<epsilon>
599	619	0	0
599	619	1	1
599	619	2	2
599	619	3	3
599	619	4	4
599	619	5	5
599	619	6	6
599	619	7	7
599	619	8	8
599	619	9	9
600	534	<epsilon>	"
600	620	,	<epsilon>
601	621	0	0
601	621	1	1
601	621	2	2
601	621	3	3
601	621	4	4
601	621	5	5
601	621	6	6
601	621	7	7
601	621	8	8
601	621	9	9
602	622	<space>	<epsilon>
603	484	<space>	<epsilon>
604	623	<epsilon>	"
604	535	,	<epsilon>
605	624	0	0
605	625	1	1
605	625	2	2
605	625	3	3
605	625	4	4
605	625	5	5
605	625	6	6
605	625	7	7
605	625	8	8
605	625	9	9
606	625	0	0
606	625	1	1
606	625	2	2
606	625	3	3
606	625	4	4
606	625	5	5
606	625	6	6
606	625	7	7
606	625	8	8
606	625	9	9
607	626	<epsilon>	s
608	627	<epsilon>	o
609	628	<epsilon>	o
610	629	<space>	n
610	630	*	n
610	630	x	n
610	631	<194>	n
610	632	<195>	n
611	630	<space>	n
611	633	1	n
612	630	<183>	n
613	630	<151>	n
614	634	0	n
615	634	<space>	n
615	635	^	n
616	636	<epsilon>	n
616	635	<space>	n
617	636	<epsilon>	n
618	637	,	<epsilon>
619	534	<epsilon>	"
619	638	<space>	<epsilon>
620	528	<space>	<epsilon>
621	639	0	0
621	639	1	1
621	639	2	2
621	639	3	3
621	639	4	4
621	639	5	5
621	639	6	6
621	639	7	7
621	639	8	8
621	639	9	9
622	640	0	0
622	640	1	1
622	640	2	2
622	640	3	3
622	640	4	4
622	640	5	5
622	640	6	6
622	640	7	7
622	640	8	8
622	640	9	9
623	641	<epsilon>	<space>
624	642	0	0
624	643	1	1
624	643	2	2
624	643	3	3
624	643	4	4
624	643	5	5
624	643	6	6
624	643	7	7
624	643	8	8
624	643	9	9
625	643	0	0
625	643	1	1
625	643	2	2
625	643	3	3
625	643	4	4
625	643	5	5
625	643	6	6
625	643	7	7
625	643	8	8
625	643	9	9
626	644	<epsilon>	:
627	645	<epsilon>	n
628	646	<epsilon>	n
629	647	<space>	t
629	648	*	t
629	648	x	t
629	649	<194>	t
629	650	<195>	t
630	648	<space>	t
630	651	1	t
631	648	<183>	t
632	648	<151>	t
633	652	0	t
634	652	<space>	t
634	653	^	t
635	654	<epsilon>	t
635	653	<space>	t
636	654	<epsilon>	t
637	551	0	0
637	551	1	1
637	551	2	2
637	551	3	3
637	551	4	4
637	551	5	5
637	551	6	6
637	551	7	7
637	551	8	8
637	551	9	9
638	655	,	<epsilon>
639	623	<epsilon>	"
639	555	<space>	<epsilon>
640	656	0	0
640	656	1	1
640	656	2	2
640	656	3	3
640	656	4	4
640	656	5	5
640	656	6	6
640	656	7	7
640	656	8	8
640	656	9	9
641	468	<epsilon>	<space>
641	471	<space>	<space>
641	472	*	<space>
641	469	.	<epsilon>
641	473	E	<space>
641	473	e	<space>
641	472	x	<space>
641	474	<194>	<space>
641	475	<195>	<space>
642	623	<epsilon>	"
642	561	,	<epsilon>
643	657	<epsilon>	"
643	562	,	<epsilon>
644	658	<epsilon>	<space>
645	659	<epsilon>	a
646	660	<epsilon>	a
647	661	<space>	:
647	662	*	:
647	662	x	:
647	663	<194>	:
647	664	<195>	:
648	662	<space>	:
648	665	1	:
649	662	<183>	:
650	662	<151>	:
651	666	0	:
652	666	<space>	:
652	667	^	:
653	668	<epsilon>	:
653	667	<space>	:
654	668	<epsilon>	:
655	552	<space>	<epsilon>
656	669	0	0
656	669	1	1
656	669	2	2
656	669	3	3
656	669	4	4
656	669	5	5
656	669	6	6
656	669	7	7
656	669	8	8
656	669	9	9
657	670	<epsilon>	<space>
658	671	<epsilon>	"
659	672	<epsilon>	l
660	673	<epsilon>	l
661	674	<space>	<space>
661	675	*	<space>
661	675	x	<space>
661	676	<194>	<space>
661	677	<195>	<space>
662	675	<space>	<space>
662	678	1	<space>
663	675	<183>	<space>
664	675	<151>	<space>
665	679	0	<space>
666	679	<space>	<space>
666	680	^	<space>
667	681	<epsilon>	<space>
667	680	<space>	<space>
668	681	<epsilon>	<space>
669	623	<epsilon>	"
669	581	<space>	<epsilon>
670	468	<epsilon>	<space>
670	471	<space>	<space>
670	472	*	<space>
670	473	E	<space>
670	473	e	<space>
670	472	x	<space>
670	474	<194>	<space>
670	475	<195>	<space>
671	682	m	m
672	683	<epsilon>	_
673	684	<epsilon>	_
674	674	<space>	<epsilon>
674	675	*	<epsilon>
674	675	x	<epsilon>
674	676	<194>	<epsilon>
674	677	<195>	<epsilon>
675	675	<space>	<epsilon>
675	678	1	<epsilon>
676	675	<183>	<epsilon>
677	675	<151>	<epsilon>
678	679	0	<epsilon>
679	679	<space>	<epsilon>
679	680	^	<epsilon>
680	685	<epsilon>	"
680	680	<space>	<epsilon>
681	685	<epsilon>	"
682	686	<epsilon>	i
683	687	<epsilon>	p
684	688	<epsilon>	p
685	691	-	-
685	689	0	0
685	690	1	1
685	690	2	2
685	690	3	3
685	690	4	4
685	690	5	5
685	690	6	6
685	690	7	7
685	690	8	8
685	690	9	9
686	692	<epsilon>	n
687	693	<epsilon>	a
688	694	<epsilon>	a
689	695	<epsilon>	"
690	695	<epsilon>	"
690	698	<space>	<epsilon>
690	699	,	<epsilon>
690	700	.	<epsilon>
690	696	0	0
690	697	1	1
690	697	2	2
690	697	3	3
690	697	4	4
690	697	5	5
690	697	6	6
690	697	7	7
690	697	8	8
690	697	9	9
691	689	0	0
691	690	1	1
691	690	2	2
691	690	3	3
691	690	4	4
691	690	5	5
691	690	6	6
691	690	7	7
691	690	8	8
691	690	9	9
692	701	<epsilon>	u
693	702	<epsilon>	r
694	703	<epsilon>	r
695	468	<epsilon>	<space>
696	695	<epsilon>	"
696	698	<space>	<epsilon>
696	699	,	<epsilon>
696	700	.	<epsilon>
696	704	0	0
696	705	1	1
696	705	2	2
696	705	3	3
696	705	4	4
696	705	5	5
696	705	6	6
696	705	7	7
696	705	8	8
696	705	9	9
697	695	<epsilon>	"
697	698	<space>	<epsilon>
697	699	,	<epsilon>
697	700	.	<epsilon>
697	704	0	0
697	706	1	1
697	706	2	2
697	706	3	3
697	706	4	4
697	706	5	5
697	706	6	6
697	706	7	7
697	706	8	8
697	706	9	9
698	708	,	<epsilon>
698	709	.	<epsilon>
698	707	0	0
698	707	1	1
698	707	2	2
698	707	3	3
698	707	4	4
698	707	5	5
698	707	6	6
698	707	7	7
698	707	8	8
698	707	9	9
699	711	<space>	<epsilon>
699	710	0	0
699	710	1	1
699	710	2	2
699	710	3	3
699	710	4	4
699	710	5	5
699	710	6	6
699	710	7	7
699	710	8	8
699	710	9	9
700	713	<space>	<epsilon>
700	712	0	0
700	712	1	1
700	712	2	2
700	712	3	3
700	712	4	4
700	712	5	5
700	712	6	6
700	712	7	7
700	712	8	8
700	712	9	9
701	714	<epsilon>	t
702	715	<epsilon>	t
703	716	<epsilon>	t
704	695	<epsilon>	"
704	698	<space>	<epsilon>
704	699	,	<epsilon>
704	700	.	<epsilon>
704	717	0	0
704	718	1	1
704	718	2	2
704	718	3	3
704	718	4	4
704	718	5	5
704	718	6	6
704	718	7	7
704	718	8	8
704	718	9	9
705	695	<epsilon>	"
705	698	<space>	<epsilon>
705	699	,	<epsilon>
705	719	.	<epsilon>
705	718	0	0
705	718	1	1
705	718	2	2
705	718	3	3
705	718	4	4
705	718	5	5
705	718	6	6
705	718	7	7
705	718	8	8
705	718	9	9
706	695	<epsilon>	"
706	698	<space>	<epsilon>
706	699	,	<epsilon>
706	700	.	<epsilon>
706	717	0	0
706	717	1	1
706	717	2	2
706	717	3	3
706	717	4	4
706	717	5	5
706	717	6	6
706	717	7	7
706	717	8	8
706	717	9	9
707	720	0	0
707	720	1	1
707	720	2	2
707	720	3	3
707	720	4	4
707	720	5	5
707	720	6	6
707	720	7	7
707	720	8	8
707	720	9	9
708	722	<space>	<epsilon>
708	721	0	0
708	721	1	1
708	721	2	2
708	721	3	3
708	721	4	4
708	721	5	5
708	721	6	6
708	721	7	7
708	721	8	8
708	721	9	9
709	724	<space>	<epsilon>
709	723	0	0
709	723	1	1
709	723	2	2
709	723	3	3
709	723	4	4
709	723	5	5
709	723	6	6
709	723	7	7
709	723	8	8
709	723	9	9
710	725	0	0
710	725	1	1
710	725	2	2
710	725	3	3
710	725	4	4
710	725	5	5
710	725	6	6
710	725	7	7
710	725	8	8
710	725	9	9
711	726	0	0
711	726	1	1
711	726	2	2
711	726	3	3
711	726	4	4
711	726	5	5
711	726	6	6
711	726	7	7
711	726	8	8
711	726	9	9
712	727	0	0
712	727	1	1
712	727	2	2
712	727	3	3
712	727	4	4
712	727	5	5
712	727	6	6
712	727	7	7
712	727	8	8
712	727	9	9
713	728	0	0
714	729	<epsilon>	e
715	730	<epsilon>	:
716	731	<epsilon>	:
717	695	<epsilon>	"
717	733	<space>	<epsilon>
717	700	.	<epsilon>
717	732	0	0
717	732	1	1
717	732	2	2
717	732	3	3
717	732	4	4
717	732	5	5
717	732	6	6
717	732	7	7
717	732	8	8
717	732	9	9
718	695	<epsilon>	"
718	733	<space>	<epsilon>
718	719	.	<epsilon>
718	732	0	0
718	732	1	1
718	732	2	2
718	732	3	3
718	732	4	4
718	732	5	5
718	732	6	6
718	732	7	7
718	732	8	8
718	732	9	9
719	712	0	0
719	712	1	1
719	712	2	2
719	712	3	3
719	712	4	4
719	712	5	5
719	712	6	6
719	712	7	7
719	712	8	8
719	712	9	9
720	734	0	0
720	734	1	1
720	734	2	2
720	734	3	3
720	734	4	4
720	734	5	5
720	734	6	6
720	734	7	7
720	734	8	8
720	734	9	9
721	735	0	0
721	735	1	1
721	735	2	2
721	735	3	3
721	735	4	4
721	735	5	5
721	735	6	6
721	735	7	7
721	735	8	8
721	735	9	9
722	736	0	0
722	736	1	1
722	736	2	2
722	736	3	3
722	736	4	4
722	736	5	5
722	736	6	6
722	736	7	7
722	736	8	8
722	736	9	9
723	737	0	0
723	737	1	1
723	737	2	2
723	737	3	3
723	737	4	4
723	737	5	5
723	737	6	6
723	737	7	7
723	737	8	8
723	737	9	9
724	738	0	0
724	738	1	1
724	738	2	2
724	738	3	3
724	738	4	4
724	738	5	5
724	738	6	6
724	738	7	7
724	738	8	8
724	738	9	9
725	739	0	0
725	739	1	1
725	739	2	2
725	739	3	3
725	739	4	4
725	739	5	5
725	739	6	6
725	739	7	7
725	739	8	8
725	739	9	9
726	740	0	0
726	740	1	1
726	740	2	2
726	740	3	3
726	740	4	4
726	740	5	5
726	740	6	6
726	740	7	7
726	740	8	8
726	740	9	9
727	741	0	0
727	741	1	1
727	741	2	2
727	741	3	3
727	741	4	4
727	741	5	5
727	741	6	6
727	741	7	7
727	741	8	8
727	741	9	9
728	742	0	0
729	743	<epsilon>	"
730	744	<epsilon>	<space>
731	745	<epsilon>	<space>
732	695	<epsilon>	"
732	732	0	0
732	732	1	1
732	732	2	2
732	732	3	3
732	732	4	4
732	732	5	5
732	732	6	6
732	732	7	7
732	732	8	8
732	732	9	9
733	709	.	<epsilon>
734	695	<epsilon>	"
734	746	<space>	<epsilon>
735	747	0	0
735	747	1	1
735	747	2	2
735	747	3	3
735	747	4	4
735	747	5	5
735	747	6	6
735	747	7	7
735	747	8	8
735	747	9	9
736	748	0	0
736	748	1	1
736	748	2	2
736	748	3	3
736	748	4	4
736	748	5	5
736	748	6	6
736	748	7	7
736	748	8	8
736	748	9	9
737	749	0	0
737	749	1	1
737	749	2	2
737	749	3	3
737	749	4	4
737	749	5	5
737	749	6	6
737	749	7	7
737	749	8	8
737	749	9	9
738	750	0	0
738	750	1	1
738	750	2	2
738	750	3	3
738	750	4	4
738	750	5	5
738	750	6	6
738	750	7	7
738	750	8	8
738	750	9	9
739	751	,	<epsilon>
740	752	0	0
740	752	1	1
740	752	2	2
740	752	3	3
740	752	4	4
740	752	5	5
740	752	6	6
740	752	7	7
740	752	8	8
740	752	9	9
741	695	<epsilon>	"
741	719	.	<epsilon>
742	753	0	0
743	754	<epsilon>	<space>
744	755	<epsilon>	"
745	756	<epsilon>	"
746	707	0	0
746	707	1	1
746	707	2	2
746	707	3	3
746	707	4	4
746	707	5	5
746	707	6	6
746	707	7	7
746	707	8	8
746	707	9	9
747	757	<space>	<epsilon>
748	758	0	0
748	758	1	1
748	758	2	2
748	758	3	3
748	758	4	4
748	758	5	5
748	758	6	6
748	758	7	7
748	758	8	8
748	758	9	9
749	695	<epsilon>	"
749	759	<space>	<epsilon>
750	760	0	0
750	760	1	1
750	760	2	2
750	760	3	3
750	760	4	4
750	760	5	5
750	760	6	6
750	760	7	7
750	760	8	8
750	760	9	9
751	761	0	0
751	761	1	1
751	761	2	2
751	761	3	3
751	761	4	4
751	761	5	5
751	761	6	6
751	761	7	7
751	761	8	8
751	761	9	9
752	762	,	<epsilon>
753	695	<epsilon>	"
753	763	.	<epsilon>
754	764	<epsilon>	}
755	765	0	0
755	765	1	1
755	765	2	2
755	765	3	3
755	765	4	4
755	765	5	5
755	765	6	6
755	765	7	7
755	765	8	8
755	765	9	9
756	766	0	0
756	766	1	1
756	766	2	2
756	766	3	3
756	766	4	4
756	766	5	5
756	766	6	6
756	766	7	7
756	766	8	8
756	766	9	9
757	767	,	<epsilon>
758	768	<space>	<epsilon>
759	769	.	<epsilon>
760	695	<epsilon>	"
760	770	<space>	<epsilon>
761	771	0	0
761	771	1	1
761	771	2	2
761	771	3	3
761	771	4	4
761	771	5	5
761	771	6	6
761	771	7	7
761	771	8	8
761	771	9	9
762	772	<space>	<epsilon>
763	713	<space>	<epsilon>
764	773	<epsilon>	<space>
764
765	670	<epsilon>	"
765	765	0	0
765	765	1	1
765	765	2	2
765	765	3	3
765	765	4	4
765	765	5	5
765	765	6	6
765	765	7	7
765	765	8	8
765	765	9	9
766	670	<epsilon>	"
766	774	0	0
766	774	1	1
766	774	2	2
766	774	3	3
766	774	4	4
766	774	5	5
766	774	6	6
766	774	7	7
766	774	8	8
766	774	9	9
767	775	0	0
767	775	1	1
767	775	2	2
767	775	3	3
767	775	4	4
767	775	5	5
767	775	6	6
767	775	7	7
767	775	8	8
767	775	9	9
768	776	,	<epsilon>
769	723	0	0
769	723	1	1
769	723	2	2
769	723	3	3
769	723	4	4
769	723	5	5
769	723	6	6
769	723	7	7
769	723	8	8
769	723	9	9
770	777	.	<epsilon>
771	778	0	0
771	778	1	1
771	778	2	2
771	778	3	3
771	778	4	4
771	778	5	5
771	778	6	6
771	778	7	7
771	778	8	8
771	778	9	9
772	779	0	0
772	779	1	1
772	779	2	2
772	779	3	3
772	779	4	4
772	779	5	5
772	779	6	6
772	779	7	7
772	779	8	8
772	779	9	9
773	780	<epsilon>	}
774	670	<epsilon>	"
774	755	0	0
774	755	1	1
774	755	2	2
774	755	3	3
774	755	4	4
774	755	5	5
774	755	6	6
774	755	7	7
774	755	8	8
774	755	9	9
775	781	0	0
775	781	1	1
775	781	2	2
775	781	3	3
775	781	4	4
775	781	5	5
775	781	6	6
775	781	7	7
775	781	8	8
775	781	9	9
776	782	<space>	<epsilon>
777	724	<space>	<epsilon>
778	695	<epsilon>	"
778	751	,	<epsilon>
779	783	0	0
779	783	1	1
779	783	2	2
779	783	3	3
779	783	4	4
779	783	5	5
779	783	6	6
779	783	7	7
779	783	8	8
779	783	9	9
780	784	<epsilon>	<space>
781	785	0	0
781	785	1	1
781	785	2	2
781	785	3	3
781	785	4	4
781	785	5	5
781	785	6	6
781	785	7	7
781	785	8	8
781	785	9	9
782	786	0	0
782	786	1	1
782	786	2	2
782	786	3	3
782	786	4	4
782	786	5	5
782	786	6	6
782	786	7	7
782	786	8	8
782	786	9	9
783	787	0	0
783	787	1	1
783	787	2	2
783	787	3	3
783	787	4	4
783	787	5	5
783	787	6	6
783	787	7	7
783	787	8	8
783	787	9	9
784	788	<epsilon>	t
785	695	<epsilon>	"
785	757	<space>	<epsilon>
786	789	0	0
786	789	1	1
786	789	2	2
786	789	3	3
786	789	4	4
786	789	5	5
786	789	6	6
786	789	7	7
786	789	8	8
786	789	9	9
787	695	<epsilon>	"
787	762	,	<epsilon>
788	790	<epsilon>	o
789	791	0	0
789	791	1	1
789	791	2	2
789	791	3	3
789	791	4	4
789	791	5	5
789	791	6	6
789	791	7	7
789	791	8	8
789	791	9	9
790	792	<epsilon>	k
791	695	<epsilon>	"
791	768	<space>	<epsilon>
792	793	<epsilon>	e
793	794	<epsilon>	n
794	795	<epsilon>	s
795	796	<epsilon>	<space>
796	797	<epsilon>	{
797	799	<epsilon>	<space>
798	800	<epsilon>	e
799	798	<epsilon>	m
799	799	<space>	<epsilon>
800	801	<epsilon>	a
801	802	<epsilon>	s
802	803	<epsilon>	u
803	804	<epsilon>	r
804	805	<epsilon>	e
805	806	<epsilon>	<space>
806	807	<epsilon>	{
807	808	<epsilon>	<space>
808	809	<epsilon>	d
809	810	<epsilon>	e
810	811	<epsilon>	c
811	812	<epsilon>	i
812	813	<epsilon>	m
813	814	<epsilon>	a
814	815	<epsilon>	l
815	816	<epsilon>	<space>
816	817	<epsilon>	{
817	818	<epsilon>	<space>
818	819	<epsilon>	i
818	820	-	n
819	821	<epsilon>	n
820	822	<epsilon>	e
821	823	<epsilon>	t
822	824	<epsilon>	g
823	825	<epsilon>	e
824	826	<epsilon>	a
825	827	<epsilon>	g
826	828	<epsilon>	t
827	829	<epsilon>	e
828	830	<epsilon>	i
829	831	<epsilon>	r
830	832	<epsilon>	v
831	833	<epsilon>	_
832	834	<epsilon>	e
833	835	<epsilon>	p
834	836	<epsilon>	:
835	837	<epsilon>	a
836	838	<epsilon>	<space>
837	839	<epsilon>	r
838	840	<epsilon>	t
839	841	<epsilon>	t
840	842	<epsilon>	r
841	843	<epsilon>	:
842	844	<epsilon>	u
843	845	<epsilon>	<space>
844	846	<epsilon>	e
845	847	<epsilon>	"
846	848	<epsilon>	<space>
847	849	0	0
847	850	1	1
847	850	2	2
847	850	3	3
847	850	4	4
847	850	5	5
847	850	6	6
847	850	7	7
847	850	8	8
847	850	9	9
848	819	<epsilon>	i
849	851	<epsilon>	"
850	851	<epsilon>	"
850	854	<space>	<epsilon>
850	855	,	<epsilon>
850	856	.	<epsilon>
850	852	0	0
850	853	1	1
850	853	2	2
850	853	3	3
850	853	4	4
850	853	5	5
850	853	6	6
850	853	7	7
850	853	8	8
850	853	9	9
851	857	<epsilon>	<space>
852	851	<epsilon>	"
852	854	<space>	<epsilon>
852	855	,	<epsilon>
852	856	.	<epsilon>
852	858	0	0
852	859	1	1
852	859	2	2
852	859	3	3
852	859	4	4
852	859	5	5
852	859	6	6
852	859	7	7
852	859	8	8
852	859	9	9
853	851	<epsilon>	"
853	854	<space>	<epsilon>
853	855	,	<epsilon>
853	856	.	<epsilon>
853	858	0	0
853	860	1	1
853	860	2	2
853	860	3	3
853	860	4	4
853	860	5	5
853	860	6	6
853	860	7	7
853	860	8	8
853	860	9	9
854	862	,	<epsilon>
854	863	.	<epsilon>
854	861	0	0
854	861	1	1
854	861	2	2
854	861	3	3
854	861	4	4
854	861	5	5
854	861	6	6
854	861	7	7
854	861	8	8
854	861	9	9
855	865	<space>	<epsilon>
855	864	0	0
855	864	1	1
855	864	2	2
855	864	3	3
855	864	4	4
855	864	5	5
855	864	6	6
855	864	7	7
855	864	8	8
855	864	9	9
856	867	<space>	<epsilon>
856	866	0	0
856	866	1	1
856	866	2	2
856	866	3	3
856	866	4	4
856	866	5	5
856	866	6	6
856	866	7	7
856	866	8	8
856	866	9	9
857	868	<epsilon>	<space>
857	871	<space>	<space>
857	872	*	<space>
857	869	,	<epsilon>
857	870	.	<epsilon>
857	873	E	<space>
857	873	e	<space>
857	872	x	<space>
857	874	<194>	<space>
857	875	<195>	<space>
858	851	<epsilon>	"
858	854	<space>	<epsilon>
858	855	,	<epsilon>
858	856	.	<epsilon>
858	876	0	0
858	877	1	1
858	877	2	2
858	877	3	3
858	877	4	4
858	877	5	5
858	877	6	6
858	877	7	7
858	877	8	8
858	877	9	9
859	851	<epsilon>	"
859	854	<space>	<epsilon>
859	878	,	<epsilon>
859	879	.	<epsilon>
859	877	0	0
859	877	1	1
859	877	2	2
859	877	3	3
859	877	4	4
859	877	5	5
859	877	6	6
859	877	7	7
859	877	8	8
859	877	9	9
860	851	<epsilon>	"
860	854	<space>	<epsilon>
860	855	,	<epsilon>
860	856	.	<epsilon>
860	876	0	0
860	876	1	1
860	876	2	2
860	876	3	3
860	876	4	4
860	876	5	5
860	876	6	6
860	876	7	7
860	876	8	8
860	876	9	9
861	880	0	0
861	880	1	1
861	880	2	2
861	880	3	3
861	880	4	4
861	880	5	5
861	880	6	6
861	880	7	7
861	880	8	8
861	880	9	9
862	882	<space>	<epsilon>
862	881	0	0
862	881	1	1
862	881	2	2
862	881	3	3
862	881	4	4
862	881	5	5
862	881	6	6
862	881	7	7
862	881	8	8
862	881	9	9
863	884	<space>	<epsilon>
863	883	0	0
863	883	1	1
863	883	2	2
863	883	3	3
863	883	4	4
863	883	5	5
863	883	6	6
863	883	7	7
863	883	8	8
863	883	9	9
864	885	0	0
864	885	1	1
864	885	2	2
864	885	3	3
864	885	4	4
864	885	5	5
864	885	6	6
864	885	7	7
864	885	8	8
864	885	9	9
865	886	0	0
865	887	1	1
865	887	2	2
865	887	3	3
865	887	4	4
865	887	5	5
865	887	6	6
865	887	7	7
865	887	8	8
865	887	9	9
866	888	0	0
866	888	1	1
866	888	2	2
866	888	3	3
866	888	4	4
866	888	5	5
866	888	6	6
866	888	7	7
866	888	8	8
866	888	9	9
867	889	0	0
868	890	<epsilon>	}
869	891	<epsilon>	f
870	892	<epsilon>	f
871	893	<space>	e
871	894	*	e
871	894	x	e
871	895	<194>	e
871	896	<195>	e
872	894	<space>	e
872	897	1	e
873	898	<epsilon>	e
874	894	<183>	e
875	894	<151>	e
876	899	<epsilon>	"
876	901	<space>	<epsilon>
876	902	,	<epsilon>
876	856	.	<epsilon>
876	900	0	0
876	900	1	1
876	900	2	2
876	900	3	3
876	900	4	4
876	900	5	5
876	900	6	6
876	900	7	7
876	900	8	8
876	900	9	9
877	899	<epsilon>	"
877	901	<space>	<epsilon>
877	903	,	<epsilon>
877	879	.	<epsilon>
877	900	0	0
877	900	1	1
877	900	2	2
877	900	3	3
877	900	4	4
877	900	5	5
877	900	6	6
877	900	7	7
877	900	8	8
877	900	9	9
878	904	<space>	<epsilon>
878	864	0	0
878	864	1	1
878	864	2	2
878	864	3	3
878	864	4	4
878	864	5	5
878	864	6	6
878	864	7	7
878	864	8	8
878	864	9	9
879	866	0	0
879	866	1	1
879	866	2	2
879	866	3	3
879	866	4	4
879	866	5	5
879	866	6	6
879	866	7	7
879	866	8	8
879	866	9	9
880	905	0	0
880	905	1	1
880	905	2	2
880	905	3	3
880	905	4	4
880	905	5	5
880	905	6	6
880	905	7	7
880	905	8	8
880	905	9	9
881	906	0	0
881	906	1	1
881	906	2	2
881	906	3	3
881	906	4	4
881	906	5	5
881	906	6	6
881	906	7	7
881	906	8	8
881	906	9	9
882	907	0	0
882	907	1	1
882	907	2	2
882	907	3	3
882	907	4	4
882	907	5	5
882	907	6	6
882	907	7	7
882	907	8	8
882	907	9	9
883	908	0	0
883	908	1	1
883	908	2	2
883	908	3	3
883	908	4	4
883	908	5	5
883	908	6	6
883	908	7	7
883	908	8	8
883	908	9	9
884	909	0	0
884	909	1	1
884	909	2	2
884	909	3	3
884	909	4	4
884	909	5	5
884	909	6	6
884	909	7	7
884	909	8	8
884	909	9	9
885	910	0	0
885	910	1	1
885	910	2	2
885	910	3	3
885	910	4	4
885	910	5	5
885	910	6	6
885	910	7	7
885	910	8	8
885	910	9	9
886	911	0	0
886	912	1	1
886	912	2	2
886	912	3	3
886	912	4	4
886	912	5	5
886	912	6	6
886	912	7	7
886	912	8	8
886	912	9	9
887	912	0	0
887	912	1	1
887	912	2	2
887	912	3	3
887	912	4	4
887	912	5	5
887	912	6	6
887	912	7	7
887	912	8	8
887	912	9	9
888	913	0	0
888	913	1	1
888	913	2	2
888	913	3	3
888	913	4	4
888	913	5	5
888	913	6	6
888	913	7	7
888	913	8	8
888	913	9	9
889	914	0	0
890	915	<epsilon>	<space>
890	890	<9>	<epsilon>
890	890	<10>	<epsilon>
890	890	<13>	<epsilon>
890	890	<space>	<epsilon>
891	916	<epsilon>	r
892	917	<epsilon>	r
893	918	<space>	x
893	919	*	x
893	919	x	x
893	920	<194>	x
893	921	<195>	x
894	919	<space>	x
894	922	1	x
895	919	<183>	x
896	919	<151>	x
897	923	0	x
898	924	<epsilon>	x
899	925	<epsilon>	<space>
900	899	<epsilon>	"
900	900	0	0
900	900	1	1
900	900	2	2
900	900	3	3
900	900	4	4
900	900	5	5
900	900	6	6
900	900	7	7
900	900	8	8
900	900	9	9
901	926	,	<epsilon>
901	863	.	<epsilon>
902	928	<space>	<epsilon>
902	927	0	0
902	927	1	1
902	927	2	2
902	927	3	3
902	927	4	4
902	927	5	5
902	927	6	6
902	927	7	7
902	927	8	8
902	927	9	9
903	927	0	0
903	927	1	1
903	927	2	2
903	927	3	3
903	927	4	4
903	927	5	5
903	927	6	6
903	927	7	7
903	927	8	8
903	927	9	9
904	887	0	0
904	887	1	1
904	887	2	2
904	887	3	3
904	887	4	4
904	887	5	5
904	887	6	6
904	887	7	7
904	887	8	8
904	887	9	9
905	899	<epsilon>	"
905	929	<space>	<epsilon>
906	930	0	0
906	930	1	1
906	930	2	2
906	930	3	3
906	930	4	4
906	930	5	5
906	930	6	6
906	930	7	7
906	930	8	8
906	930	9	9
907	931	0	0
907	931	1	1
907	931	2	2
907	931	3	3
907	931	4	4
907	931	5	5
907	931	6	6
907	931	7	7
907	931	8	8
907	931	9	9
908	932	0	0
908	932	1	1
908	932	2	2
908	932	3	3
908	932	4	4
908	932	5	5
908	932	6	6
908	932	7	7
908	932	8	8
908	932	9	9
909	933	0	0
909	933	1	1
909	933	2	2
909	933	3	3
909	933	4	4
909	933	5	5
909	933	6	6
909	933	7	7
909	933	8	8
909	933	9	9
910	934	<epsilon>	"
910	935	,	<epsilon>
911	936	0	0
911	937	1	1
911	937	2	2
911	937	3	3
911	937	4	4
911	937	5	5
911	937	6	6
911	937	7	7
911	937	8	8
911	937	9	9
912	937	0	0
912	937	1	1
912	937	2	2
912	937	3	3
912	937	4	4
912	937	5	5
912	937	6	6
912	937	7	7
912	937	8	8
912	937	9	9
913	938	<epsilon>	"
913	879	.	<epsilon>
914	939	0	0
915	940	<epsilon>	u
916	941	<epsilon>	a
917	942	<epsilon>	a
918	943	<space>	p
918	944	*	p
918	944	x	p
918	945	<194>	p
918	946	<195>	p
919	944	<space>	p
919	947	1	p
920	944	<183>	p
921	944	<151>	p
922	948	0	p
923	948	<space>	p
923	949	^	p
924	950	<epsilon>	p
925	868	<epsilon>	<space>
925	871	<space>	<space>
925	872	*	<space>
925	869	,	<epsilon>
925	869	.	<epsilon>
925	873	E	<space>
925	873	e	<space>
925	872	x	<space>
925	874	<194>	<space>
925	875	<195>	<space>
926	952	<space>	<epsilon>
926	951	0	0
926	951	1	1
926	951	2	2
926	951	3	3
926	951	4	4
926	951	5	5
926	951	6	6
926	951	7	7
926	951	8	8
926	951	9	9
927	953	0	0
927	953	1	1
927	953	2	2
927	953	3	3
927	953	4	4
927	953	5	5
927	953	6	6
927	953	7	7
927	953	8	8
927	953	9	9
928	954	0	0
929	861	0	0
929	861	1	1
929	861	2	2
929	861	3	3
929	861	4	4
929	861	5	5
929	861	6	6
929	861	7	7
929	861	8	8
929	861	9	9
930	934	<epsilon>	"
930	955	<space>	<epsilon>
931	956	0	0
931	956	1	1
931	956	2	2
931	956	3	3
931	956	4	4
931	956	5	5
931	956	6	6
931	956	7	7
931	956	8	8
931	956	9	9
932	938	<epsilon>	"
932	957	<space>	<epsilon>
933	958	0	0
933	958	1	1
933	958	2	2
933	958	3	3
933	958	4	4
933	958	5	5
933	958	6	6
933	958	7	7
933	958	8	8
933	958	9	9
934	959	<epsilon>	<space>
935	960	0	0
935	960	1	1
935	960	2	2
935	960	3	3
935	960	4	4
935	960	5	5
935	960	6	6
935	960	7	7
935	960	8	8
935	960	9	9
936	934	<epsilon>	"
936	961	,	<epsilon>
937	962	,	<epsilon>
938	963	<epsilon>	<space>
939	938	<epsilon>	"
939	964	.	<epsilon>
940	965	<epsilon>	n
941	966	<epsilon>	c
942	967	<epsilon>	c
943	968	<space>	o
943	969	*	o
943	969	x	o
943	970	<194>	o
943	971	<195>	o
944	969	<space>	o
944	972	1	o
945	969	<183>	o
946	969	<151>	o
947	973	0	o
948	973	<space>	o
948	974	^	o
949	975	<epsilon>	o
949	974	<space>	o
950	975	<epsilon>	o
951	976	0	0
951	976	1	1
951	976	2	2
951	976	3	3
951	976	4	4
951	976	5	5
951	976	6	6
951	976	7	7
951	976	8	8
951	976	9	9
952	977	0	0
952	977	1	1
952	977	2	2
952	977	3	3
952	977	4	4
952	977	5	5
952	977	6	6
952	977	7	7
952	977	8	8
952	977	9	9
953	978	0	0
953	978	1	1
953	978	2	2
953	978	3	3
953	978	4	4
953	978	5	5
953	978	6	6
953	978	7	7
953	978	8	8
953	978	9	9
954	979	0	0
955	980	,	<epsilon>
956	934	<epsilon>	"
956	981	<space>	<epsilon>
957	982	.	<epsilon>
958	938	<epsilon>	"
958	983	<space>	<epsilon>
959	869	.	<epsilon>
960	984	0	0
960	984	1	1
960	984	2	2
960	984	3	3
960	984	4	4
960	984	5	5
960	984	6	6
960	984	7	7
960	984	8	8
960	984	9	9
961	985	<space>	<epsilon>
962	986	<space>	<epsilon>
963	868	<epsilon>	<space>
963	871	<space>	<space>
963	872	*	<space>
963	869	,	<epsilon>
963	873	E	<space>
963	873	e	<space>
963	872	x	<space>
963	874	<194>	<space>
963	875	<195>	<space>
964	867	<space>	<epsilon>
965	987	<epsilon>	i
966	988	<epsilon>	t
967	989	<epsilon>	t
968	990	<space>	n
968	991	*	n
968	991	x	n
968	992	<194>	n
968	993	<195>	n
969	991	<space>	n
969	994	1	n
970	991	<183>	n
971	991	<151>	n
972	995	0	n
973	995	<space>	n
973	996	^	n
974	997	<epsilon>	n
974	996	<space>	n
975	997	<epsilon>	n
976	998	0	0
976	998	1	1
976	998	2	2
976	998	3	3
976	998	4	4
976	998	5	5
976	998	6	6
976	998	7	7
976	998	8	8
976	998	9	9
977	999	0	0
977	999	1	1
977	999	2	2
977	999	3	3
977	999	4	4
977	999	5	5
977	999	6	6
977	999	7	7
977	999	8	8
977	999	9	9
978	934	<epsilon>	"
978	903	,	<epsilon>
979	1000	0	0
980	1001	0	0
980	1001	1	1
980	1001	2	2
980	1001	3	3
980	1001	4	4
980	1001	5	5
980	1001	6	6
980	1001	7	7
980	1001	8	8
980	1001	9	9
981	1002	,	<epsilon>
982	883	0	0
982	883	1	1
982	883	2	2
982	883	3	3
982	883	4	4
982	883	5	5
982	883	6	6
982	883	7	7
982	883	8	8
982	883	9	9
983	1003	.	<epsilon>
984	1004	0	0
984	1004	1	1
984	1004	2	2
984	1004	3	3
984	1004	4	4
984	1004	5	5
984	1004	6	6
984	1004	7	7
984	1004	8	8
984	1004	9	9
985	1005	0	0
985	1006	1	1
985	1006	2	2
985	1006	3	3
985	1006	4	4
985	1006	5	5
985	1006	6	6
985	1006	7	7
985	1006	8	8
985	1006	9	9
986	1006	0	0
986	1006	1	1
986	1006	2	2
986	1006	3	3
986	1006	4	4
986	1006	5	5
986	1006	6	6
986	1006	7	7
986	1006	8	8
986	1006	9	9
987	1007	<epsilon>	t
988	1008	<epsilon>	i
989	1009	<epsilon>	i
990	1010	<space>	e
990	1011	*	e
990	1011	x	e
990	1012	<194>	e
990	1013	<195>	e
991	1011	<space>	e
991	1014	1	e
992	1011	<183>	e
993	1011	<151>	e
994	1015	0	e
995	1015	<space>	e
995	1016	^	e
996	1017	<epsilon>	e
996	1016	<space>	e
997	1017	<epsilon>	e
998	934	<epsilon>	"
998	1018	<space>	<epsilon>
999	1019	0	0
999	1019	1	1
999	1019	2	2
999	1019	3	3
999	1019	4	4
999	1019	5	5
999	1019	6	6
999	1019	7	7
999	1019	8	8
999	1019	9	9
1000	934	<epsilon>	"
1000	1020	,	<epsilon>
1001	1021	0	0
1001	1021	1	1
1001	1021	2	2
1001	1021	3	3
1001	1021	4	4
1001	1021	5	5
1001	1021	6	6
1001	1021	7	7
1001	1021	8	8
1001	1021	9	9
1002	1022	<space>	<epsilon>
1003	884	<space>	<epsilon>
1004	1023	<epsilon>	"
1004	935	,	<epsilon>
1005	1024	0	0
1005	1025	1	1
1005	1025	2	2
1005	1025	3	3
1005	1025	4	4
1005	1025	5	5
1005	1025	6	6
1005	1025	7	7
1005	1025	8	8
1005	1025	9	9
1006	1025	0	0
1006	1025	1	1
1006	1025	2	2
1006	1025	3	3
1006	1025	4	4
1006	1025	5	5
1006	1025	6	6
1006	1025	7	7
1006	1025	8	8
1006	1025	9	9
1007	1026	<epsilon>	s
1008	1027	<epsilon>	o
1009	1028	<epsilon>	o
1010	1029	<space>	n
1010	1030	*	n
1010	1030	x	n
1010	1031	<194>	n
1010	1032	<195>	n
1011	1030	<space>	n
1011	1033	1	n
1012	1030	<183>	n
1013	1030	<151>	n
1014	1034	0	n
1015	1034	<space>	n
1015	1035	^	n
1016	1036	<epsilon>	n
1016	1035	<space>	n
1017	1036	<epsilon>	n
1018	1037	,	<epsilon>
1019	934	<epsilon>	"
1019	1038	<space>	<epsilon>
1020	928	<space>	<epsilon>
1021	1039	0	0
1021	1039	1	1
1021	1039	2	2
1021	1039	3	3
1021	1039	4	4
1021	1039	5	5
1021	1039	6	6
1021	1039	7	7
1021	1039	8	8
1021	1039	9	9
1022	1040	0	0
1022	1040	1	1
1022	1040	2	2
1022	1040	3	3
1022	1040	4	4
1022	1040	5	5
1022	1040	6	6
1022	1040	7	7
1022	1040	8	8
1022	1040	9	9
1023	1041	<epsilon>	<space>
1024	1042	0	0
1024	1043	1	1
1024	1043	2	2
1024	1043	3	3
1024	1043	4	4
1024	1043	5	5
1024	1043	6	6
1024	1043	7	7
1024	1043	8	8
1024	1043	9	9
1025	1043	0	0
1025	1043	1	1
1025	1043	2	2
1025	1043	3	3
1025	1043	4	4
1025	1043	5	5
1025	1043	6	6
1025	1043	7	7
1025	1043	8	8
1025	1043	9	9
1026	1044	<epsilon>	:
1027	1045	<epsilon>	n
1028	1046	<epsilon>	n
1029	1047	<space>	t
1029	1048	*	t
1029	1048	x	t
1029	1049	<194>	t
1029	1050	<195>	t
1030	1048	<space>	t
1030	1051	1	t
1031	1048	<183>	t
1032	1048	<151>	t
1033	1052	0	t
1034	1052	<space>	t
1034	1053	^	t
1035	1054	<epsilon>	t
1035	1053	<space>	t
1036	1054	<epsilon>	t
1037	951	0	0
1037	951	1	1
1037	951	2	2
1037	951	3	3
1037	951	4	4
1037	951	5	5
1037	951	6	6
1037	951	7	7
1037	951	8	8
1037	951	9	9
1038	1055	,	<epsilon>
1039	1023	<epsilon>	"
1039	955	<space>	<epsilon>
1040	1056	0	0
1040	1056	1	1
1040	1056	2	2
1040	1056	3	3
1040	1056	4	4
1040	1056	5	5
1040	1056	6	6
1040	1056	7	7
1040	1056	8	8
1040	1056	9	9
1041	868	<epsilon>	<space>
1041	871	<space>	<space>
1041	872	*	<space>
1041	869	.	<epsilon>
1041	873	E	<space>
1041	873	e	<space>
1041	872	x	<space>
1041	874	<194>	<space>
1041	875	<195>	<space>
1042	1023	<epsilon>	"
1042	961	,	<epsilon>
1043	1057	<epsilon>	"
1043	962	,	<epsilon>
1044	1058	<epsilon>	<space>
1045	1059	<epsilon>	a
1046	1060	<epsilon>	a
1047	1061	<space>	:
1047	1062	*	:
1047	1062	x	:
1047	1063	<194>	:
1047	1064	<195>	:
1048	1062	<space>	:
1048	1065	1	:
1049	1062	<183>	:
1050	1062	<151>	:
1051	1066	0	:
1052	1066	<space>	:
1052	1067	^	:
1053	1068	<epsilon>	:
1053	1067	<space>	:
1054	1068	<epsilon>	:
1055	952	<space>	<epsilon>
1056	1069	0	0
1056	1069	1	1
1056	1069	2	2
1056	1069	3	3
1056	1069	4	4
1056	1069	5	5
1056	1069	6	6
1056	1069	7	7
1056	1069	8	8
1056	1069	9	9
1057	1070	<epsilon>	<space>
1058	1071	<epsilon>	"
1059	1072	<epsilon>	l
1060	1073	<epsilon>	l
1061	1074	<space>	<space>
1061	1075	*	<space>
1061	1075	x	<space>
1061	1076	<194>	<space>
1061	1077	<195>	<space>
1062	1075	<space>	<space>
1062	1078	1	<space>
1063	1075	<183>	<space>
1064	1075	<151>	<space>
1065	1079	0	<space>
1066	1079	<space>	<space>
1066	1080	^	<space>
1067	1081	<epsilon>	<space>
1067	1080	<space>	<space>
1068	1081	<epsilon>	<space>
1069	1023	<epsilon>	"
1069	981	<space>	<epsilon>
1070	868	<epsilon>	<space>
1070	871	<space>	<space>
1070	872	*	<space>
1070	873	E	<space>
1070	873	e	<space>
1070	872	x	<space>
1070	874	<194>	<space>
1070	875	<195>	<space>
1071	1082	s	s
1072	1083	<epsilon>	_
1073	1084	<epsilon>	_
1074	1074	<space>	<epsilon>
1074	1075	*	<epsilon>
1074	1075	x	<epsilon>
1074	1076	<194>	<epsilon>
1074	1077	<195>	<epsilon>
1075	1075	<space>	<epsilon>
1075	1078	1	<epsilon>
1076	1075	<183>	<epsilon>
1077	1075	<151>	<epsilon>
1078	1079	0	<epsilon>
1079	1079	<space>	<epsilon>
1079	1080	^	<epsilon>
1080	1085	<epsilon>	"
1080	1080	<space>	<epsilon>
1081	1085	<epsilon>	"
1082	1086	<epsilon>	e
1083	1087	<epsilon>	p
1084	1088	<epsilon>	p
1085	1091	-	-
1085	1089	0	0
1085	1090	1	1
1085	1090	2	2
1085	1090	3	3
1085	1090	4	4
1085	1090	5	5
1085	1090	6	6
1085	1090	7	7
1085	1090	8	8
1085	1090	9	9
1086	1092	<epsilon>	c
1087	1093	<epsilon>	a
1088	1094	<epsilon>	a
1089	1095	<epsilon>	"
1090	1095	<epsilon>	"
1090	1098	<space>	<epsilon>
1090	1099	,	<epsilon>
1090	1100	.	<epsilon>
1090	1096	0	0
1090	1097	1	1
1090	1097	2	2
1090	1097	3	3
1090	1097	4	4
1090	1097	5	5
1090	1097	6	6
1090	1097	7	7
1090	1097	8	8
1090	1097	9	9
1091	1089	0	0
1091	1090	1	1
1091	1090	2	2
1091	1090	3	3
1091	1090	4	4
1091	1090	5	5
1091	1090	6	6
1091	1090	7	7
1091	1090	8	8
1091	1090	9	9
1092	1101	<epsilon>	o
1093	1102	<epsilon>	r
1094	1103	<epsilon>	r
1095	868	<epsilon>	<space>
1096	1095	<epsilon>	"
1096	1098	<space>	<epsilon>
1096	1099	,	<epsilon>
1096	1100	.	<epsilon>
1096	1104	0	0
1096	1105	1	1
1096	1105	2	2
1096	1105	3	3
1096	1105	4	4
1096	1105	5	5
1096	1105	6	6
1096	1105	7	7
1096	1105	8	8
1096	1105	9	9
1097	1095	<epsilon>	"
1097	1098	<space>	<epsilon>
1097	1099	,	<epsilon>
1097	1100	.	<epsilon>
1097	1104	0	0
1097	1106	1	1
1097	1106	2	2
1097	1106	3	3
1097	1106	4	4
1097	1106	5	5
1097	1106	6	6
1097	1106	7	7
1097	1106	8	8
1097	1106	9	9
1098	1108	,	<epsilon>
1098	1109	.	<epsilon>
1098	1107	0	0
1098	1107	1	1
1098	1107	2	2
1098	1107	3	3
1098	1107	4	4
1098	1107	5	5
1098	1107	6	6
1098	1107	7	7
1098	1107	8	8
1098	1107	9	9
1099	1111	<space>	<epsilon>
1099	1110	0	0
1099	1110	1	1
1099	1110	2	2
1099	1110	3	3
1099	1110	4	4
1099	1110	5	5
1099	1110	6	6
1099	1110	7	7
1099	1110	8	8
1099	1110	9	9
1100	1113	<space>	<epsilon>
1100	1112	0	0
1100	1112	1	1
1100	1112	2	2
1100	1112	3	3
1100	1112	4	4
1100	1112	5	5
1100	1112	6	6
1100	1112	7	7
1100	1112	8	8
1100	1112	9	9
1101	1114	<epsilon>	n
1102	1115	<epsilon>	t
1103	1116	<epsilon>	t
1104	1095	<epsilon>	"
1104	1098	<space>	<epsilon>
1104	1099	,	<epsilon>
1104	1100	.	<epsilon>
1104	1117	0	0
1104	1118	1	1
1104	1118	2	2
1104	1118	3	3
1104	1118	4	4
1104	1118	5	5
1104	1118	6	6
1104	1118	7	7
1104	1118	8	8
1104	1118	9	9
1105	1095	<epsilon>	"
1105	1098	<space>	<epsilon>
1105	1099	,	<epsilon>
1105	1119	.	<epsilon>
1105	1118	0	0
1105	1118	1	1
1105	1118	2	2
1105	1118	3	3
1105	1118	4	4
1105	1118	5	5
1105	1118	6	6
1105	1118	7	7
1105	1118	8	8
1105	1118	9	9
1106	1095	<epsilon>	"
1106	1098	<space>	<epsilon>
1106	1099	,	<epsilon>
1106	1100	.	<epsilon>
1106	1117	0	0
1106	1117	1	1
1106	1117	2	2
1106	1117	3	3
1106	1117	4	4
1106	1117	5	5
1106	1117	6	6
1106	1117	7	7
1106	1117	8	8
1106	1117	9	9
1107	1120	0	0
1107	1120	1	1
1107	1120	2	2
1107	1120	3	3
1107	1120	4	4
1107	1120	5	5
1107	1120	6	6
1107	1120	7	7
1107	1120	8	8
1107	1120	9	9
1108	1122	<space>	<epsilon>
1108	1121	0	0
1108	1121	1	1
1108	1121	2	2
1108	1121	3	3
1108	1121	4	4
1108	1121	5	5
1108	1121	6	6
1108	1121	7	7
1108	1121	8	8
1108	1121	9	9
1109	1124	<space>	<epsilon>
1109	1123	0	0
1109	1123	1	1
1109	1123	2	2
1109	1123	3	3
1109	1123	4	4
1109	1123	5	5
1109	1123	6	6
1109	1123	7	7
1109	1123	8	8
1109	1123	9	9
1110	1125	0	0
1110	1125	1	1
1110	1125	2	2
1110	1125	3	3
1110	1125	4	4
1110	1125	5	5
1110	1125	6	6
1110	1125	7	7
1110	1125	8	8
1110	1125	9	9
1111	1126	0	0
1111	1126	1	1
1111	1126	2	2
1111	1126	3	3
1111	1126	4	4
1111	1126	5	5
1111	1126	6	6
1111	1126	7	7
1111	1126	8	8
1111	1126	9	9
1112	1127	0	0
1112	1127	1	1
1112	1127	2	2
1112	1127	3	3
1112	1127	4	4
1112	1127	5	5
1112	1127	6	6
1112	1127	7	7
1112	1127	8	8
1112	1127	9	9
1113	1128	0	0
1114	1129	<epsilon>	d
1115	1130	<epsilon>	:
1116	1131	<epsilon>	:
1117	1095	<epsilon>	"
1117	1133	<space>	<epsilon>
1117	1100	.	<epsilon>
1117	1132	0	0
1117	1132	1	1
1117	1132	2	2
1117	1132	3	3
1117	1132	4	4
1117	1132	5	5
1117	1132	6	6
1117	1132	7	7
1117	1132	8	8
1117	1132	9	9
1118	1095	<epsilon>	"
1118	1133	<space>	<epsilon>
1118	1119	.	<epsilon>
1118	1132	0	0
1118	1132	1	1
1118	1132	2	2
1118	1132	3	3
1118	1132	4	4
1118	1132	5	5
1118	1132	6	6
1118	1132	7	7
1118	1132	8	8
1118	1132	9	9
1119	1112	0	0
1119	1112	1	1
1119	1112	2	2
1119	1112	3	3
1119	1112	4	4
1119	1112	5	5
1119	1112	6	6
1119	1112	7	7
1119	1112	8	8
1119	1112	9	9
1120	1134	0	0
1120	1134	1	1
1120	1134	2	2
1120	1134	3	3
1120	1134	4	4
1120	1134	5	5
1120	1134	6	6
1120	1134	7	7
1120	1134	8	8
1120	1134	9	9
1121	1135	0	0
1121	1135	1	1
1121	1135	2	2
1121	1135	3	3
1121	1135	4	4
1121	1135	5	5
1121	1135	6	6
1121	1135	7	7
1121	1135	8	8
1121	1135	9	9
1122	1136	0	0
1122	1136	1	1
1122	1136	2	2
1122	1136	3	3
1122	1136	4	4
1122	1136	5	5
1122	1136	6	6
1122	1136	7	7
1122	1136	8	8
1122	1136	9	9
1123	1137	0	0
1123	1137	1	1
1123	1137	2	2
1123	1137	3	3
1123	1137	4	4
1123	1137	5	5
1123	1137	6	6
1123	1137	7	7
1123	1137	8	8
1123	1137	9	9
1124	1138	0	0
1124	1138	1	1
1124	1138	2	2
1124	1138	3	3
1124	1138	4	4
1124	1138	5	5
1124	1138	6	6
1124	1138	7	7
1124	1138	8	8
1124	1138	9	9
1125	1139	0	0
1125	1139	1	1
1125	1139	2	2
1125	1139	3	3
1125	1139	4	4
1125	1139	5	5
1125	1139	6	6
1125	1139	7	7
1125	1139	8	8
1125	1139	9	9
1126	1140	0	0
1126	1140	1	1
1126	1140	2	2
1126	1140	3	3
1126	1140	4	4
1126	1140	5	5
1126	1140	6	6
1126	1140	7	7
1126	1140	8	8
1126	1140	9	9
1127	1141	0	0
1127	1141	1	1
1127	1141	2	2
1127	1141	3	3
1127	1141	4	4
1127	1141	5	5
1127	1141	6	6
1127	1141	7	7
1127	1141	8	8
1127	1141	9	9
1128	1142	0	0
1129	1143	<epsilon>	"
1130	1144	<epsilon>	<space>
1131	1145	<epsilon>	<space>
1132	1095	<epsilon>	"
1132	1132	0	0
1132	1132	1	1
1132	1132	2	2
1132	1132	3	3
1132	1132	4	4
1132	1132	5	5
1132	1132	6	6
1132	1132	7	7
1132	1132	8	8
1132	1132	9	9
1133	1109	.	<epsilon>
1134	1095	<epsilon>	"
1134	1146	<space>	<epsilon>
1135	1147	0	0
1135	1147	1	1
1135	1147	2	2
1135	1147	3	3
1135	1147	4	4
1135	1147	5	5
1135	1147	6	6
1135	1147	7	7
1135	1147	8	8
1135	1147	9	9
1136	1148	0	0
1136	1148	1	1
1136	1148	2	2
1136	1148	3	3
1136	1148	4	4
1136	1148	5	5
1136	1148	6	6
1136	1148	7	7
1136	1148	8	8
1136	1148	9	9
1137	1149	0	0
1137	1149	1	1
1137	1149	2	2
1137	1149	3	3
1137	1149	4	4
1137	1149	5	5
1137	1149	6	6
1137	1149	7	7
1137	1149	8	8
1137	1149	9	9
1138	1150	0	0
1138	1150	1	1
1138	1150	2	2
1138	1150	3	3
1138	1150	4	4
1138	1150	5	5
1138	1150	6	6
1138	1150	7	7
1138	1150	8	8
1138	1150	9	9
1139	1151	,	<epsilon>
1140	1152	0	0
1140	1152	1	1
1140	1152	2	2
1140	1152	3	3
1140	1152	4	4
1140	1152	5	5
1140	1152	6	6
1140	1152	7	7
1140	1152	8	8
1140	1152	9	9
1141	1095	<epsilon>	"
1141	1119	.	<epsilon>
1142	1153	0	0
1143	1154	<epsilon>	<space>
1144	1155	<epsilon>	"
1145	1156	<epsilon>	"
1146	1107	0	0
1146	1107	1	1
1146	1107	2	2
1146	1107	3	3
1146	1107	4	4
1146	1107	5	5
1146	1107	6	6
1146	1107	7	7
1146	1107	8	8
1146	1107	9	9
1147	1157	<space>	<epsilon>
1148	1158	0	0
1148	1158	1	1
1148	1158	2	2
1148	1158	3	3
1148	1158	4	4
1148	1158	5	5
1148	1158	6	6
1148	1158	7	7
1148	1158	8	8
1148	1158	9	9
1149	1095	<epsilon>	"
1149	1159	<space>	<epsilon>
1150	1160	0	0
1150	1160	1	1
1150	1160	2	2
1150	1160	3	3
1150	1160	4	4
1150	1160	5	5
1150	1160	6	6
1150	1160	7	7
1150	1160	8	8
1150	1160	9	9
1151	1161	0	0
1151	1161	1	1
1151	1161	2	2
1151	1161	3	3
1151	1161	4	4
1151	1161	5	5
1151	1161	6	6
1151	1161	7	7
1151	1161	8	8
1151	1161	9	9
1152	1162	,	<epsilon>
1153	1095	<epsilon>	"
1153	1163	.	<epsilon>
1154	1164	<epsilon>	}
1155	1165	0	0
1155	1165	1	1
1155	1165	2	2
1155	1165	3	3
1155	1165	4	4
1155	1165	5	5
1155	1165	6	6
1155	1165	7	7
1155	1165	8	8
1155	1165	9	9
1156	1166	0	0
1156	1166	1	1
1156	1166	2	2
1156	1166	3	3
1156	1166	4	4
1156	1166	5	5
1156	1166	6	6
1156	1166	7	7
1156	1166	8	8
1156	1166	9	9
1157	1167	,	<epsilon>
1158	1168	<space>	<epsilon>
1159	1169	.	<epsilon>
1160	1095	<epsilon>	"
1160	1170	<space>	<epsilon>
1161	1171	0	0
1161	1171	1	1
1161	1171	2	2
1161	1171	3	3
1161	1171	4	4
1161	1171	5	5
1161	1171	6	6
1161	1171	7	7
1161	1171	8	8
1161	1171	9	9
1162	1172	<space>	<epsilon>
1163	1113	<space>	<epsilon>
1164
1165	1070	<epsilon>	"
1165	1165	0	0
1165	1165	1	1
1165	1165	2	2
1165	1165	3	3
1165	1165	4	4
1165	1165	5	5
1165	1165	6	6
1165	1165	7	7
1165	1165	8	8
1165	1165	9	9
1166	1070	<epsilon>	"
1166	1173	0	0
1166	1173	1	1
1166	1173	2	2
1166	1173	3	3
1166	1173	4	4
1166	1173	5	5
1166	1173	6	6
1166	1173	7	7
1166	1173	8	8
1166	1173	9	9
1167	1174	0	0
1167	1174	1	1
1167	1174	2	2
1167	1174	3	3
1167	1174	4	4
1167	1174	5	5
1167	1174	6	6
1167	1174	7	7
1167	1174	8	8
1167	1174	9	9
1168	1175	,	<epsilon>
1169	1123	0	0
1169	1123	1	1
1169	1123	2	2
1169	1123	3	3
1169	1123	4	4
1169	1123	5	5
1169	1123	6	6
1169	1123	7	7
1169	1123	8	8
1169	1123	9	9
1170	1176	.	<epsilon>
1171	1177	0	0
1171	1177	1	1
1171	1177	2	2
1171	1177	3	3
1171	1177	4	4
1171	1177	5	5
1171	1177	6	6
1171	1177	7	7
1171	1177	8	8
1171	1177	9	9
1172	1178	0	0
1172	1178	1	1
1172	1178	2	2
1172	1178	3	3
1172	1178	4	4
1172	1178	5	5
1172	1178	6	6
1172	1178	7	7
1172	1178	8	8
1172	1178	9	9
1173	1070	<epsilon>	"
1173	1155	0	0
1173	1155	1	1
1173	1155	2	2
1173	1155	3	3
1173	1155	4	4
1173	1155	5	5
1173	1155	6	6
1173	1155	7	7
1173	1155	8	8
1173	1155	9	9
1174	1179	0	0
1174	1179	1	1
1174	1179	2	2
1174	1179	3	3
1174	1179	4	4
1174	1179	5	5
1174	1179	6	6
1174	1179	7	7
1174	1179	8	8
1174	1179	9	9
1175	1180	<space>	<epsilon>
1176	1124	<space>	<epsilon>
1177	1095	<epsilon>	"
1177	1151	,	<epsilon>
1178	1181	0	0
1178	1181	1	1
1178	1181	2	2
1178	1181	3	3
1178	1181	4	4
1178	1181	5	5
1178	1181	6	6
1178	1181	7	7
1178	1181	8	8
1178	1181	9	9
1179	1182	0	0
1179	1182	1	1
1179	1182	2	2
1179	1182	3	3
1179	1182	4	4
1179	1182	5	5
1179	1182	6	6
1179	1182	7	7
1179	1182	8	8
1179	1182	9	9
1180	1183	0	0
1180	1183	1	1
1180	1183	2	2
1180	1183	3	3
1180	1183	4	4
1180	1183	5	5
1180	1183	6	6
1180	1183	7	7
1180	1183	8	8
1180	1183	9	9
1181	1184	0	0
1181	1184	1	1
1181	1184	2	2
1181	1184	3	3
1181	1184	4	4
1181	1184	5	5
1181	1184	6	6
1181	1184	7	7
1181	1184	8	8
1181	1184	9	9
1182	1095	<epsilon>	"
1182	1157	<space>	<epsilon>
1183	1185	0	0
1183	1185	1	1
1183	1185	2	2
1183	1185	3	3
1183	1185	4	4
1183	1185	5	5
1183	1185	6	6
1183	1185	7	7
1183	1185	8	8
1183	1185	9	9
1184	1095	<epsilon>	"
1184	1162	,	<epsilon>
1185	1186	0	0
1185	1186	1	1
1185	1186	2	2
1185	1186	3	3
1185	1186	4	4
1185	1186	5	5
1185	1186	6	6
1185	1186	7	7
1185	1186	8	8
1185	1186	9	9
1186	1095	<epsilon>	"
1186	1168	<space>	<epsilon>
