0	1	<epsilon>	c
1	2	<epsilon>	a
2	3	<epsilon>	r
3	4	<epsilon>	d
4	5	<epsilon>	i
5	6	<epsilon>	n
6	7	<epsilon>	a
7	8	<epsilon>	l
8	9	<epsilon>	<space>
9	10	<epsilon>	{
10	11	<epsilon>	<space>
11	12	<epsilon>	i
12	13	<epsilon>	n
13	14	<epsilon>	t
14	15	<epsilon>	e
15	16	<epsilon>	g
16	17	<epsilon>	e
17	18	<epsilon>	r
18	19	<epsilon>	:
19	20	<epsilon>	<space>
20	21	<epsilon>	"
21	24	-	-
21	22	0	0
21	23	1	1
21	23	2	2
21	23	3	3
21	23	4	4
21	23	5	5
21	23	6	6
21	23	7	7
21	23	8	8
21	23	9	9
22	25	<epsilon>	"
23	25	<epsilon>	"
23	28	<space>	<epsilon>
23	29	,	<epsilon>
23	26	0	0
23	27	1	1
23	27	2	2
23	27	3	3
23	27	4	4
23	27	5	5
23	27	6	6
23	27	7	7
23	27	8	8
23	27	9	9
24	22	0	0
24	23	1	1
24	23	2	2
24	23	3	3
24	23	4	4
24	23	5	5
24	23	6	6
24	23	7	7
24	23	8	8
24	23	9	9
25	30	<epsilon>	<space>
26	25	<epsilon>	"
26	28	<space>	<epsilon>
26	29	,	<epsilon>
26	31	0	0
26	32	1	1
26	32	2	2
26	32	3	3
26	32	4	4
26	32	5	5
26	32	6	6
26	32	7	7
26	32	8	8
26	32	9	9
27	25	<epsilon>	"
27	28	<space>	<epsilon>
27	29	,	<epsilon>
27	31	0	0
27	33	1	1
27	33	2	2
27	33	3	3
27	33	4	4
27	33	5	5
27	33	6	6
27	33	7	7
27	33	8	8
27	33	9	9
28	35	,	<epsilon>
28	34	0	0
28	34	1	1
28	34	2	2
28	34	3	3
28	34	4	4
28	34	5	5
28	34	6	6
28	34	7	7
28	34	8	8
28	34	9	9
29	37	<space>	<epsilon>
29	36	0	0
29	36	1	1
29	36	2	2
29	36	3	3
29	36	4	4
29	36	5	5
29	36	6	6
29	36	7	7
29	36	8	8
29	36	9	9
30	38	<epsilon>	}
31	25	<epsilon>	"
31	28	<space>	<epsilon>
31	29	,	<epsilon>
31	39	0	0
31	40	1	1
31	40	2	2
31	40	3	3
31	40	4	4
31	40	5	5
31	40	6	6
31	40	7	7
31	40	8	8
31	40	9	9
32	25	<epsilon>	"
32	28	<space>	<epsilon>
32	41	,	<epsilon>
32	40	0	0
32	40	1	1
32	40	2	2
32	40	3	3
32	40	4	4
32	40	5	5
32	40	6	6
32	40	7	7
32	40	8	8
32	40	9	9
33	25	<epsilon>	"
33	28	<space>	<epsilon>
33	29	,	<epsilon>
33	39	0	0
33	39	1	1
33	39	2	2
33	39	3	3
33	39	4	4
33	39	5	5
33	39	6	6
33	39	7	7
33	39	8	8
33	39	9	9
34	42	0	0
34	42	1	1
34	42	2	2
34	42	3	3
34	42	4	4
34	42	5	5
34	42	6	6
34	42	7	7
34	42	8	8
34	42	9	9
35	44	<space>	<epsilon>
35	43	0	0
35	43	1	1
35	43	2	2
35	43	3	3
35	43	4	4
35	43	5	5
35	43	6	6
35	43	7	7
35	43	8	8
35	43	9	9
36	45	0	0
36	45	1	1
36	45	2	2
36	45	3	3
36	45	4	4
36	45	5	5
36	45	6	6
36	45	7	7
36	45	8	8
36	45	9	9
37	46	0	0
38	47	<epsilon>	<space>
39	25	<epsilon>	"
39	49	<space>	<epsilon>
39	29	,	<epsilon>
39	48	0	0
39	48	1	1
39	48	2	2
39	48	3	3
39	48	4	4
39	48	5	5
39	48	6	6
39	48	7	7
39	48	8	8
39	48	9	9
40	25	<epsilon>	"
40	49	<space>	<epsilon>
40	41	,	<epsilon>
40	48	0	0
40	48	1	1
40	48	2	2
40	48	3	3
40	48	4	4
40	48	5	5
40	48	6	6
40	48	7	7
40	48	8	8
40	48	9	9
41	36	0	0
41	36	1	1
41	36	2	2
41	36	3	3
41	36	4	4
41	36	5	5
41	36	6	6
41	36	7	7
41	36	8	8
41	36	9	9
42	50	0	0
42	50	1	1
42	50	2	2
42	50	3	3
42	50	4	4
42	50	5	5
42	50	6	6
42	50	7	7
42	50	8	8
42	50	9	9
43	51	0	0
43	51	1	1
43	51	2	2
43	51	3	3
43	51	4	4
43	51	5	5
43	51	6	6
43	51	7	7
43	51	8	8
43	51	9	9
44	52	0	0
44	52	1	1
44	52	2	2
44	52	3	3
44	52	4	4
44	52	5	5
44	52	6	6
44	52	7	7
44	52	8	8
44	52	9	9
45	53	0	0
45	53	1	1
45	53	2	2
45	53	3	3
45	53	4	4
45	53	5	5
45	53	6	6
45	53	7	7
45	53	8	8
45	53	9	9
46	54	0	0
47	55	<epsilon>	}
48	25	<epsilon>	"
48	48	0	0
48	48	1	1
48	48	2	2
48	48	3	3
48	48	4	4
48	48	5	5
48	48	6	6
48	48	7	7
48	48	8	8
48	48	9	9
49	35	,	<epsilon>
50	25	<epsilon>	"
50	56	<space>	<epsilon>
51	57	0	0
51	57	1	1
51	57	2	2
51	57	3	3
51	57	4	4
51	57	5	5
51	57	6	6
51	57	7	7
51	57	8	8
51	57	9	9
52	58	0	0
52	58	1	1
52	58	2	2
52	58	3	3
52	58	4	4
52	58	5	5
52	58	6	6
52	58	7	7
52	58	8	8
52	58	9	9
53	25	<epsilon>	"
53	41	,	<epsilon>
54	59	0	0
55	60	<epsilon>	<space>
56	34	0	0
56	34	1	1
56	34	2	2
56	34	3	3
56	34	4	4
56	34	5	5
56	34	6	6
56	34	7	7
56	34	8	8
56	34	9	9
57	25	<epsilon>	"
57	61	<space>	<epsilon>
58	62	0	0
58	62	1	1
58	62	2	2
58	62	3	3
58	62	4	4
58	62	5	5
58	62	6	6
58	62	7	7
58	62	8	8
58	62	9	9
59	25	<epsilon>	"
59	63	,	<epsilon>
60	64	<epsilon>	t
61	65	,	<epsilon>
62	25	<epsilon>	"
62	66	<space>	<epsilon>
63	37	<space>	<epsilon>
64	67	<epsilon>	o
65	43	0	0
65	43	1	1
65	43	2	2
65	43	3	3
65	43	4	4
65	43	5	5
65	43	6	6
65	43	7	7
65	43	8	8
65	43	9	9
66	68	,	<epsilon>
67	69	<epsilon>	k
68	44	<space>	<epsilon>
69	70	<epsilon>	e
70	71	<epsilon>	n
71	72	<epsilon>	s
72	73	<epsilon>	<space>
73	74	<epsilon>	{
74	75	<epsilon>	<space>
75	76	<epsilon>	v
76	77	<epsilon>	e
77	78	<epsilon>	r
78	79	<epsilon>	b
79	80	<epsilon>	a
80	81	<epsilon>	t
81	82	<epsilon>	i
82	83	<epsilon>	m
83	84	<epsilon>	:
84	85	<epsilon>	<space>
85	86	<epsilon>	"
86	87	.	.
87	88	0	0
87	88	1	1
87	88	2	2
87	88	3	3
87	88	4	4
87	88	5	5
87	88	6	6
87	88	7	7
87	88	8	8
87	88	9	9
88	92	<epsilon>	"
88	87	.	.
88	89	0	0
88	89	1	1
88	89	2	2
88	89	3	3
88	89	4	4
88	89	5	5
88	89	6	6
88	89	7	7
88	89	8	8
88	89	9	9
89	92	<epsilon>	"
89	87	.	.
89	90	0	0
89	90	1	1
89	90	2	2
89	90	3	3
89	90	4	4
89	90	5	5
89	90	6	6
89	90	7	7
89	90	8	8
89	90	9	9
90	91	0	0
90	91	1	1
90	91	2	2
90	91	3	3
90	91	4	4
90	91	5	5
90	91	6	6
90	91	7	7
90	91	8	8
90	91	9	9
91	92	<epsilon>	"
91	87	.	.
91	91	0	0
91	91	1	1
91	91	2	2
91	91	3	3
91	91	4	4
91	91	5	5
91	91	6	6
91	91	7	7
91	91	8	8
91	91	9	9
92
